1,1,1,1,22996600.0
1,1,1,2,11518450.0
1,1,1,4,5768415.0
1,1,1,8,3214190.0
1,1,1,16,2279090.0
1,1,1,32,2336950.0
1,1,1,64,2675240.0
1,1,2,1,14776050.0
1,1,2,2,8003735.0
1,1,2,4,5108750.0
1,1,2,8,4395000.0
1,1,2,16,4521980.0
1,1,2,32,4445765.0
1,1,4,1,9380965.0
1,1,4,2,5589510.0
1,1,4,4,4375340.0
1,1,4,8,5169955.0
1,1,4,16,6166055.0
1,1,4,32,6251755.0
1,1,8,1,7230490.0
1,1,8,2,5275510.0
1,1,8,4,5739390.0
1,1,8,8,5827045.0
1,1,8,16,5829485.0
1,1,8,32,6032780.0
1,1,16,1,7514590.0
1,1,16,2,6268280.0
1,1,16,4,6312965.0
1,1,16,8,6302845.0
1,1,16,16,6297560.0
1,1,16,32,6249500.0
1,1,32,1,7234145.0
1,1,32,2,6831045.0
1,1,32,4,6829335.0
1,1,32,8,6849745.0
1,1,32,16,6852125.0
1,1,32,32,6914210.0
1,2,1,1,12670350.0
1,2,1,2,6439530.0
1,2,1,4,3217435.0
1,2,1,8,2041075.0
1,2,1,16,2241260.0
1,2,1,32,2330850.0
1,2,1,64,2405260.0
1,2,2,1,8585170.0
1,2,2,2,5357800.0
1,2,2,4,4648200.0
1,2,2,8,4589145.0
1,2,2,16,4866575.0
1,2,2,32,4655735.0
1,2,4,1,6669830.0
1,2,4,2,4795810.0
1,2,4,4,5620935.0
1,2,4,8,7295030.0
1,2,4,16,7830605.0
1,2,4,32,7466135.0
1,2,8,1,5442720.0
1,2,8,2,5128000.0
1,2,8,4,5278040.0
1,2,8,8,5325915.0
1,2,8,16,5152935.0
1,2,8,32,5382480.0
1,2,16,1,6080820.0
1,2,16,2,5694755.0
1,2,16,4,5778560.0
1,2,16,8,5797130.0
1,2,16,16,5792100.0
1,4,1,1,8802070.0
1,4,1,2,4424510.0
1,4,1,4,2261400.0
1,4,1,8,1638835.0
1,4,1,16,1801895.0
1,4,1,32,1975840.0
1,4,1,64,2090850.0
1,4,2,1,6307605.0
1,4,2,2,5445945.0
1,4,2,4,5191345.0
1,4,2,8,5346165.0
1,4,2,16,5392905.0
1,4,4,1,5903530.0
1,4,4,2,6685105.0
1,4,4,4,6569995.0
1,4,4,8,8250795.0
1,4,4,16,7014090.0
1,4,8,1,5048120.0
1,4,8,2,4739475.0
1,4,8,4,4829245.0
1,4,8,8,4849650.0
1,4,8,16,4861250.0
1,8,1,1,6123965.0
1,8,1,2,3368510.0
1,8,1,4,1806155.0
1,8,1,8,1877705.0
1,8,1,16,1900870.0
1,8,1,32,1963230.0
1,8,2,1,6697355.0
1,8,2,2,7045855.0
1,8,2,4,6605770.0
1,8,2,8,6654625.0
1,8,4,1,9698750.0
1,8,4,2,9528720.0
1,8,4,4,9197945.0
1,8,4,8,9030950.0
1,8,4,16,9234655.0
1,16,1,1,5286505.0
1,16,1,2,2987025.0
1,16,1,4,2241670.0
1,16,1,8,2152675.0
1,16,1,16,2138030.0
1,16,1,32,2644830.0
1,16,2,1,7647855.0
1,16,2,2,7651540.0
1,16,2,4,7635225.0
1,32,1,1,5284355.0
1,32,1,2,3124135.0
1,32,1,4,2543910.0
1,32,1,8,2549790.0
1,32,1,16,3052750.0
1,32,1,32,4224425.0
2,1,1,1,21197400.0
2,1,1,2,10638950.0
2,1,1,4,5336555.0
2,1,1,8,2898615.0
2,1,1,16,1944560.0
2,1,1,32,1878335.0
2,1,1,64,2086080.0
2,1,2,1,13492400.0
2,1,2,2,7247415.0
2,1,2,4,4727010.0
2,1,2,8,4216440.0
2,1,2,16,4381915.0
2,1,2,32,4382880.0
2,1,4,1,8332940.0
2,1,4,2,5609565.0
2,1,4,4,4322425.0
2,1,4,8,4464500.0
2,1,4,16,4724295.0
2,1,4,32,4763465.0
2,1,8,1,6591185.0
2,1,8,2,4739010.0
2,1,8,4,5015145.0
2,1,8,8,5606365.0
2,1,8,16,5806975.0
2,1,8,32,5581450.0
2,1,16,1,6488860.0
2,1,16,2,5344780.0
2,1,16,4,5257795.0
2,1,16,8,5226000.0
2,1,16,16,5389380.0
2,1,32,1,6968415.0
2,1,32,2,6599240.0
2,1,32,4,6549525.0
2,1,32,8,6567445.0
2,1,32,16,6571585.0
2,2,1,1,11705600.0
2,2,1,2,5903775.0
2,2,1,4,2966385.0
2,2,1,8,1911895.0
2,2,1,16,2015965.0
2,2,1,32,2047910.0
2,2,1,64,2184105.0
2,2,2,1,7726465.0
2,2,2,2,4794790.0
2,2,2,4,4678460.0
2,2,2,8,4630260.0
2,2,2,16,4778515.0
2,2,4,1,6098680.0
2,2,4,2,4558590.0
2,2,4,4,4502210.0
2,2,4,8,5191050.0
2,2,4,16,5155795.0
2,2,8,1,5319695.0
2,2,8,2,4878930.0
2,2,8,4,4990310.0
2,2,8,8,4942160.0
2,2,8,16,5165270.0
2,2,16,1,5882230.0
2,2,16,2,5427570.0
2,2,16,4,5457700.0
2,2,16,8,5453415.0
2,2,16,16,5465280.0
2,4,1,1,7818400.0
2,4,1,2,3994080.0
2,4,1,4,2044650.0
2,4,1,8,1640300.0
2,4,1,16,1663010.0
2,4,1,32,1808770.0
2,4,1,64,2365100.0
2,4,2,1,5692740.0
2,4,2,2,5224375.0
2,4,2,4,5697590.0
2,4,2,8,5562565.0
2,4,4,1,5277445.0
2,4,4,2,4914205.0
2,4,4,4,5002385.0
2,4,4,8,5371690.0
2,4,4,16,5592785.0
2,4,8,1,5322910.0
2,4,8,2,5201690.0
2,4,8,4,5167820.0
2,4,8,8,5173415.0
2,8,1,1,6007840.0
2,8,1,2,3339670.0
2,8,1,4,1842545.0
2,8,1,8,1684090.0
2,8,1,16,1708095.0
2,8,1,32,2166455.0
2,8,2,1,6707605.0
2,8,2,2,7307085.0
2,8,2,4,6666065.0
2,8,4,1,6948380.0
2,8,4,2,6921110.0
2,8,4,4,7040455.0
2,8,4,8,7084175.0
2,16,1,1,5446660.0
2,16,1,2,3235380.0
2,16,1,4,2002180.0
2,16,1,8,1865820.0
2,16,1,16,2284935.0
2,16,1,32,3143570.0
2,16,2,1,7897595.0
2,16,2,2,7853470.0
2,32,1,1,7348640.0
2,32,1,2,3359090.0
2,32,1,4,2289505.0
2,32,1,8,2615795.0
2,32,1,16,3449290.0
2,32,1,32,3483560.0
4,1,1,1,20133350.0
4,1,1,2,10084550.0
4,1,1,4,5068980.0
4,1,1,8,2715255.0
4,1,1,16,1751570.0
4,1,1,32,1705950.0
4,1,1,64,1877875.0
4,1,2,1,12320150.0
4,1,2,2,6582655.0
4,1,2,4,4390000.0
4,1,2,8,3951105.0
4,1,2,16,4052845.0
4,1,4,1,7633230.0
4,1,4,2,5364795.0
4,1,4,4,3927415.0
4,1,4,8,3639460.0
4,1,4,16,3686020.0
4,1,8,1,5953840.0
4,1,8,2,4312170.0
4,1,8,4,4175020.0
4,1,8,8,4247020.0
4,1,8,16,4455345.0
4,1,16,1,5144360.0
4,1,16,2,4631980.0
4,1,16,4,4578180.0
4,1,16,8,4698740.0
4,1,16,16,4721660.0
4,1,32,1,6042010.0
4,1,32,2,5810240.0
4,1,32,4,5806240.0
4,1,32,8,5822910.0
4,2,1,1,10906700.0
4,2,1,2,5514355.0
4,2,1,4,2801600.0
4,2,1,8,1811665.0
4,2,1,16,1850125.0
4,2,1,32,1927335.0
4,2,1,64,2557785.0
4,2,2,1,7092575.0
4,2,2,2,4511695.0
4,2,2,4,4471495.0
4,2,2,8,4402265.0
4,2,4,1,6427285.0
4,2,4,2,4273975.0
4,2,4,4,3984735.0
4,2,4,8,3809960.0
4,2,4,16,4111730.0
4,2,8,1,5335360.0
4,2,8,2,4279650.0
4,2,8,4,4380250.0
4,2,8,8,4645600.0
4,2,8,16,4716865.0
4,2,16,1,5454740.0
4,2,16,2,4578835.0
4,2,16,4,4717685.0
4,2,16,8,4689725.0
4,2,16,16,4687020.0
4,4,1,1,7266785.0
4,4,1,2,3735460.0
4,4,1,4,1996810.0
4,4,1,8,1492630.0
4,4,1,16,1618745.0
4,4,1,32,1971270.0
4,4,2,1,5444890.0
4,4,2,2,5073200.0
4,4,2,4,5581520.0
4,4,4,1,5349610.0
4,4,4,2,4150065.0
4,4,4,4,4228165.0
4,4,4,8,5430255.0
4,4,8,1,5432605.0
4,4,8,2,4433255.0
4,4,8,4,4476360.0
4,4,8,8,4470980.0
4,8,1,1,6093120.0
4,8,1,2,3191045.0
4,8,1,4,1915105.0
4,8,1,8,1663285.0
4,8,1,16,2034720.0
4,8,1,32,2738500.0
4,8,2,1,6528600.0
4,8,2,2,7357660.0
4,8,4,1,5996475.0
4,8,4,2,5493810.0
4,8,4,4,5596580.0
4,16,1,1,7803785.0
4,16,1,2,3417250.0
4,16,1,4,2078425.0
4,16,1,8,2130875.0
4,16,1,16,2869690.0
4,16,1,32,2942630.0
4,16,2,1,7892560.0
4,32,1,1,5743290.0
4,32,1,2,3531865.0
4,32,1,4,2718530.0
4,32,1,8,3219300.0
4,32,1,16,3145715.0
8,1,1,1,19628200.0
8,1,1,2,9856220.0
8,1,1,4,4978675.0
8,1,1,8,2650595.0
8,1,1,16,1706820.0
8,1,1,32,1581835.0
8,1,1,64,2150395.0
8,1,2,1,11674400.0
8,1,2,2,6468635.0
8,1,2,4,4259880.0
8,1,2,8,3816745.0
8,1,4,1,6967195.0
8,1,4,2,4758860.0
8,1,4,4,3445360.0
8,1,4,8,3185450.0
8,1,4,16,3375370.0
8,1,8,1,5970670.0
8,1,8,2,3989880.0
8,1,8,4,2940155.0
8,1,8,8,2935915.0
8,1,8,16,3055300.0
8,1,8,32,3083350.0
8,1,16,1,5622630.0
8,1,16,2,4028410.0
8,1,16,4,4068530.0
8,1,16,8,4079270.0
8,1,32,1,5494475.0
8,1,32,2,4818865.0
8,1,32,4,4847665.0
8,1,32,8,4841730.0
8,2,1,1,10557300.0
8,2,1,2,5339640.0
8,2,1,4,2723575.0
8,2,1,8,1723345.0
8,2,1,16,1823730.0
8,2,1,32,2208700.0
8,2,1,64,3351315.0
8,2,2,1,6797715.0
8,2,2,2,4375725.0
8,2,2,4,4405350.0
8,2,4,1,5483825.0
8,2,4,2,3956070.0
8,2,4,4,3568570.0
8,2,4,8,3809550.0
8,2,8,1,5398440.0
8,2,8,2,3239940.0
8,2,8,4,2620300.0
8,2,8,8,2781125.0
8,2,8,16,2620935.0
8,2,16,1,5872860.0
8,2,16,2,4479130.0
8,2,16,4,4576165.0
8,2,16,8,4541310.0
8,4,1,1,7109645.0
8,4,1,2,3701790.0
8,4,1,4,2066485.0
8,4,1,8,1579835.0
8,4,1,16,1897000.0
8,4,1,32,2639150.0
8,4,2,1,5914835.0
8,4,2,2,5067765.0
8,4,4,1,5734390.0
8,4,4,2,4163195.0
8,4,4,4,4199270.0
8,4,8,1,5547930.0
8,4,8,2,3072440.0
8,4,8,4,2645515.0
8,4,8,8,2665245.0
8,4,8,16,3230705.0
8,8,1,1,6805165.0
8,8,1,2,3519930.0
8,8,1,4,2186175.0
8,8,1,8,2067035.0
8,8,1,16,2806695.0
8,8,1,32,2757025.0
8,8,2,1,7500075.0
8,8,4,1,5942395.0
8,8,4,2,5108360.0
8,16,1,1,6465610.0
8,16,1,2,3678490.0
8,16,1,4,2539095.0
8,16,1,8,2960575.0
8,16,1,16,2842525.0
8,32,1,1,6163060.0
8,32,1,2,4155205.0
8,32,1,4,3758245.0
8,32,1,8,3315930.0
8,32,1,16,5519775.0
16,1,1,1,19406450.0
16,1,1,2,9778435.0
16,1,1,4,4964640.0
16,1,1,8,2659680.0
16,1,1,16,1733300.0
16,1,1,32,1959790.0
16,1,1,64,3121045.0
16,1,2,1,11389700.0
16,1,2,2,6287565.0
16,1,2,4,4207480.0
16,1,4,1,6860215.0
16,1,4,2,4845470.0
16,1,4,4,3511275.0
16,1,4,8,3209755.0
16,1,8,1,5900385.0
16,1,8,2,3921325.0
16,1,8,4,2685315.0
16,1,8,8,2537690.0
16,1,8,16,2700250.0
16,1,16,1,5362800.0
16,1,16,2,2878255.0
16,1,16,4,2437160.0
16,1,16,8,2594025.0
16,1,16,16,2563025.0
16,1,32,1,6562610.0
16,1,32,2,3568560.0
16,1,32,4,3489285.0
16,1,32,8,3493615.0
16,2,1,1,10431250.0
16,2,1,2,5342295.0
16,2,1,4,2802610.0
16,2,1,8,1822975.0
16,2,1,16,2200850.0
16,2,1,32,3038710.0
16,2,2,1,7510835.0
16,2,2,2,4770430.0
16,2,4,1,5876715.0
16,2,4,2,3913405.0
16,2,4,4,3360190.0
16,2,8,1,6964550.0
16,2,8,2,3228910.0
16,2,8,4,2521710.0
16,2,8,8,2513950.0
16,2,8,16,2994170.0
16,2,16,1,5462755.0
16,2,16,2,3128820.0
16,2,16,4,2458695.0
16,2,16,8,2431575.0
16,4,1,1,7062290.0
16,4,1,2,3862895.0
16,4,1,4,2277190.0
16,4,1,8,2066540.0
16,4,1,16,2651090.0
16,4,1,32,2691310.0
16,4,2,1,6871855.0
16,4,4,1,5811840.0
16,4,4,2,4067415.0
16,4,8,1,6739530.0
16,4,8,2,3427250.0
16,4,8,4,2566580.0
16,4,8,8,3029505.0
16,8,1,1,6285650.0
16,8,1,2,4225390.0
16,8,1,4,2755885.0
16,8,1,8,2923785.0
16,8,1,16,2912145.0
16,8,1,32,5106820.0
16,8,4,1,7057420.0
16,16,1,1,6596220.0
16,16,1,2,4352855.0
16,16,1,4,3680190.0
16,16,1,8,3260185.0
16,16,1,16,5245400.0
16,32,1,1,6993810.0
16,32,1,2,5324270.0
16,32,1,4,4336070.0
16,32,1,8,5964605.0
32,1,1,1,19363400.0
32,1,1,2,9817615.0
32,1,1,4,5015050.0
32,1,1,8,2761180.0
32,1,1,16,2214755.0
32,1,1,32,2595560.0
32,1,2,1,11285150.0
32,1,2,2,6421050.0
32,1,4,1,6823200.0
32,1,4,2,4789300.0
32,1,4,4,3443135.0
32,1,8,1,6319290.0
32,1,8,2,3655845.0
32,1,8,4,2235155.0
32,1,8,8,2356910.0
32,1,8,16,2767640.0
32,1,16,1,6370560.0
32,1,16,2,3178350.0
32,1,16,4,2456230.0
32,1,16,8,2402495.0
32,1,32,1,5554925.0
32,1,32,2,2852375.0
32,1,32,4,2457440.0
32,1,32,8,2498590.0
32,2,1,1,10494300.0
32,2,1,2,5486620.0
32,2,1,4,2959800.0
32,2,1,8,2328130.0
32,2,1,16,3144080.0
32,2,1,32,3162060.0
32,2,2,1,6845535.0
32,2,4,1,8214405.0
32,2,4,2,4030315.0
32,2,8,1,5828180.0
32,2,8,2,3275065.0
32,2,8,4,2374470.0
32,2,8,8,2688890.0
32,2,16,1,5553220.0
32,2,16,2,3239385.0
32,2,16,4,2407515.0
32,2,16,8,2813155.0
32,4,1,1,7294970.0
32,4,1,2,4315085.0
32,4,1,4,3011305.0
32,4,1,8,2936730.0
32,4,1,16,2974875.0
32,4,1,32,5069485.0
32,4,4,1,6041180.0
32,4,8,1,6345610.0
32,4,8,2,3560975.0
32,4,8,4,2953300.0
32,4,8,8,3688240.0
32,8,1,1,6703390.0
32,8,1,2,5199615.0
32,8,1,4,3857720.0
32,8,1,8,3296785.0
32,8,1,16,5326100.0
32,16,1,1,7465005.0
32,16,1,2,5536300.0
32,16,1,4,4169490.0
32,16,1,8,5785665.0
32,32,1,1,7992640.0
32,32,1,2,5990135.0
32,32,1,4,7145360.0
32,32,1,8,11306700.0
64,1,2,1,11413200.0
64,1,4,1,6946470.0
64,1,4,2,5132710.0
64,1,8,1,6310780.0
64,1,8,2,3835510.0
64,1,8,4,2447220.0
64,1,8,8,2785110.0
64,1,16,1,8244560.0
64,1,16,2,3333260.0
64,1,16,4,2413850.0
64,1,16,8,2622260.0
64,1,32,1,6694920.0
64,1,32,2,3478320.0
64,1,32,4,2465570.0
64,2,4,1,7416510.0
64,2,8,1,5933440.0
64,2,8,2,4063750.0
64,2,8,4,3146120.0
64,2,8,8,3614280.0
64,2,16,1,5867310.0
64,2,16,2,3538910.0
64,2,16,4,3009570.0
64,2,16,8,3596960.0
64,4,8,1,6108350.0
64,4,8,2,4449250.0
64,4,8,4,4415680.0
