1,1,1,1,56.3358
1,1,1,2,112.745
1,1,1,4,225.769
1,1,1,8,408.512
1,1,1,16,581.2935
1,1,1,32,573.472
1,1,1,64,1052.255
1,1,2,1,88.76685
1,1,2,2,163.7295
1,1,2,4,259.1825
1,1,2,8,301.5525
1,1,2,16,569.5825
1,1,2,32,1167.205
1,1,4,1,141.84050000000002
1,1,4,2,237.837
1,1,4,4,304.38300000000004
1,1,4,8,251.8765
1,1,4,16,418.004
1,1,4,32,828.9465
1,1,8,1,187.3985
1,1,8,2,257.9375
1,1,8,4,227.5025
1,1,8,8,442.35
1,1,8,16,884.9355
1,1,8,32,1717.855
1,1,16,1,181.625
1,1,16,2,213.6765
1,1,16,4,412.0725
1,1,16,8,825.748
1,1,16,16,1658.3600000000001
1,1,16,32,3345.355
1,1,32,1,200.308
1,1,32,2,394.4665
1,1,32,4,790.49
1,1,32,8,1577.67
1,1,32,16,3160.71
1,1,32,32,6318.23
1,2,1,1,102.03399999999999
1,2,1,2,203.61700000000002
1,2,1,4,407.613
1,2,1,8,644.1769999999999
1,2,1,16,1163.455
1,2,1,32,2280.7799999999997
1,2,1,64,4615.79
1,2,2,1,152.6755
1,2,2,2,248.1755
1,2,2,4,288.04200000000003
1,2,2,8,289.609
1,2,2,16,530.4259999999999
1,2,2,32,1118.16
1,2,4,1,200.5625
1,2,4,2,277.501
1,2,4,4,230.46800000000002
1,2,4,8,352.83799999999997
1,2,4,16,658.7950000000001
1,2,4,32,1388.06
1,2,8,1,260.1535
1,2,8,2,259.59000000000003
1,2,8,4,491.2715
1,2,8,8,972.953
1,2,8,16,2016.055
1,2,8,32,3884.59
1,2,16,1,230.199
1,2,16,2,463.71500000000003
1,2,16,4,913.3199999999999
1,2,16,8,1825.9499999999998
1,2,16,16,3655.5299999999997
1,4,1,1,147.168
1,4,1,2,294.448
1,4,1,4,588.039
1,4,1,8,815.7685
1,4,1,16,1467.805
1,4,1,32,2749.3599999999997
1,4,1,64,5739.005
1,4,2,1,211.074
1,4,2,2,238.8605
1,4,2,4,250.777
1,4,2,8,483.119
1,4,2,16,959.7665
1,4,4,1,228.4275
1,4,4,2,194.7595
1,4,4,4,393.1065
1,4,4,8,657.1495
1,4,4,16,1486.1
1,4,8,1,286.8485
1,4,8,2,553.213
1,4,8,4,1084.1550000000002
1,4,8,8,2162.815
1,4,8,16,4329.245
1,8,1,1,212.923
1,8,1,2,426.3315
1,8,1,4,846.8315
1,8,1,8,1418.3600000000001
1,8,1,16,2843.12
1,8,1,32,5651.63
1,8,2,1,195.16699999999997
1,8,2,2,184.174
1,8,2,4,393.91
1,8,2,8,781.2370000000001
1,8,4,1,133.75
1,8,4,2,271.6345
1,8,4,4,562.7955
1,8,4,8,1147.48
1,8,4,16,2251.745
1,16,1,1,374.9375
1,16,1,2,733.079
1,16,1,4,1211.0149999999999
1,16,1,8,2530.9300000000003
1,16,1,16,5091.879999999999
1,16,1,32,8500.53
1,16,2,1,170.919
1,16,2,2,340.1975
1,16,2,4,681.216
1,32,1,1,544.788
1,32,1,2,1091.775
1,32,1,4,2183.96
1,32,1,8,4357.0
1,32,1,16,7290.875
1,32,1,32,10854.85
2,1,1,1,60.751850000000005
2,1,1,2,121.5245
2,1,1,4,243.117
2,1,1,8,449.245
2,1,1,16,686.9675
2,1,1,32,722.7305
2,1,1,64,1386.2350000000001
2,1,2,1,96.2531
2,1,2,2,179.49149999999997
2,1,2,4,282.586
2,1,2,8,313.408
2,1,2,16,590.9010000000001
2,1,2,32,1194.6399999999999
2,1,4,1,157.73000000000002
2,1,4,2,234.31799999999998
2,1,4,4,303.74649999999997
2,1,4,8,290.495
2,1,4,16,547.4145000000001
2,1,4,32,1094.865
2,1,8,1,202.7935
2,1,8,2,279.512
2,1,8,4,258.6645
2,1,8,8,459.634
2,1,8,16,889.7505
2,1,8,32,1857.96
2,1,16,1,212.459
2,1,16,2,249.243
2,1,16,4,492.8295
2,1,16,8,992.756
2,1,16,16,1928.2649999999999
2,1,32,1,201.644
2,1,32,2,399.21000000000004
2,1,32,4,806.326
2,1,32,8,1612.965
2,1,32,16,3229.69
2,2,1,1,110.544
2,2,1,2,220.5595
2,2,1,4,440.881
2,2,1,8,693.94
2,2,1,16,1314.685
2,2,1,32,2628.45
2,2,1,64,5336.389999999999
2,2,2,1,168.94150000000002
2,2,2,2,272.621
2,2,2,4,288.429
2,2,2,8,288.9185
2,2,2,16,541.6555000000001
2,2,4,1,219.497
2,2,4,2,287.9825
2,2,4,4,287.57050000000004
2,2,4,8,498.233
2,2,4,16,1010.9375
2,2,8,1,259.14700000000005
2,2,8,2,271.0325
2,2,8,4,518.75
2,2,8,8,1047.4099999999999
2,2,8,16,2016.015
2,2,16,1,237.385
2,2,16,2,481.9755
2,2,16,4,959.484
2,2,16,8,1922.45
2,2,16,16,3842.205
2,4,1,1,166.28
2,4,1,2,331.993
2,4,1,4,659.454
2,4,1,8,873.101
2,4,1,16,1639.46
2,4,1,32,3150.855
2,4,1,64,5394.35
2,4,2,1,234.93
2,4,2,2,251.11599999999999
2,4,2,4,227.5605
2,4,2,8,468.51700000000005
2,4,4,1,268.127
2,4,4,2,266.1535
2,4,4,4,518.9165
2,4,4,8,969.7585
2,4,4,16,1870.2649999999999
2,4,8,1,257.96299999999997
2,4,8,2,501.9575
2,4,8,4,1010.69
2,4,8,8,2016.665
2,8,1,1,223.761
2,8,1,2,448.1165
2,8,1,4,893.3565
2,8,1,8,1638.5300000000002
2,8,1,16,3258.92
2,8,1,32,5409.56
2,8,2,1,197.572
2,8,2,2,178.289
2,8,2,4,393.335
2,8,4,1,190.803
2,8,4,2,377.30600000000004
2,8,4,4,739.809
2,8,4,8,1474.23
2,16,1,1,427.43600000000004
2,16,1,2,854.8399999999999
2,16,1,4,1551.52
2,16,1,8,3127.88
2,16,1,16,5025.325
2,16,1,32,7688.375
2,16,2,1,167.5885
2,16,2,2,335.9785
2,32,1,1,686.6030000000001
2,32,1,2,1368.19
2,32,1,4,2741.06
2,32,1,8,4597.59
2,32,1,16,6875.68
2,32,1,32,13810.3
4,1,1,1,63.84545
4,1,1,2,127.6985
4,1,1,4,255.231
4,1,1,8,484.69100000000003
4,1,1,16,777.752
4,1,1,32,884.1859999999999
4,1,1,64,1751.01
4,1,2,1,105.019
4,1,2,2,197.3095
4,1,2,4,301.61199999999997
4,1,2,8,333.5485
4,1,2,16,644.1165
4,1,4,1,175.0865
4,1,4,2,243.74450000000002
4,1,4,4,333.5055
4,1,4,8,358.469
4,1,4,16,709.2205
4,1,8,1,230.079
4,1,8,2,310.073
4,1,8,4,311.411
4,1,8,8,610.1279999999999
4,1,8,16,1165.15
4,1,16,1,273.44100000000003
4,1,16,2,285.8665
4,1,16,4,565.8315
4,1,16,8,1104.23
4,1,16,16,2208.935
4,1,32,1,228.7795
4,1,32,2,449.20849999999996
4,1,32,4,899.875
4,1,32,8,1798.93
4,2,1,1,118.371
4,2,1,2,236.28949999999998
4,2,1,4,471.3185
4,2,1,8,775.921
4,2,1,16,1487.565
4,2,1,32,2985.4449999999997
4,2,1,64,4925.549999999999
4,2,2,1,184.711
4,2,2,2,290.75649999999996
4,2,2,4,301.526
4,2,2,8,302.036
4,2,4,1,233.9765
4,2,4,2,309.456
4,2,4,4,327.488
4,2,4,8,685.136
4,2,4,16,1282.3
4,2,8,1,284.634
4,2,8,2,308.7345
4,2,8,4,595.3810000000001
4,2,8,8,1124.6950000000002
4,2,8,16,2216.81
4,2,16,1,287.1395
4,2,16,2,573.2325000000001
4,2,16,4,1109.755
4,2,16,8,2230.235
4,2,16,16,4495.005
4,4,1,1,182.23250000000002
4,4,1,2,364.0195
4,4,1,4,726.97
4,4,1,8,960.1179999999999
4,4,1,16,1820.385
4,4,1,32,3044.01
4,4,2,1,251.39999999999998
4,4,2,2,265.534
4,4,2,4,237.2005
4,4,4,1,286.26599999999996
4,4,4,2,320.9675
4,4,4,4,624.0605
4,4,4,8,983.0165
4,4,8,1,297.61
4,4,8,2,592.629
4,4,8,4,1178.815
4,4,8,8,2361.575
4,8,1,1,235.98250000000002
4,8,1,2,472.9275
4,8,1,4,944.281
4,8,1,8,1789.0700000000002
4,8,1,16,2960.2349999999997
4,8,1,32,4502.21
4,8,2,1,208.90449999999998
4,8,2,2,179.75
4,8,4,1,244.3915
4,8,4,2,486.0145
4,8,4,4,953.874
4,16,1,1,463.4475
4,16,1,2,922.673
4,16,1,4,1822.585
4,16,1,8,2939.24
4,16,1,16,4372.255
4,16,1,32,8804.985
4,16,2,1,171.48250000000002
4,32,1,1,839.781
4,32,1,2,1685.225
4,32,1,4,2801.325
4,32,1,8,4194.42
4,32,1,16,8442.785
8,1,1,1,65.51965000000001
8,1,1,2,130.9875
8,1,1,4,261.9245
8,1,1,8,500.1935
8,1,1,16,828.985
8,1,1,32,959.297
8,1,1,64,1618.97
8,1,2,1,110.553
8,1,2,2,200.3825
8,1,2,4,316.3745
8,1,2,8,351.98900000000003
8,1,4,1,188.7715
8,1,4,2,274.755
8,1,4,4,383.924
8,1,4,8,417.351
8,1,4,16,786.784
8,1,8,1,224.3295
8,1,8,2,336.959
8,1,8,4,448.5365
8,1,8,8,902.2845
8,1,8,16,1729.905
8,1,8,32,3507.835
8,1,16,1,295.0855
8,1,16,2,333.7105
8,1,16,4,641.644
8,1,16,8,1282.54
8,1,32,1,267.31
8,1,32,2,542.7225000000001
8,1,32,4,1080.345
8,1,32,8,2159.23
8,2,1,1,122.827
8,2,1,2,246.113
8,2,1,4,492.12
8,2,1,8,824.3335
8,2,1,16,1598.72
8,2,1,32,2669.7799999999997
8,2,1,64,4065.03
8,2,2,1,193.935
8,2,2,2,302.05449999999996
8,2,2,4,309.4315
8,2,4,1,261.486
8,2,4,2,338.3535
8,2,4,4,375.90200000000004
8,2,4,8,698.7805000000001
8,2,8,1,358.65099999999995
8,2,8,2,554.038
8,2,8,4,1028.496
8,2,8,8,1936.145
8,2,8,16,4069.84
8,2,16,1,301.54449999999997
8,2,16,2,591.7574999999999
8,2,16,4,1151.94
8,2,16,8,2319.855
8,4,1,1,190.84449999999998
8,4,1,2,381.745
8,4,1,4,760.4925000000001
8,4,1,8,991.8855
8,4,1,16,1609.26
8,4,1,32,2415.2799999999997
8,4,2,1,256.722
8,4,2,2,272.0055
8,4,4,1,303.49249999999995
8,4,4,2,326.286
8,4,4,4,643.5915
8,4,8,1,525.2845
8,4,8,2,1048.3899999999999
8,4,8,4,2091.44
8,4,8,8,4180.885
8,4,8,16,6969.84
8,8,1,1,241.68099999999998
8,8,1,2,484.8695
8,8,1,4,965.83
8,8,1,8,1561.245
8,8,1,16,2354.455
8,8,1,32,4693.755
8,8,2,1,212.756
8,8,4,1,272.3215
8,8,4,2,542.687
8,16,1,1,477.94899999999996
8,16,1,2,953.5785000000001
8,16,1,4,1562.315
8,16,1,8,2338.575
8,16,1,16,4673.68
8,32,1,1,917.4965
8,32,1,2,1523.845
8,32,1,4,2267.6800000000003
8,32,1,8,4551.905
8,32,1,16,4557.42
16,1,1,1,66.42975
16,1,1,2,132.7405
16,1,1,4,265.55
16,1,1,8,508.16200000000003
16,1,1,16,855.59
16,1,1,32,844.3305
16,1,1,64,1304.37
16,1,2,1,113.7565
16,1,2,2,207.5205
16,1,2,4,322.2925
16,1,4,1,196.5575
16,1,4,2,272.177
16,1,4,4,381.294
16,1,4,8,422.654
16,1,8,1,232.80200000000002
16,1,8,2,349.094
16,1,8,4,504.2435
16,1,8,8,1061.085
16,1,8,16,2038.2599999999998
16,1,16,1,379.89300000000003
16,1,16,2,540.399
16,1,16,4,1101.26
16,1,16,8,2068.27
16,1,16,16,4227.75
16,1,32,1,379.718
16,1,32,2,760.6700000000001
16,1,32,4,1516.225
16,1,32,8,3032.995
16,2,1,1,125.435
16,2,1,2,250.46
16,2,1,4,501.03700000000003
16,2,1,8,836.0195
16,2,1,16,1392.94
16,2,1,32,2037.2800000000002
16,2,2,1,199.39249999999998
16,2,2,2,302.1885
16,2,4,1,265.63800000000003
16,2,4,2,358.5615
16,2,4,4,412.03999999999996
16,2,8,1,384.81550000000004
16,2,8,2,608.0355
16,2,8,4,1113.29
16,2,8,8,2229.275
16,2,8,16,3758.76
16,2,16,1,576.4045000000001
16,2,16,2,1153.79
16,2,16,4,2290.94
16,2,16,8,4573.35
16,4,1,1,195.31900000000002
16,4,1,2,389.8205
16,4,1,4,780.1155
16,4,1,8,834.221
16,4,1,16,1254.2849999999999
16,4,1,32,2490.935
16,4,2,1,259.30100000000004
16,4,4,1,318.6995
16,4,4,2,388.615
16,4,8,1,580.6485
16,4,8,2,1159.9299999999998
16,4,8,4,2318.8450000000003
16,4,8,8,3863.3999999999996
16,8,1,1,244.5775
16,8,1,2,490.76
16,8,1,4,815.3054999999999
16,8,1,8,1216.1399999999999
16,8,1,16,2412.25
16,8,1,32,2405.285
16,8,4,1,311.0925
16,16,1,1,486.461
16,16,1,2,804.614
16,16,1,4,1195.545
16,16,1,8,2392.84
16,16,1,16,2402.685
16,32,1,1,780.37
16,32,1,2,1171.465
16,32,1,4,2334.395
16,32,1,8,2329.91
32,1,1,1,66.84955
32,1,1,2,133.6395
32,1,1,4,267.6275
32,1,1,8,514.3955
32,1,1,16,716.4615
32,1,1,32,660.0609999999999
32,1,2,1,115.65350000000001
32,1,2,2,206.873
32,1,4,1,199.9735
32,1,4,2,279.575
32,1,4,4,405.27
32,1,8,1,224.85000000000002
32,1,8,2,391.674
32,1,8,4,645.3035
32,1,8,8,1207.7350000000001
32,1,8,16,2053.21
32,1,16,1,403.80150000000003
32,1,16,2,625.6505
32,1,16,4,1147.745
32,1,16,8,2335.995
32,1,32,1,563.7149999999999
32,1,32,2,1114.95
32,1,32,4,2235.415
32,1,32,8,4463.0
32,2,1,1,126.8015
32,2,1,2,253.708
32,2,1,4,507.168
32,2,1,8,713.137
32,2,1,16,1049.155
32,2,1,32,2089.725
32,2,2,1,202.5165
32,2,4,1,267.61400000000003
32,2,4,2,360.565
32,2,8,1,403.758
32,2,8,2,726.99
32,2,8,4,1326.185
32,2,8,8,2243.825
32,2,16,1,623.491
32,2,16,2,1254.095
32,2,16,4,2499.41
32,2,16,8,4170.355
32,4,1,1,197.36599999999999
32,4,1,2,395.1585
32,4,1,4,661.7180000000001
32,4,1,8,638.908
32,4,1,16,1266.9499999999998
32,4,1,32,1267.975
32,4,4,1,325.87350000000004
32,4,8,1,695.54
32,4,8,2,1396.3000000000002
32,4,8,4,2319.49
32,4,8,8,3478.38
32,8,1,1,247.087
32,8,1,2,412.5185
32,8,1,4,614.7885
32,8,1,8,1226.495
32,8,1,16,1222.33
32,16,1,1,409.933
32,16,1,2,604.65
32,16,1,4,1222.34
32,16,1,8,1218.37
32,32,1,1,591.4794999999999
32,32,1,2,1184.75
32,32,1,4,1187.0
32,32,1,8,1183.08
64,1,2,1,116.441
64,1,4,1,202.286
64,1,4,2,272.747
64,1,8,1,227.961
64,1,8,2,401.241
64,1,8,4,667.496
64,1,8,8,1108.09
64,1,16,1,406.275
64,1,16,2,709.308
64,1,16,4,1324.28
64,1,16,8,2313.56
64,1,32,1,619.826
64,1,32,2,1248.84
64,1,32,4,2486.61
64,2,4,1,268.864
64,2,8,1,420.457
64,2,8,2,732.328
64,2,8,4,1163.67
64,2,8,8,1800.71
64,2,16,1,708.808
64,2,16,2,1416.31
64,2,16,4,2348.73
64,2,16,8,3540.41
64,4,8,1,731.286
64,4,8,2,1213.15
64,4,8,4,1824.2
