8	16	1	2	2	121.243
1	32	1	1	2	119.577
1	16	1	2	2	119.2925
1	32	1	2	2	118.1825
1	4	1	4	2	117.683
1	32	1	4	2	117.006
2	16	1	2	2	116.2585
1	16	1	4	2	115.955
1	2	1	8	2	115.675
2	32	1	2	2	115.3085
1	1	1	16	2	114.1345
2	8	1	4	2	113.501
1	8	1	4	2	113.2905
2	1	2	8	2	112.647
1	4	1	8	2	112.334
1	2	1	16	2	112.297
1	1	1	32	2	111.991
1	4	1	16	2	111.3175
2	16	1	4	2	111.269
4	16	1	2	2	111.236
1	32	1	8	2	111.0105
1	8	1	8	2	110.4815
2	32	1	1	2	110.1235
1	32	1	16	2	109.589
1	16	1	16	2	109.4485
1	2	1	32	2	109.3605
1	8	1	16	2	109.2965
2	4	1	4	2	109.286
2	32	1	4	2	108.641
2	4	2	4	2	108.627
8	16	1	4	2	108.622
8	4	4	2	2	108.505
1	16	1	8	2	108.27
2	1	2	16	2	108.2315
2	4	1	8	2	108.199
2	16	1	8	2	107.702
2	4	2	16	2	107.663
2	1	2	32	2	107.44
4	4	4	2	2	107.2795
2	4	2	8	2	107.2685
1	16	1	32	2	107.137
4	2	4	8	2	106.774
1	4	1	32	2	106.6565
2	2	2	16	2	106.656
2	2	2	8	2	106.6525
8	8	1	4	2	106.341
4	1	4	8	2	106.3
2	8	1	8	2	106.088
2	32	1	8	2	106.027
4	32	1	4	2	105.988
4	32	1	2	2	105.8205
4	8	1	4	2	105.7
8	2	4	4	2	105.257
2	8	1	16	2	105.112
2	2	1	8	2	105.103
1	8	1	32	2	105.0995
4	2	2	8	2	105.0945
2	16	1	16	2	104.991
4	8	2	2	2	104.9885
4	4	4	4	2	104.9105
4	16	1	4	2	104.784
4	2	4	4	2	104.6625
2	8	1	32	2	104.658
8	4	4	4	2	104.627
4	2	1	8	2	104.523
2	2	1	16	2	104.497
2	1	1	16	2	104.4816
4	1	2	8	2	104.344
2	4	1	16	2	104.322
4	4	1	4	2	104.3045
4	8	2	4	2	104.266
8	4	1	4	2	104.252
2	8	2	2	2	104.219
4	4	2	8	2	104.168
4	4	1	8	2	104.122
8	1	4	8	2	103.9
4	4	2	4	2	103.8675
4	2	4	16	2	103.356
2	16	1	32	2	103.338
2	1	1	32	2	103.32435
8	2	1	8	2	103.308
4	8	1	8	2	103.279
4	4	1	16	2	103.237
4	4	4	8	2	103.092
8	1	2	8	2	102.857
4	2	1	16	2	102.766
4	1	4	16	2	102.697
4	2	2	16	2	102.511
2	1	4	16	2	102.47
2	8	2	4	2	102.4185
2	1	4	8	2	102.269
4	32	1	1	2	102.0995
4	1	2	16	2	101.979
2	2	1	32	2	101.66275
4	16	1	8	2	101.5439
2	4	1	32	2	101.1564
8	4	1	8	2	101.127
8	4	1	16	2	100.724
8	32	1	2	2	100.655
1	8	1	2	2	100.3685
2	8	1	2	2	100.301
8	1	8	4	2	100.165
4	8	1	16	2	100.0946
2	8	2	8	2	99.9973
8	2	1	16	2	99.9344
4	1	4	32	2	99.3477
4	8	1	2	2	98.51535
8	1	8	8	2	98.4505
8	2	8	2	2	98.3044
2	16	1	1	2	98.0694
4	1	1	16	2	97.78165
4	4	1	32	2	97.6721
4	2	1	32	2	97.5087
4	8	1	32	2	97.3999
1	1	2	8	2	97.3496
8	2	8	4	2	96.7909
8	1	1	16	2	96.6788
1	16	1	1	2	96.64445
1	1	2	16	2	96.4509
4	16	1	16	2	96.2972
2	32	1	16	2	95.49155
8	8	1	8	2	95.4795
4	1	1	32	2	95.1967
1	32	1	32	2	94.292
8	8	1	16	2	94.0067
4	16	1	1	2	93.9146
8	8	1	2	2	93.5134
2	2	4	4	2	92.91945
1	2	2	8	2	92.142
4	2	2	4	2	91.49915
1	2	2	16	2	90.5283
2	2	2	4	2	90.3485
8	16	1	8	2	89.1594
2	4	4	2	2	88.88375
4	1	4	4	2	88.8287
8	2	2	4	2	88.4996
1	1	4	8	2	88.39945
4	32	1	8	2	88.25455
8	1	4	4	2	88.15
4	1	8	4	2	87.95715
4	16	2	1	2	87.74885
4	8	4	1	2	86.97895
4	4	2	2	2	86.92645
4	16	2	2	2	86.8869
8	16	1	1	2	86.8591
2	4	4	4	2	86.5725
8	8	4	1	2	86.3462
4	8	4	2	2	86.29745
8	32	1	1	2	86.1578
2	16	2	1	2	85.39265
2	4	2	2	2	84.9017
2	16	2	2	2	84.7669
8	8	4	2	2	84.6707
4	8	4	4	2	84.5704
2	2	4	8	2	84.4499
2	1	1	8	2	84.18025
1	1	1	8	2	84.1602
8	4	2	2	2	83.7996
4	1	8	8	2	83.7722
1	1	4	16	2	83.09415
2	16	2	4	2	83.0207
1	2	4	4	2	82.81495
4	1	1	8	2	82.3622
2	2	1	4	2	81.87415
8	4	8	1	2	81.4894
1	2	1	4	2	81.23415
8	2	4	2	2	81.1124
8	32	1	4	2	81.0481
8	4	8	2	2	80.8226
1	4	4	2	2	80.8004
1	1	4	32	2	80.5598
4	2	1	4	2	80.43085
8	1	1	8	2	80.3045
4	2	8	2	2	80.1579
2	1	4	4	2	80.01205
4	2	4	2	2	79.69615
4	2	8	4	2	79.4285
1	4	4	8	2	79.409
1	4	4	4	2	79.31895
1	2	2	4	2	78.62475
1	4	2	4	2	78.1794
1	4	2	8	2	78.1148
2	1	8	8	2	77.5782
8	2	1	4	2	77.5641
2	1	8	4	2	77.18925
2	1	8	16	2	76.6372
1	1	4	4	2	75.29785
2	2	8	2	2	75.1995
2	2	8	4	2	74.4196
1	2	4	8	2	73.73705
2	2	8	8	2	72.6911
2	2	4	2	2	72.2497
1	2	8	4	2	71.9475
2	4	1	2	2	71.8869
4	4	1	2	2	71.6443
1	2	8	2	2	71.5098
4	1	2	4	2	71.4591
4	4	4	1	2	71.29925
8	4	1	2	2	70.8378
4	8	2	1	2	70.54675
8	4	4	1	2	70.459
2	1	2	4	2	70.3854
1	4	1	2	2	70.3334
8	1	16	2	2	70.1293
1	4	2	2	2	70.0755
1	2	8	8	2	69.828
1	2	8	16	2	69.3553
8	1	2	4	2	69.3496
8	1	8	2	2	69.3377
1	1	8	4	2	69.33245
2	8	4	2	2	69.274
2	8	2	1	2	69.1524
4	4	8	1	2	69.0256
2	8	4	1	2	68.84995
2	4	8	1	2	68.52465
1	2	4	16	2	68.4147
8	8	2	1	2	67.9988
2	4	8	2	2	67.9881
4	4	8	2	2	67.6334
1	1	8	16	2	67.1926
4	4	8	4	2	67.0059
1	2	4	2	2	66.6573
2	4	8	4	2	66.6517
4	1	8	2	2	66.51215
1	1	8	8	2	66.4536
1	1	2	4	2	65.52575
2	4	4	1	2	65.43905
4	1	16	2	2	63.6569
1	8	4	1	2	63.55245
4	1	16	4	2	63.30255
8	2	8	1	2	63.1283
1	8	4	2	2	63.04535
1	8	4	4	2	62.3294
1	8	2	2	2	61.28435
8	2	16	1	2	61.2377
4	1	16	8	2	61.18
8	2	16	2	2	60.5655
1	8	2	4	2	60.2356
4	16	1	32	2	59.8655
2	1	16	2	2	59.54505
2	1	8	2	2	59.49225
1	4	8	2	2	59.30255
1	4	8	1	2	59.22815
1	4	8	4	2	58.8432
2	1	16	8	2	58.5746
4	2	8	1	2	58.1229
2	1	16	4	2	57.9734
1	4	8	8	2	57.969
1	4	4	1	2	57.8491
2	32	1	32	2	56.1503
4	2	16	1	2	55.9296
1	1	8	2	2	55.52575
4	2	16	2	2	55.2857
2	2	8	1	2	54.8378
4	2	16	4	2	54.4001
1	2	8	1	2	54.15035
1	1	16	8	2	53.72175
4	2	2	2	2	53.2222
1	1	16	16	2	52.9458
2	2	2	2	2	52.9438
1	2	2	2	2	52.8511
1	1	16	2	2	52.43215
1	8	2	1	2	52.3146
1	1	16	4	2	51.95755
4	32	1	16	2	51.9312
2	4	2	1	2	51.76195
4	4	2	1	2	51.73175
2	8	1	1	2	51.64965
2	2	16	2	2	51.55275
8	2	2	2	2	51.346
2	2	16	4	2	51.31815
2	2	16	1	2	51.2543
8	4	2	1	2	50.8679
1	8	1	1	2	50.7521
4	8	1	1	2	50.7383
2	2	16	8	2	50.3949
8	8	1	1	2	49.6442
4	1	4	2	2	49.2145
8	1	4	2	2	49.1377
1	4	2	1	2	48.9503
1	2	16	2	2	48.28375
1	2	16	4	2	48.2754
1	2	16	1	2	48.20555
8	1	32	1	2	47.9861
1	2	16	8	2	47.8224
8	32	1	8	2	47.5979
1	2	16	16	2	47.5503
8	1	32	2	2	47.3413
1	16	2	1	2	46.8403
2	1	4	2	2	46.59655
4	1	32	1	2	46.5349
1	16	2	2	2	46.3429
4	1	32	2	2	46.30815
8	2	4	1	2	46.2745
4	2	4	1	2	46.13485
4	1	32	4	2	45.85735
1	1	4	2	2	45.76615
8	1	16	1	2	45.08
4	1	32	8	2	44.9849
2	2	4	1	2	43.70235
2	1	1	4	2	43.56975
1	1	1	4	2	43.42715
4	1	1	4	2	43.19775
4	1	16	1	2	42.44185
8	1	1	4	2	42.2707
1	2	4	1	2	42.02135
2	2	1	2	2	41.37255
4	2	1	2	2	41.25515
2	1	16	1	2	40.8741
8	2	1	2	2	40.7886
1	2	1	2	2	40.7172
8	1	8	1	2	38.8345
1	1	16	1	2	38.76585
2	1	32	4	2	38.42835
2	1	32	1	2	38.4247
2	1	32	2	2	38.2975
2	1	32	8	2	38.1262
4	1	8	1	2	37.8824
4	1	2	2	2	37.3498
8	1	2	2	2	37.1168
2	1	2	2	2	37.064
1	1	32	1	2	36.66825
1	1	32	2	2	36.5388
4	4	1	1	2	36.49685
8	4	1	1	2	36.1063
4	2	2	1	2	36.0451
2	4	1	1	2	35.93865
8	2	2	1	2	35.8235
1	1	32	16	2	35.746
1	1	32	4	2	35.61335
1	1	32	8	2	35.5321
1	1	2	2	2	35.52665
2	2	2	1	2	35.47195
1	4	1	1	2	35.2559
2	1	8	1	2	35.1302
1	1	8	1	2	34.0563
1	2	2	1	2	33.63205
8	1	4	1	2	30.9526
4	1	4	1	2	30.611
2	1	4	1	2	29.0349
1	1	4	1	2	27.7451
4	1	1	2	2	21.9004
2	1	1	2	2	21.8297
8	1	1	2	2	21.7301
1	1	1	2	2	21.7099
4	2	1	1	2	20.8105
8	2	1	1	2	20.7825
2	2	1	1	2	20.69345
1	2	1	1	2	20.38215
8	1	2	1	2	19.6399
4	1	2	1	2	19.62675
2	1	2	1	2	19.40595
1	1	2	1	2	18.69115
8	1	1	1	2	10.9736
4	1	1	1	2	10.9538
2	1	1	1	2	10.92455
1	1	1	1	2	10.84265
