1	4	1	8	2	2024112
2	4	1	8	2	2070710
1	4	1	16	2	2106342
1	8	1	8	2	2116530
4	4	1	8	2	2138734
1	8	1	4	2	2169252
2	4	1	16	2	2168980
1	16	1	4	2	2175238
1	16	1	8	2	2198050
2	8	1	8	2	2230150
4	8	1	8	2	2238356
1	1	1	32	2	2246514
4	8	1	4	2	2256806
1	8	1	16	2	2256978
2	8	1	4	2	2316318
4	4	1	16	2	2287778
2	1	1	32	2	2285842
2	16	1	4	2	2304856
1	4	1	32	2	2318772
8	4	1	8	2	2319188
4	1	1	32	2	2329070
1	32	1	4	2	2326740
2	8	1	16	2	2344544
1	16	1	16	2	2359842
2	16	1	8	2	2361280
4	1	1	16	2	2360488
1	1	1	16	2	2375068
2	1	1	16	2	2403024
1	32	1	8	2	2414908
4	16	1	4	2	2410064
2	32	1	4	2	2417308
8	1	1	16	2	2428346
1	8	1	32	2	2465184
8	8	1	4	2	2490932
2	4	1	32	2	2532888
8	1	1	32	2	2547788
4	2	1	8	2	2510662
2	4	1	4	2	2551468
1	4	1	4	2	2578356
4	4	1	4	2	2585906
2	2	1	8	2	2583638
16	1	1	16	2	2592052
8	2	1	8	2	2602166
1	2	1	8	2	2601058
8	2	8	4	2	2601332
8	4	8	4	2	2627362
4	2	1	16	2	2655054
8	2	8	8	2	2674258
16	1	16	4	2	2677936
32	1	32	4	2	2682924
16	2	16	4	2	2690150
8	4	8	8	2	2709336
32	1	32	8	2	2717718
16	1	16	8	2	2727566
16	2	16	8	2	2738772
1	2	1	16	2	2750752
2	2	1	16	2	2773538
8	1	8	8	2	2777368
16	2	1	8	2	2777574
8	2	1	16	2	2786892
8	4	1	4	2	2805204
16	2	8	4	2	2813036
8	1	8	4	2	2823692
1	2	1	32	2	2825026
2	2	1	32	2	2847746
16	1	16	16	2	2874276
32	2	16	4	2	2866418
16	1	8	4	2	2869826
8	2	8	16	2	2890002
16	4	8	4	2	2893856
32	1	16	4	2	2902940
32	1	16	8	2	2915894
4	16	1	8	2	2927832
4	8	1	16	2	2957364
4	2	1	32	2	2966066
16	2	8	8	2	2948406
8	4	1	16	2	2968138
16	4	1	4	2	2960748
16	4	1	8	2	2988666
2	32	1	8	2	2988666
16	1	8	8	2	2990892
4	4	1	32	2	3031684
32	1	8	4	2	3011878
8	8	1	8	2	3020566
2	16	1	16	2	3032264
32	2	8	4	2	3017580
32	1	8	8	2	3025516
1	32	1	16	2	3110644
16	1	8	16	2	3086778
8	1	8	16	2	3092416
1	16	1	32	2	3130928
4	32	1	4	2	3138860
16	1	1	32	2	3217230
8	16	1	4	2	3229594
8	1	8	32	2	3234472
16	1	32	4	2	3260216
2	8	1	32	2	3322408
16	1	32	8	2	3282370
8	2	8	2	2	3339912
16	1	32	16	2	3373896
8	4	8	16	2	3388834
1	16	1	2	2	3427440
8	4	8	2	2	3428840
16	2	16	16	2	3424844
32	1	16	2	2	3427232
16	2	8	2	2	3501634
16	2	1	16	2	3498878
2	16	1	2	2	3513184
32	2	8	8	2	3506756
16	1	16	2	2	3532832
16	8	1	4	2	3516446
16	2	16	2	2	3525136
32	2	1	8	2	3524828
4	1	1	8	2	3518050
16	4	8	8	2	3539634
32	2	16	8	2	3560896
8	1	1	8	2	3564544
32	1	32	2	2	3583234
32	1	1	16	2	3586290
8	2	1	32	2	3606686
1	32	1	2	2	3707588
2	1	1	8	2	3595736
32	2	8	2	2	3629480
16	1	32	2	2	3666892
2	32	1	2	2	3650394
16	2	8	16	2	3667816
4	32	1	2	2	3672858
32	2	16	2	2	3670712
16	1	1	8	2	3674204
8	2	8	32	2	3697730
16	4	8	2	2	3688018
1	1	1	8	2	3697056
32	1	16	16	2	3767016
32	4	8	4	2	3734466
4	16	1	2	2	3804208
32	4	1	4	2	3824584
32	4	8	2	2	3853136
8	16	1	2	2	3880532
32	1	1	8	2	3892826
32	1	8	16	2	3915564
4	2	1	4	2	3908856
8	2	1	4	2	3976648
4	1	4	8	2	3983984
8	1	32	2	2	3984746
8	1	32	4	2	4010000
1	8	1	2	2	4022690
4	1	8	8	2	4040730
4	1	8	4	2	4044386
16	1	8	32	2	4057530
4	1	4	16	2	4069088
16	2	1	4	2	4073508
8	1	4	8	2	4106284
2	8	1	2	2	4113626
2	2	1	4	2	4119420
4	1	8	16	2	4125012
16	1	4	8	2	4184966
4	16	1	16	2	4276706
2	32	1	16	2	4293316
8	2	4	4	2	4234018
4	2	4	4	2	4235894
8	2	4	8	2	4243482
4	2	4	8	2	4247916
1	2	1	4	2	4252104
8	8	1	16	2	4296200
4	4	8	2	2	4270054
4	4	8	4	2	4306644
4	4	8	8	2	4322190
4	8	1	2	2	4364244
32	4	1	8	2	4328522
8	16	1	8	2	4351306
32	2	1	4	2	4346062
16	2	4	4	2	4347018
4	32	1	8	2	4393084
16	4	1	16	2	4412886
4	8	1	32	2	4454178
8	1	8	2	2	4374936
1	1	8	8	2	4382694
8	8	1	2	2	4384278
2	1	4	8	2	4387396
2	1	8	8	2	4389174
1	32	1	32	2	4438370
2	16	1	32	2	4437928
1	1	8	16	2	4399862
8	1	16	4	2	4399958
2	1	8	4	2	4414356
2	1	4	16	2	4423946
1	4	8	2	2	4429694
2	1	8	16	2	4431128
8	1	16	8	2	4437184
1	4	8	4	2	4438476
1	1	8	4	2	4439098
1	4	8	8	2	4446486
4	2	16	2	2	4455658
2	1	4	32	2	4460524
4	32	1	16	2	4576292
8	1	4	4	2	4472984
2	4	8	2	2	4473244
8	1	16	2	2	4477258
4	2	16	4	2	4485644
1	4	8	16	2	4496772
4	2	8	4	2	4502866
4	2	16	8	2	4503280
1	1	8	32	2	4511046
4	2	8	8	2	4508728
4	1	4	4	2	4514956
8	2	16	2	2	4518102
16	1	8	2	2	4523166
4	1	16	4	2	4524100
16	1	4	4	2	4525730
2	1	8	32	2	4532134
4	1	16	8	2	4535126
8	2	16	4	2	4546604
4	1	16	2	2	4550972
32	1	1	32	2	4622938
1	1	4	8	2	4562288
16	8	1	8	2	4598930
8	32	1	2	2	4574040
2	4	8	4	2	4572588
8	4	1	32	2	4646380
4	1	16	16	2	4585726
4	2	8	2	2	4587664
2	2	4	4	2	4600152
8	2	16	8	2	4610244
32	1	8	2	2	4610826
32	1	4	4	2	4618030
2	4	8	8	2	4633322
32	4	1	16	2	4702316
2	2	4	8	2	4656696
1	1	4	32	2	4697822
4	2	8	16	2	4726340
8	16	1	16	2	4841860
2	2	4	16	2	4726230
4	16	1	32	2	4948392
1	1	4	16	2	4737502
16	16	1	2	2	4779096
4	2	4	2	2	4774444
1	2	8	8	2	4779490
1	2	8	16	2	4784518
8	2	4	2	2	4793532
1	2	8	4	2	4798736
8	4	4	4	2	4844100
4	4	4	8	2	4850914
16	8	1	16	2	4997968
8	4	4	2	2	4863398
16	2	4	2	2	4853010
2	2	8	2	2	4855838
16	8	1	2	2	4863020
8	32	1	8	2	4905306
1	2	8	32	2	4863434
4	4	4	4	2	4867798
1	2	8	2	2	4863856
2	2	8	8	2	4865438
1	2	4	8	2	4874082
2	2	8	4	2	4874754
2	2	8	16	2	4878052
8	32	1	4	2	4900904
4	4	4	2	2	4898584
1	2	4	4	2	4906384
2	1	16	4	2	4912928
2	1	16	8	2	4919824
4	4	1	2	2	4925608
2	1	16	16	2	4938454
4	8	4	2	2	4948302
16	4	8	16	2	4988902
2	1	4	4	2	4982986
1	1	4	4	2	4987480
2	1	16	2	2	4993398
2	4	1	2	2	5002038
32	2	1	16	2	5044160
1	2	4	16	2	5009710
4	8	4	4	2	5014080
16	16	1	4	2	5042252
2	32	1	32	2	5278938
2	1	16	32	2	5044818
1	4	1	2	2	5046782
1	2	4	32	2	5052056
8	4	1	2	2	5052046
32	2	4	2	2	5055836
32	8	1	4	2	5096864
32	8	1	8	2	5117650
32	4	8	8	2	5143448
2	4	4	2	2	5158068
1	1	2	8	2	5194392
32	4	8	16	2	5245502
16	4	4	2	2	5229974
16	2	1	32	2	5258364
32	2	8	16	2	5256946
8	8	4	2	2	5227214
4	1	8	2	2	5228494
2	4	4	4	2	5238532
1	8	4	2	2	5239282
16	4	1	32	2	5345958
2	2	4	2	2	5248048
1	4	4	2	2	5255170
2	8	4	2	2	5252302
16	16	1	8	2	5322952
8	8	1	32	2	5397270
8	4	8	32	2	5368026
1	8	4	4	2	5299374
2	2	16	2	2	5316032
2	8	4	4	2	5326958
16	4	1	2	2	5338734
2	1	2	8	2	5340074
1	8	4	8	2	5339308
2	8	4	8	2	5339966
2	4	4	8	2	5343892
1	1	2	32	2	5353180
1	1	2	16	2	5356458
1	4	4	4	2	5378134
4	1	2	16	2	5413254
1	2	16	2	2	5416496
2	2	16	4	2	5416374
2	2	16	8	2	5419510
4	1	2	8	2	5425108
1	4	4	8	2	5434422
1	2	4	2	2	5444272
2	1	2	16	2	5460746
2	2	16	16	2	5457012
1	2	16	4	2	5468876
1	2	16	8	2	5479750
1	4	4	16	2	5484166
8	1	2	8	2	5502560
1	2	16	16	2	5514364
2	1	2	32	2	5524708
1	2	2	4	2	5559016
1	2	2	8	2	5601934
1	2	16	32	2	5600824
2	1	8	2	2	5612942
32	2	1	32	2	5684582
32	4	1	2	2	5691610
1	1	16	16	2	5735832
1	1	16	8	2	5740086
4	1	2	4	2	5765118
2	2	2	4	2	5773578
4	2	2	4	2	5786026
1	1	16	4	2	5787340
1	1	16	32	2	5792384
32	16	1	4	2	5815768
1	1	16	2	2	5861712
1	4	8	1	2	5929798
4	2	16	1	2	5908360
1	1	8	2	2	5873762
8	1	2	4	2	5876384
2	1	2	4	2	5901378
4	4	8	1	2	5957168
1	2	2	32	2	5945112
4	4	4	1	2	5981750
16	32	1	4	2	5975090
16	1	2	4	2	5987474
8	2	2	4	2	5989036
8	1	32	1	2	6061474
4	2	2	8	2	6028674
4	2	2	2	2	6036854
16	1	16	1	2	6106470
1	1	2	4	2	6070796
8	2	2	2	2	6072710
1	16	1	1	2	6134690
2	2	2	8	2	6106600
8	2	16	1	2	6140030
2	4	8	1	2	6181658
2	2	16	1	2	6155776
1	2	2	16	2	6151590
1	8	4	1	2	6156804
8	2	8	1	2	6256534
2	2	2	2	2	6143776
2	4	4	1	2	6190246
1	32	1	1	2	6201312
1	4	4	1	2	6210816
2	2	2	16	2	6218506
16	2	8	1	2	6246254
8	4	8	1	2	6284134
4	8	4	1	2	6267658
2	2	8	1	2	6251194
4	2	8	1	2	6254734
16	1	32	1	2	6344704
1	2	16	1	2	6268896
2	8	4	1	2	6346820
1	4	2	2	2	6273090
16	2	2	2	2	6282736
8	1	16	1	2	6292642
4	1	1	4	2	6303762
1	2	2	2	2	6305544
32	8	1	2	2	6318462
8	1	1	4	2	6346574
32	2	8	1	2	6401818
16	2	16	1	2	6424956
4	1	32	2	2	6366710
16	32	1	2	2	6398222
4	1	32	4	2	6372040
4	1	32	8	2	6383132
16	1	1	4	2	6387602
4	1	32	16	2	6417170
32	1	16	1	2	6498886
2	16	1	1	2	6601414
2	1	1	4	2	6486220
32	1	1	4	2	6499906
32	16	1	2	2	6572592
2	4	2	2	2	6544148
4	4	2	1	2	6549850
2	4	2	1	2	6606368
4	1	16	1	2	6624064
8	16	1	1	2	6704308
8	32	1	1	2	6677222
16	4	8	1	2	6752042
1	2	8	1	2	6656956
4	4	2	2	2	6657654
1	1	1	4	2	6674524
4	1	32	1	2	6701038
4	32	1	1	2	6737632
1	4	2	1	2	6747014
8	4	2	1	2	6771698
32	4	4	1	2	6797672
8	4	2	2	2	6804532
8	8	4	1	2	6930594
32	1	32	1	2	7148360
2	32	1	1	2	6943158
16	4	4	1	2	7011112
4	16	1	1	2	7129930
8	4	4	1	2	6904966
32	2	16	1	2	6961824
32	1	4	2	2	6928424
32	4	8	1	2	6995378
16	8	4	1	2	7007864
16	1	4	2	2	7030926
16	4	2	1	2	7119188
2	1	32	2	2	7116530
4	4	2	4	2	7223214
2	1	32	4	2	7125904
2	1	32	8	2	7135004
8	2	4	1	2	7147430
8	1	4	2	2	7154528
4	1	4	2	2	7157390
2	1	32	16	2	7186304
4	2	4	1	2	7237446
16	2	4	1	2	7355216
16	16	1	1	2	7452672
2	4	2	8	2	7532040
2	1	32	1	2	7420138
2	4	2	4	2	7612172
1	1	4	2	2	7528418
32	2	4	1	2	7535164
2	1	16	1	2	7573578
32	32	1	2	2	7629326
8	1	8	1	2	7625998
1	4	2	16	2	7740894
1	8	1	1	2	7737718
4	2	1	2	2	7746930
8	2	1	2	2	7764974
2	1	4	2	2	7788706
16	2	1	2	2	7822244
2	2	4	1	2	7861234
1	4	2	8	2	7897816
1	8	2	1	2	7900138
1	1	32	2	2	7910908
16	32	1	1	2	7979606
1	4	2	4	2	8026578
1	1	32	4	2	7954308
32	2	1	2	2	7961930
16	1	8	1	2	7999832
1	1	32	8	2	8010664
2	8	1	1	2	8061084
1	1	32	32	2	8071248
1	2	4	1	2	8141022
1	1	32	16	2	8197352
2	2	1	2	2	8187134
4	8	1	1	2	8208334
16	1	2	2	2	8224344
32	1	2	2	2	8263688
32	1	8	1	2	8282914
8	8	1	1	2	8290678
2	8	2	1	2	8303766
4	32	1	32	2	8490518
32	4	1	32	2	8446914
1	1	32	1	2	8387354
4	1	8	1	2	8391330
8	32	1	16	2	8561834
8	1	2	2	2	8446312
4	1	2	2	2	8480550
1	2	1	2	2	8533172
4	8	2	1	2	8562552
32	8	1	16	2	8847934
16	16	1	16	2	8800300
8	8	2	1	2	8754376
32	16	1	1	2	8807250
16	8	1	1	2	8825400
8	2	2	1	2	8844582
16	2	2	1	2	8855696
2	1	8	1	2	8879140
1	1	16	1	2	8912258
4	2	2	1	2	8951890
8	16	1	32	2	9152694
32	16	1	8	2	9037006
32	2	2	1	2	9000608
2	1	2	2	2	9057394
1	8	2	2	2	9098946
1	8	2	4	2	9100896
1	8	2	8	2	9150948
16	8	1	32	2	9317656
16	1	4	1	2	9380658
32	1	4	1	2	9380946
8	1	4	1	2	9396542
32	32	1	1	2	9441380
32	8	1	1	2	9466702
1	1	2	2	2	9498774
16	32	1	8	2	9581536
2	2	2	1	2	9593516
1	1	8	1	2	9619294
4	4	1	1	2	9662114
2	8	2	4	2	9711816
1	16	2	2	2	9736844
1	16	2	1	2	9744120
2	8	2	2	2	9758736
2	4	1	1	2	9819930
4	1	4	1	2	9834464
1	16	2	4	2	9845144
8	4	1	1	2	9908332
1	4	1	1	2	10074836
4	8	2	2	2	10091342
16	4	1	1	2	10113180
2	16	2	2	2	10155780
2	16	2	1	2	10192400
32	32	1	4	2	10334158
1	2	2	1	2	10368660
32	4	1	1	2	10512720
4	16	2	1	2	10849100
2	1	4	1	2	10987680
1	1	4	1	2	11874900
4	1	1	2	2	12555660
16	1	1	2	2	12573500
8	1	1	2	2	12614640
32	1	1	2	2	12614760
2	1	1	2	2	12932660
1	1	1	2	2	13319180
32	1	2	1	2	14514600
16	1	2	1	2	14583700
8	1	2	1	2	14821300
4	1	2	1	2	15273720
16	2	1	1	2	15278520
8	2	1	1	2	15349660
32	2	1	1	2	15378840
4	2	1	1	2	15378960
2	2	1	1	2	16240020
2	1	2	1	2	16446600
32	16	1	16	2	16677920
1	2	1	1	2	16987160
32	32	1	8	2	17427380
1	1	2	1	2	17550360
16	1	1	1	2	25000300
32	1	1	1	2	25009440
4	1	1	1	2	25070540
8	1	1	1	2	25147300
2	1	1	1	2	25990440
1	1	1	1	2	26882300
