1	4	1	8	2	661.029
2	4	1	8	2	658.7522
1	4	1	16	2	1283.568
1	8	1	8	2	1292.146
4	4	1	8	2	666.431
1	8	1	4	2	671.4888
2	4	1	16	2	1301.23
1	16	1	4	2	1287.926
1	16	1	8	2	2527.886
2	8	1	8	2	1282.506
4	8	1	8	2	1302.782
1	1	1	32	2	628.4408
4	8	1	4	2	654.7284
1	8	1	16	2	2531.328
2	8	1	4	2	653.6968
4	4	1	16	2	1357.432
2	1	1	32	2	669.9604
2	16	1	4	2	1278.454
1	4	1	32	2	2571.008
8	4	1	8	2	675.6362
4	1	1	32	2	736.6396
1	32	1	4	2	2467.836
2	8	1	16	2	2562.904
1	16	1	16	2	5065.632
2	16	1	8	2	2559.516
4	1	1	16	2	593.2174
1	1	1	16	2	566.0948
2	1	1	16	2	574.7206
1	32	1	8	2	4922.624
4	16	1	4	2	1294.302
2	32	1	4	2	2524.588
8	1	1	16	2	601.3406
1	8	1	32	2	5095.24
8	8	1	4	2	650.941
2	4	1	32	2	2645.888
8	1	1	32	2	812.5162
4	2	1	8	2	537.8274
2	4	1	4	2	526.27
1	4	1	4	2	516.9182
4	4	1	4	2	533.8634
2	2	1	8	2	513.3708
16	1	1	16	2	608.939
8	2	1	8	2	545.9332
1	2	1	8	2	505.7396
8	2	8	4	2	1033.2
8	4	8	4	2	2147.468
4	2	1	16	2	1053.146
8	2	8	8	2	2033.608
16	1	16	4	2	1007.3568
32	1	32	4	2	2126.478
16	2	16	4	2	2121.362
8	4	8	8	2	4290.892
32	1	32	8	2	4253.03
16	1	16	8	2	2012.046
16	2	16	8	2	4239.67
1	2	1	16	2	964.893
2	2	1	16	2	994.7066
8	1	8	8	2	954.2692
16	2	1	8	2	555.6278
8	2	1	16	2	1076.352
8	4	1	4	2	528.0574
16	2	8	4	2	996.0406
8	1	8	4	2	473.6996
1	2	1	32	2	1934.15
2	2	1	32	2	1996.266
16	1	16	16	2	3948.906
32	2	16	4	2	2081.91
16	1	8	4	2	471.151
8	2	8	16	2	4009.15
16	4	8	4	2	2092.12
32	1	16	4	2	974.3932
32	1	16	8	2	1998.26
4	16	1	8	2	2155.33
4	8	1	16	2	2165.37
4	2	1	32	2	2114.006
16	2	8	8	2	1968.622
8	4	1	16	2	1127.148
16	4	1	4	2	525.4996
16	4	1	8	2	567.3394
2	32	1	8	2	4199.82
16	1	8	8	2	917.8442
4	4	1	32	2	2236.004
32	1	8	4	2	473.5996
8	8	1	8	2	1077.608
2	16	1	16	2	4245.644
32	2	8	4	2	1000.0606
32	1	8	8	2	950.1912
1	32	1	16	2	8196.472
16	1	8	16	2	1844.254
8	1	8	16	2	1777.114
1	16	1	32	2	8373.59
4	32	1	4	2	2123.452
16	1	1	32	2	661.3956
8	16	1	4	2	1067.766
8	1	8	32	2	3609.57
16	1	32	4	2	1644.286
2	8	1	32	2	4265.07
16	1	32	8	2	3290.306
8	2	8	2	2	523.1436
16	1	32	16	2	6577
8	4	8	16	2	7157.182
1	16	1	2	2	659.609
8	4	8	2	2	1080.35
16	2	16	16	2	7070.576
32	1	16	2	2	494.6282
16	2	8	2	2	506.231
16	2	1	16	2	913.4096
2	16	1	2	2	650.5096
32	2	8	8	2	1686.898
16	1	16	2	2	517.8448
16	8	1	4	2	537.5468
16	2	16	2	2	1073.158
32	2	1	8	2	464.3482
4	1	1	8	2	373.1988
16	4	8	8	2	3479.686
32	2	16	8	2	3467.062
8	1	1	8	2	374.2822
32	1	32	2	2	1072.376
32	1	1	16	2	512.0944
8	2	1	32	2	1789.482
1	32	1	2	2	1237.37
2	1	1	8	2	363.523
32	2	8	2	2	511.2122
16	1	32	2	2	830.482
2	32	1	2	2	1257.976
16	2	8	16	2	3348.45
4	32	1	2	2	1279.218
32	2	16	2	2	1048.552
16	1	1	8	2	377.3224
8	2	8	32	2	6812.518
16	4	8	2	2	1048.278
1	1	1	8	2	355.6252
32	1	16	16	2	3331.948
32	4	8	4	2	1734.08
4	16	1	2	2	652.7624
32	4	1	4	2	435.6114
32	4	8	2	2	1042.39
8	16	1	2	2	645.8348
32	1	1	8	2	379.373
32	1	8	16	2	1551.368
4	2	1	4	2	334.9862
8	2	1	4	2	335.1222
4	1	4	8	2	329.3088
8	1	32	2	2	660.6624
8	1	32	4	2	1314.15
1	8	1	2	2	336.2694
4	1	8	8	2	645.157
4	1	8	4	2	321.8362
16	1	8	32	2	3054.13
4	1	4	16	2	647.8352
16	2	1	4	2	339.544
8	1	4	8	2	327.28
2	8	1	2	2	327.5244
2	2	1	4	2	316.2466
4	1	8	16	2	1274.648
16	1	4	8	2	324.9538
4	16	1	16	2	3227.286
2	32	1	16	2	6305.138
8	2	4	4	2	317.024
4	2	4	4	2	310.5508
8	2	4	8	2	635.601
4	2	4	8	2	618.0508
1	2	1	4	2	307.4458
8	8	1	16	2	1616.892
4	4	8	2	2	615.5898
4	4	8	4	2	1230.712
4	4	8	8	2	2462.766
4	8	1	2	2	327.8494
32	4	1	8	2	428.3148
8	16	1	8	2	1604.152
32	2	1	4	2	340.7778
16	2	4	4	2	319.1396
4	32	1	8	2	3181.83
16	4	1	16	2	841.5988
4	8	1	32	2	3243.416
8	1	8	2	2	301.8444
1	1	8	8	2	591.742
8	8	1	2	2	325.521
2	1	4	8	2	298.305
2	1	8	8	2	588.8718
1	32	1	32	2	12306.62
2	16	1	32	2	6399.072
1	1	8	16	2	1181.818
8	1	16	4	2	593.8224
2	1	8	4	2	297.5262
2	1	4	16	2	589.4434
1	4	8	2	2	601.2312
2	1	8	16	2	1176.358
8	1	16	8	2	1186.104
1	4	8	4	2	1183.974
1	1	8	4	2	299.587
1	4	8	8	2	2367.416
4	2	16	2	2	586.8244
2	1	4	32	2	1186.878
4	32	1	16	2	6362.954
8	1	4	4	2	297.315
2	4	8	2	2	583.9382
8	1	16	2	2	304.02
4	2	16	4	2	1166.214
1	4	8	16	2	4742.548
4	2	8	4	2	576.6302
4	2	16	8	2	2330.22
1	1	8	32	2	2360.994
4	2	8	8	2	1156.318
4	1	4	4	2	291.2268
8	2	16	2	2	582.9052
16	1	8	2	2	294.0164
4	1	16	4	2	574.0376
16	1	4	4	2	297.3756
2	1	8	32	2	2354.358
4	1	16	8	2	1147.51
8	2	16	4	2	1158.184
4	1	16	2	2	290.627
32	1	1	32	2	510.0522
1	1	4	8	2	288.187
16	8	1	8	2	803.3376
8	32	1	2	2	1055.616
2	4	8	4	2	1145.95
8	4	1	32	2	1703.89
4	1	16	16	2	2292.836
4	2	8	2	2	284.8756
2	2	4	4	2	282.0462
8	2	16	8	2	2316.394
32	1	8	2	2	293.903
32	1	4	4	2	299.068
2	4	8	8	2	2296.538
32	4	1	16	2	840.8706
2	2	4	8	2	557.9866
1	1	4	32	2	1130.882
4	2	8	16	2	2241.972
8	16	1	16	2	3210.07
2	2	4	16	2	1111.898
4	16	1	32	2	6451.752
1	1	4	16	2	546.1566
16	16	1	2	2	532.5284
4	2	4	2	2	274.1746
1	2	8	8	2	1088.782
1	2	8	16	2	2179.268
8	2	4	2	2	277.0728
1	2	8	4	2	545.8596
8	4	4	4	2	558.1866
4	4	4	8	2	1089.708
16	8	1	16	2	1607.56
8	4	4	2	2	277.871
16	2	4	2	2	277.4412
2	2	8	2	2	272.7308
16	8	1	2	2	323.6328
8	32	1	8	2	3175.898
1	2	8	32	2	4362.858
4	4	4	4	2	540.2422
1	2	8	2	2	278.6096
2	2	8	8	2	1068.824
1	2	4	8	2	529.5714
2	2	8	4	2	531.5216
2	2	8	16	2	2148.882
8	32	1	4	2	1587.578
4	4	4	2	2	269.6534
1	2	4	4	2	265.843
2	1	16	4	2	528.0092
2	1	16	8	2	1056.502
4	4	1	2	2	266.9904
2	1	16	16	2	2115.182
4	8	4	2	2	537.7062
16	4	8	16	2	5224.542
2	1	4	4	2	265.575
1	1	4	4	2	265.0518
2	1	16	2	2	268.1508
2	4	1	2	2	263.4538
32	2	1	16	2	694.3018
1	2	4	16	2	1038.03
4	8	4	4	2	1072.406
16	16	1	4	2	798.4646
2	32	1	32	2	12602.54
2	1	16	32	2	4237.912
1	4	1	2	2	259.1684
1	2	4	32	2	2084.552
8	4	1	2	2	264.6758
32	2	4	2	2	275.648
32	8	1	4	2	400.4148
32	8	1	8	2	801.9914
32	4	8	8	2	2600.678
2	4	4	2	2	255.9646
1	1	2	8	2	253.5036
32	4	8	16	2	5204.3
16	4	4	2	2	270.0636
16	2	1	32	2	1372.9
32	2	8	16	2	2503.734
8	8	4	2	2	532.2922
4	1	8	2	2	251.971
2	4	4	4	2	495.482
1	8	4	2	2	497.9244
16	4	1	32	2	1699.288
2	2	4	2	2	250.2644
1	4	4	2	2	251.095
2	8	4	2	2	499.6554
16	16	1	8	2	1597.368
8	8	1	32	2	3233.976
8	4	8	32	2	10714.04
1	8	4	4	2	985.2556
2	2	16	2	2	492.0832
2	8	4	4	2	987.1422
16	4	1	2	2	263.2136
2	1	2	8	2	245.2982
1	8	4	8	2	1965.822
2	8	4	8	2	1981.516
2	4	4	8	2	977.2946
1	1	2	32	2	983.0572
1	1	2	16	2	482.55
1	4	4	4	2	481.4912
4	1	2	16	2	483.3804
1	2	16	2	2	492.3794
2	2	16	4	2	968.8778
2	2	16	8	2	1937.528
4	1	2	8	2	242.8062
1	4	4	8	2	953.2858
1	2	4	2	2	243.2396
2	1	2	16	2	474.9544
2	2	16	16	2	3871.752
1	2	16	4	2	968.9756
1	2	16	8	2	1937.164
1	4	4	16	2	1902.342
8	1	2	8	2	240.693
1	2	16	16	2	3869.198
2	1	2	32	2	957.4324
1	2	2	4	2	238.3144
1	2	2	8	2	235.3384
1	2	16	32	2	7750.844
2	1	8	2	2	237.1394
32	2	1	32	2	1392.99
32	4	1	2	2	261.9496
1	1	16	16	2	1827.768
1	1	16	8	2	909.167
4	1	2	4	2	228.678
2	2	2	4	2	228.64
4	2	2	4	2	229.53
1	1	16	4	2	451.3044
1	1	16	32	2	3673.658
32	16	1	4	2	798.5566
1	1	16	2	2	231.948
1	4	8	1	2	299.3874
4	2	16	1	2	293.352
1	1	8	2	2	230.4058
8	1	2	4	2	227.8798
2	1	2	4	2	222.0624
4	4	8	1	2	307.2216
1	2	2	32	2	889.7418
4	4	4	1	2	267.4306
16	32	1	4	2	1575.554
16	1	2	4	2	226.1514
8	2	2	4	2	223.5532
8	1	32	1	2	330.6436
4	2	2	8	2	218.2048
4	2	2	2	2	214.6856
16	1	16	1	2	304.5134
1	1	2	4	2	217.3698
8	2	2	2	2	215.0698
1	16	1	1	2	332.032
2	2	2	8	2	215.5838
8	2	16	1	2	294.33
2	4	8	1	2	294.2094
2	2	16	1	2	245.1926
1	2	2	16	2	422.5136
1	8	4	1	2	245.3352
8	2	8	1	2	305.5104
2	2	2	2	2	211.6528
2	4	4	1	2	252.2342
1	32	1	1	2	615.0626
1	4	4	1	2	235.789
2	2	2	16	2	423.0558
16	2	8	1	2	295.2058
8	4	8	1	2	540.1716
4	8	4	1	2	266.8468
2	2	8	1	2	225.613
4	2	8	1	2	226.0288
16	1	32	1	2	399.9746
1	2	16	1	2	247.202
2	8	4	1	2	244.2114
1	4	2	2	2	207.6524
16	2	2	2	2	212.2324
8	1	16	1	2	219.0274
4	1	1	4	2	204.8476
1	2	2	2	2	207.645
32	8	1	2	2	267.7886
8	1	1	4	2	204.4302
32	2	8	1	2	293.9854
16	2	16	1	2	538.0538
4	1	32	2	2	409.4032
16	32	1	2	2	785.439
4	1	32	4	2	817.6152
4	1	32	8	2	1634.838
16	1	1	4	2	205.8906
4	1	32	16	2	3268.862
32	1	16	1	2	296.3844
2	16	1	1	2	326.3044
2	1	1	4	2	199.5382
32	1	1	4	2	206.8412
32	16	1	2	2	397.451
2	4	2	2	2	200.4632
4	4	2	1	2	206.3208
2	4	2	1	2	204.7074
4	1	16	1	2	205.4396
8	16	1	1	2	324.5674
8	32	1	1	2	634.7614
16	4	8	1	2	523.9874
1	2	8	1	2	206.637
4	4	2	2	2	199.8654
1	1	1	4	2	194.9464
4	1	32	1	2	205.002
4	32	1	1	2	640.0694
1	4	2	1	2	201.6094
8	4	2	1	2	202.3076
32	4	4	1	2	256.5884
8	4	2	2	2	198.9214
8	8	4	1	2	266.0576
32	1	32	1	2	535.8608
2	32	1	1	2	630.1144
16	4	4	1	2	257.8548
4	16	1	1	2	327.6086
8	4	4	1	2	263.0634
32	2	16	1	2	524.0094
32	1	4	2	2	192.2084
32	4	8	1	2	520.8656
16	8	4	1	2	262.4642
16	1	4	2	2	185.7704
16	4	2	1	2	201.2696
2	1	32	2	2	369.0756
4	4	2	4	2	184.2662
2	1	32	4	2	737.5818
2	1	32	8	2	1474.064
8	2	4	1	2	182.4006
8	1	4	2	2	180.9044
4	1	4	2	2	180.647
2	1	32	16	2	2950.012
4	2	4	1	2	180.5398
16	2	4	1	2	180.511
16	16	1	1	2	322.7658
2	4	2	8	2	351.936
2	1	32	1	2	185.0674
2	4	2	4	2	173.4332
1	1	4	2	2	176.2918
32	2	4	1	2	178.876
2	1	16	1	2	178.6994
32	32	1	2	2	782.524
8	1	8	1	2	171.4102
1	4	2	16	2	679.5882
1	8	1	1	2	168.315
4	2	1	2	2	166.9504
8	2	1	2	2	167.6188
2	1	4	2	2	167.0866
16	2	1	2	2	169.8628
2	2	4	1	2	167.1602
1	4	2	8	2	327.0576
1	8	2	1	2	165.2098
1	1	32	2	2	338.0882
16	32	1	1	2	525.4972
1	4	2	4	2	162.4604
1	1	32	4	2	672.5848
32	2	1	2	2	170.6164
16	1	8	1	2	162.599
1	1	32	8	2	1344.844
2	8	1	1	2	163.7124
1	1	32	32	2	5380.002
1	2	4	1	2	163.8562
1	1	32	16	2	2690.674
2	2	1	2	2	158.0596
4	8	1	1	2	163.923
16	1	2	2	2	157.8684
32	1	2	2	2	159.6884
32	1	8	1	2	161.9504
8	8	1	1	2	162.6986
2	8	2	1	2	157.4432
4	32	1	32	2	6366.344
32	4	1	32	2	846.0598
1	1	32	1	2	168.8354
4	1	8	1	2	155.984
8	32	1	16	2	3168.77
8	1	2	2	2	152.85
4	1	2	2	2	152.1656
1	2	1	2	2	153.0358
4	8	2	1	2	155.1892
32	8	1	16	2	799.9054
16	16	1	16	2	1598.322
8	8	2	1	2	153.7104
32	16	1	1	2	266.177
16	8	1	1	2	161.3184
8	2	2	1	2	146.7946
16	2	2	1	2	147.948
2	1	8	1	2	148.9686
1	1	16	1	2	154.1668
4	2	2	1	2	144.3636
8	16	1	32	2	3214.928
32	16	1	8	2	798.784
32	2	2	1	2	148.937
2	1	2	2	2	143.4326
1	8	2	2	2	142.0558
1	8	2	4	2	284.2128
1	8	2	8	2	566.4058
16	8	1	32	2	1607.062
16	1	4	1	2	138.367
32	1	4	1	2	139.7908
8	1	4	1	2	137.671
32	32	1	1	2	392.6388
32	8	1	1	2	160.202
1	1	2	2	2	137.9042
16	32	1	8	2	1575.83
2	2	2	1	2	135.726
1	1	8	1	2	140.0514
4	4	1	1	2	133.8834
2	8	2	4	2	267.7886
1	16	2	2	2	266.1914
1	16	2	1	2	133.4064
2	8	2	2	2	132.8118
2	4	1	1	2	131.7096
4	1	4	1	2	132.2668
1	16	2	4	2	527.6366
8	4	1	1	2	132.0362
1	4	1	1	2	129.4856
4	8	2	2	2	129.5554
16	4	1	1	2	131.558
2	16	2	2	2	257.5672
2	16	2	1	2	128.386
32	32	1	4	2	782.4804
1	2	2	1	2	126.4672
32	4	1	1	2	131.0566
4	16	2	1	2	122.3854
2	1	4	1	2	119.1088
1	1	4	1	2	111.6932
4	1	1	2	2	102.4398
16	1	1	2	2	102.8918
8	1	1	2	2	102.1268
32	1	1	2	2	103.353
2	1	1	2	2	99.64668
1	1	1	2	2	97.3851
32	1	2	1	2	89.54228
16	1	2	1	2	88.54652
8	1	2	1	2	86.90248
4	1	2	1	2	84.3245
16	2	1	1	2	84.85712
8	2	1	1	2	84.0131
32	2	1	1	2	85.34612
4	2	1	1	2	83.64848
2	2	1	1	2	79.3419
2	1	2	1	2	78.77704
32	16	1	16	2	795.1282
1	2	1	1	2	76.2399
32	32	1	8	2	784.2192
1	1	2	1	2	74.47052
16	1	1	1	2	51.46982
32	1	1	1	2	51.6697
4	1	1	1	2	51.24462
8	1	1	1	2	51.07682
2	1	1	1	2	49.8353
1	1	1	1	2	48.69472
