1	4	1	8	2	632.4866
2	4	1	8	2	618.3424
1	4	1	16	2	607.9728
1	8	1	8	2	605.507
4	4	1	8	2	598.7428
1	8	1	4	2	594.9344
2	4	1	16	2	591.7142
1	16	1	4	2	589.7108
1	16	1	8	2	582.8266
2	8	1	8	2	575.9844
4	8	1	8	2	572.2356
1	1	1	32	2	570.5526
4	8	1	4	2	568.7486
1	8	1	16	2	568.241
2	8	1	4	2	563.1654
4	4	1	16	2	562.314
2	1	1	32	2	561.8632
2	16	1	4	2	556.1464
1	4	1	32	2	554.5394
8	4	1	8	2	553.8174
4	1	1	32	2	552.4782
1	32	1	4	2	551.26
2	8	1	16	2	547.429
1	16	1	16	2	546.2206
2	16	1	8	2	543.0702
4	1	1	16	2	542.5364
1	1	1	16	2	539.1638
2	1	1	16	2	533.8128
1	32	1	8	2	533.2996
4	16	1	4	2	531.6746
2	32	1	4	2	529.9572
8	1	1	16	2	528.7324
1	8	1	32	2	523.3016
8	8	1	4	2	514.485
2	4	1	32	2	511.8278
8	1	1	32	2	511.7936
4	2	1	8	2	509.8668
2	4	1	4	2	501.78
1	4	1	4	2	496.6142
4	4	1	4	2	495.859
2	2	1	8	2	495.4786
16	1	1	16	2	495.3038
8	2	1	8	2	492.3528
1	2	1	8	2	492.1384
8	2	8	4	2	492.1304
8	4	8	4	2	487.4664
4	2	1	16	2	482.8698
8	2	8	8	2	479.1904
16	1	16	4	2	479.1268
32	1	32	4	2	477.4588
16	2	16	4	2	475.941
8	4	8	8	2	473.2496
32	1	32	8	2	471.9416
16	1	16	8	2	469.6718
16	2	16	8	2	467.874
1	2	1	16	2	465.485
2	2	1	16	2	462.4574
8	1	8	8	2	462.1402
16	2	1	8	2	461.7514
8	2	1	16	2	460.6458
8	4	1	4	2	457.586
16	2	8	4	2	455.2762
8	1	8	4	2	454.6514
1	2	1	32	2	453.3244
2	2	1	32	2	450.1358
16	1	16	16	2	446.8238
32	2	16	4	2	446.7448
16	1	8	4	2	446.0408
8	2	8	16	2	443.569
16	4	8	4	2	442.7708
32	1	16	4	2	441.7848
32	1	16	8	2	439.9816
4	16	1	8	2	438.7912
4	8	1	16	2	436.8068
4	2	1	32	2	434.8368
16	2	8	8	2	434.8248
8	4	1	16	2	434.3002
16	4	1	4	2	432.7566
16	4	1	8	2	429.8842
2	32	1	8	2	429.4576
16	1	8	8	2	428.6076
4	4	1	32	2	428.0456
32	1	8	4	2	425.6642
8	8	1	8	2	425.3712
2	16	1	16	2	424.5908
32	2	8	4	2	424.4122
32	1	8	8	2	423.6798
1	32	1	16	2	416.224
16	1	8	16	2	415.8798
8	1	8	16	2	414.9634
1	16	1	32	2	411.5972
4	32	1	4	2	408.262
16	1	1	32	2	404.4352
8	16	1	4	2	397.3748
8	1	8	32	2	395.8026
16	1	32	4	2	392.6192
2	8	1	32	2	391.7372
16	1	32	8	2	389.9726
8	2	8	2	2	383.8058
16	1	32	16	2	379.6436
8	4	8	16	2	379.3204
1	16	1	2	2	374.4982
8	4	8	2	2	374.4096
16	2	16	16	2	374.2424
32	1	16	2	2	373.9614
16	2	8	2	2	367.959
16	2	1	16	2	367.637
2	16	1	2	2	367.0424
32	2	8	8	2	365.7308
16	1	16	2	2	365.6028
16	8	1	4	2	365.4966
16	2	16	2	2	364.3598
32	2	1	8	2	364.0002
4	1	1	8	2	363.8408
16	4	8	8	2	362.0012
32	2	16	8	2	359.755
8	1	1	8	2	359.1044
32	1	32	2	2	359.007
32	1	1	16	2	357.7682
8	2	1	32	2	357.735
1	32	1	2	2	357.401
2	1	1	8	2	355.9828
32	2	8	2	2	352.8854
16	1	32	2	2	352.2666
2	32	1	2	2	352.1864
16	2	8	16	2	350.4332
4	32	1	2	2	350.2108
32	2	16	2	2	349.2814
16	1	1	8	2	348.697
8	2	8	32	2	348.3398
16	4	8	2	2	347.4694
1	1	1	8	2	346.262
32	1	16	16	2	343.8198
32	4	8	4	2	342.8492
4	16	1	2	2	339.1836
32	4	1	4	2	334.8112
32	4	8	2	2	333.1802
8	16	1	2	2	330.9342
32	1	1	8	2	329.096
32	1	8	16	2	327.8078
4	2	1	4	2	327.4646
8	2	1	4	2	321.9302
4	1	4	8	2	321.294
8	1	32	2	2	321.2356
8	1	32	4	2	319.2156
1	8	1	2	2	318.3784
4	1	8	8	2	316.794
4	1	8	4	2	316.5986
16	1	8	32	2	316.1208
4	1	4	16	2	314.62
16	2	1	4	2	314.3424
8	1	4	8	2	311.8636
2	8	1	2	2	311.3812
2	2	1	4	2	310.729
4	1	8	16	2	310.3976
16	1	4	8	2	306.0384
4	16	1	16	2	303.7814
2	32	1	16	2	303.324
8	2	4	4	2	302.4176
4	2	4	4	2	302.3338
8	2	4	8	2	301.7352
4	2	4	8	2	301.4338
1	2	1	4	2	301.0686
8	8	1	16	2	300.828
4	4	8	2	2	299.7648
4	4	8	4	2	297.2734
4	4	8	8	2	296.1968
4	8	1	2	2	295.8594
32	4	1	8	2	295.8184
8	16	1	8	2	295.7284
32	2	1	4	2	294.8168
16	2	4	4	2	294.5724
4	32	1	8	2	294.3044
16	4	1	16	2	293.8914
4	8	1	32	2	293.4802
8	1	8	2	2	292.7534
1	1	8	8	2	292.0626
8	8	1	2	2	292.0582
2	1	4	8	2	291.75
2	1	8	8	2	291.6304
1	32	1	32	2	291.4434
2	16	1	32	2	291.1226
1	1	8	16	2	290.9254
8	1	16	4	2	290.9142
2	1	8	4	2	289.9728
2	1	4	16	2	289.3586
1	4	8	2	2	289.0726
2	1	8	16	2	288.874
8	1	16	8	2	288.4906
1	4	8	4	2	288.3896
1	1	8	4	2	288.3496
1	4	8	8	2	287.8698
4	2	16	2	2	287.2756
2	1	4	32	2	287.0092
4	32	1	16	2	286.5386
8	1	4	4	2	286.1822
2	4	8	2	2	286.147
8	1	16	2	2	285.9
4	2	16	4	2	285.3564
1	4	8	16	2	284.6746
4	2	8	4	2	284.2642
4	2	16	8	2	284.2468
1	1	8	32	2	283.937
4	2	8	8	2	283.8974
4	1	4	4	2	283.5164
8	2	16	2	2	283.309
16	1	8	2	2	283.0232
4	1	16	4	2	282.9296
16	1	4	4	2	282.838
2	1	8	32	2	282.5114
4	1	16	8	2	282.2456
8	2	16	4	2	281.5312
4	1	16	2	2	281.2676
32	1	1	32	2	280.9442
1	1	4	8	2	280.5912
16	8	1	8	2	280.4284
8	32	1	2	2	280.206
2	4	8	4	2	279.9298
8	4	1	32	2	279.6128
4	1	16	16	2	279.148
4	2	8	2	2	279.134
2	2	4	4	2	278.2676
8	2	16	8	2	277.6998
32	1	8	2	2	277.6994
32	1	4	4	2	277.2208
2	4	8	8	2	276.3388
32	4	1	16	2	275.6866
2	2	4	8	2	274.888
1	1	4	32	2	272.5752
4	2	8	16	2	271.0884
8	16	1	16	2	270.9266
2	2	4	16	2	270.854
4	16	1	32	2	270.6368
1	1	4	16	2	270.2202
16	16	1	2	2	268.9526
4	2	4	2	2	268.1036
1	2	8	8	2	267.8192
1	2	8	16	2	267.5336
8	2	4	2	2	267.1242
1	2	8	4	2	266.8072
8	4	4	4	2	265.379
4	4	4	8	2	264.3558
16	8	1	16	2	264.0954
8	4	4	2	2	264.048
16	2	4	2	2	263.7682
2	2	8	2	2	263.6412
16	8	1	2	2	263.5404
8	32	1	8	2	263.4026
1	2	8	32	2	263.2128
4	4	4	4	2	263.2086
1	2	8	2	2	263.1944
2	2	8	8	2	263.1196
1	2	4	8	2	262.77
2	2	8	4	2	262.5822
2	2	8	16	2	262.563
8	32	1	4	2	261.9826
4	4	4	2	2	261.5328
1	2	4	4	2	260.9984
2	1	16	4	2	260.5394
2	1	16	8	2	260.1738
4	4	1	2	2	259.8786
2	1	16	16	2	259.1932
4	8	4	2	2	258.6762
16	4	8	16	2	257.8196
2	1	4	4	2	256.875
1	1	4	4	2	256.6442
2	1	16	2	2	256.365
2	4	1	2	2	255.9504
32	2	1	16	2	255.5252
1	2	4	16	2	255.5072
4	8	4	4	2	255.2924
16	16	1	4	2	254.928
2	32	1	32	2	254.4382
2	1	16	32	2	253.7772
1	4	1	2	2	253.642
1	2	4	32	2	253.4362
8	4	1	2	2	253.364
32	2	4	2	2	253.1954
32	8	1	4	2	252.0854
32	8	1	8	2	251.7938
32	4	8	8	2	251.1564
2	4	4	2	2	248.1892
1	1	2	8	2	246.4628
32	4	8	16	2	245.921
16	4	4	2	2	245.4708
16	2	1	32	2	245.1706
32	2	8	16	2	245.111
8	8	4	2	2	244.9436
4	1	8	2	2	244.857
2	4	4	4	2	244.3528
1	8	4	2	2	244.3116
16	4	1	32	2	243.9522
2	2	4	2	2	243.9204
1	4	4	2	2	243.7124
2	8	4	2	2	243.7078
16	16	1	8	2	243.1428
8	8	1	32	2	242.5916
8	4	8	32	2	242.0082
1	8	4	4	2	241.538
2	2	16	2	2	240.7836
2	8	4	4	2	240.3118
16	4	1	2	2	239.7976
2	1	2	8	2	239.7656
1	8	4	8	2	239.7362
2	8	4	8	2	239.734
2	4	4	8	2	239.5946
1	1	2	32	2	239.2318
1	1	2	16	2	239.0546
1	4	4	4	2	238.1462
4	1	2	16	2	236.4788
1	2	16	2	2	236.3296
2	2	16	4	2	236.3286
2	2	16	8	2	236.186
4	1	2	8	2	236.1298
1	4	4	8	2	235.5378
1	2	4	2	2	235.12
2	1	2	16	2	234.6556
2	2	16	16	2	234.5652
1	2	16	4	2	234.0522
1	2	16	8	2	233.589
1	4	4	16	2	233.4222
8	1	2	8	2	232.7372
1	2	16	16	2	232.1228
2	1	2	32	2	231.916
1	2	2	4	2	230.2716
1	2	2	8	2	228.5696
1	2	16	32	2	228.564
2	1	8	2	2	228.0652
32	2	1	32	2	226.5416
32	4	1	2	2	224.987
1	1	16	16	2	223.1848
1	1	16	8	2	223.011
4	1	2	4	2	222.0606
2	2	2	4	2	221.7632
4	2	2	4	2	221.3848
1	1	16	4	2	221.1834
1	1	16	32	2	220.9894
32	16	1	4	2	220.9854
1	1	16	2	2	218.3776
1	4	8	1	2	218.0122
4	2	16	1	2	218.0022
1	1	8	2	2	217.9388
8	1	2	4	2	217.8736
2	1	2	4	2	216.9036
4	4	8	1	2	216.76
1	2	2	32	2	215.524
4	4	4	1	2	215.2862
16	32	1	4	2	215.0828
16	1	2	4	2	213.8448
8	2	2	4	2	213.7846
8	1	32	1	2	212.5796
4	2	2	8	2	212.5584
4	2	2	2	2	212.036
16	1	16	1	2	211.196
1	1	2	4	2	210.8504
8	2	2	2	2	210.8182
1	16	1	1	2	210.6412
2	2	2	8	2	209.9112
8	2	16	1	2	209.752
2	4	8	1	2	209.0156
2	2	16	1	2	208.9764
1	2	2	16	2	208.6538
1	8	4	1	2	208.6042
8	2	8	1	2	208.3676
2	2	2	2	2	208.342
2	4	4	1	2	208.2134
1	32	1	1	2	208.1558
1	4	4	1	2	207.1472
2	2	2	16	2	206.9944
16	2	8	1	2	206.4118
8	4	8	1	2	206.0634
4	8	4	1	2	205.5214
2	2	8	1	2	205.0146
4	2	8	1	2	204.8752
16	1	32	1	2	204.7962
1	2	16	1	2	204.744
2	8	4	1	2	204.0634
1	4	2	2	2	204.0608
16	2	2	2	2	203.7926
8	1	16	1	2	203.5226
4	1	1	4	2	203.0534
1	2	2	2	2	203.0078
32	8	1	2	2	202.8242
8	1	1	4	2	201.6848
32	2	8	1	2	201.1542
16	2	16	1	2	201.1398
4	1	32	2	2	201.0462
16	32	1	2	2	200.9646
4	1	32	4	2	200.878
4	1	32	8	2	200.529
16	1	1	4	2	200.3954
4	1	32	16	2	199.468
32	1	16	1	2	199.1288
2	16	1	1	2	198.0054
2	1	1	4	2	197.345
32	1	1	4	2	196.9462
32	16	1	2	2	195.7164
2	4	2	2	2	195.5966
4	4	2	1	2	195.4308
2	4	2	1	2	193.8508
4	1	16	1	2	193.3192
8	16	1	1	2	192.9512
8	32	1	1	2	192.433
16	4	8	1	2	192.3498
1	2	8	1	2	192.3408
4	4	2	2	2	192.2666
1	1	1	4	2	191.784
4	1	32	1	2	191.116
4	32	1	1	2	190.7524
1	4	2	1	2	189.8194
8	4	2	1	2	189.1852
32	4	4	1	2	188.7718
8	4	2	2	2	188.1304
8	8	4	1	2	187.7032
32	1	32	1	2	187.688
2	32	1	1	2	187.3788
16	4	4	1	2	187.1388
4	16	1	1	2	186.2016
8	4	4	1	2	185.9114
32	2	16	1	2	185.3782
32	1	4	2	2	184.751
32	4	8	1	2	184.7124
16	8	4	1	2	183.9172
16	1	4	2	2	182.1948
16	4	2	1	2	179.9004
2	1	32	2	2	179.8632
4	4	2	4	2	179.6458
2	1	32	4	2	179.627
2	1	32	8	2	179.3976
8	2	4	1	2	179.089
8	1	4	2	2	178.927
4	1	4	2	2	178.8554
2	1	32	16	2	178.1228
4	2	4	1	2	176.866
16	2	4	1	2	174.0538
16	16	1	1	2	173.2886
2	4	2	8	2	173.2298
2	1	32	1	2	172.5352
2	4	2	4	2	170.704
1	1	4	2	2	170.0862
32	2	4	1	2	169.8816
2	1	16	1	2	169.0454
32	32	1	2	2	168.455
8	1	8	1	2	167.8502
1	4	2	16	2	166.0158
1	8	1	1	2	165.4308
4	2	1	2	2	165.2272
8	2	1	2	2	164.8446
2	1	4	2	2	164.3676
16	2	1	2	2	163.6374
2	2	4	1	2	162.8286
1	4	2	8	2	162.2266
1	8	2	1	2	162.0298
1	1	32	2	2	161.8024
16	32	1	1	2	161.6072
1	4	2	4	2	161.178
1	1	32	4	2	160.9202
32	2	1	2	2	160.7814
16	1	8	1	2	160.004
1	1	32	8	2	159.8068
2	8	1	1	2	158.8604
1	1	32	32	2	158.6016
1	2	4	1	2	157.248
1	1	32	16	2	156.4738
2	2	1	2	2	156.344
4	8	1	1	2	156.1872
16	1	2	2	2	155.7368
32	1	2	2	2	154.9812
32	1	8	1	2	154.6942
8	8	1	1	2	154.3908
2	8	2	1	2	154.1536
4	32	1	32	2	153.7542
32	4	1	32	2	153.0784
1	1	32	1	2	152.633
4	1	8	1	2	152.5408
8	32	1	16	2	151.8994
8	1	2	2	2	151.5842
4	1	2	2	2	150.9668
1	2	1	2	2	150.0056
4	8	2	1	2	149.5856
32	8	1	16	2	146.5066
16	16	1	16	2	146.409
8	8	2	1	2	146.223
32	16	1	1	2	145.5314
16	8	1	1	2	145.0918
8	2	2	1	2	144.7224
16	2	2	1	2	144.5428
2	1	8	1	2	144.1674
1	1	16	1	2	143.6558
4	2	2	1	2	142.987
8	16	1	32	2	142.683
32	16	1	8	2	142.6764
32	2	2	1	2	142.2214
2	1	2	2	2	141.3528
1	8	2	2	2	140.7762
1	8	2	4	2	140.715
1	8	2	8	2	139.979
16	8	1	32	2	139.3502
16	1	4	1	2	136.4514
32	1	4	1	2	136.4478
8	1	4	1	2	136.2212
32	32	1	1	2	135.963
32	8	1	1	2	135.2194
1	1	2	2	2	134.7784
16	32	1	8	2	134.4056
2	2	2	1	2	133.4278
1	1	8	1	2	133.073
4	4	1	1	2	132.4768
2	8	2	4	2	131.8062
1	16	2	2	2	131.4602
1	16	2	1	2	131.362
2	8	2	2	2	131.1654
2	4	1	1	2	130.3478
4	1	4	1	2	130.1562
1	16	2	4	2	130.0148
8	4	1	1	2	129.1858
1	4	1	1	2	127.0582
4	8	2	2	2	126.875
16	4	1	1	2	126.5734
2	16	2	2	2	126.0382
2	16	2	1	2	125.5844
32	32	1	4	2	124.7528
1	2	2	1	2	123.455
32	4	1	1	2	121.7706
4	16	2	1	2	117.984
2	1	4	1	2	116.4976
1	1	4	1	2	107.794
4	1	1	2	2	101.9462
16	1	1	2	2	101.8016
8	1	1	2	2	101.4698
32	1	1	2	2	101.4692
2	1	1	2	2	98.9745
1	1	1	2	2	96.10346
32	1	2	1	2	88.18816
16	1	2	1	2	87.76926
8	1	2	1	2	86.3623
4	1	2	1	2	83.80408
16	2	1	1	2	83.7785
8	2	1	1	2	83.3896
32	2	1	1	2	83.23178
4	2	1	1	2	83.23064
2	2	1	1	2	78.81792
2	1	2	1	2	77.82864
32	16	1	16	2	77.1515
1	2	1	1	2	75.35174
32	32	1	8	2	73.66514
1	1	2	1	2	72.93452
16	1	1	1	2	51.19956
32	1	1	1	2	51.18098
4	1	1	1	2	51.056
8	1	1	1	2	50.90016
2	1	1	1	2	49.2548
1	1	1	1	2	47.63714
