1	2	1	8	2	627.8043333
2	1	2	8	2	598.9716667
1	4	1	8	2	584.6253333
1	2	1	16	2	575.1773333
2	2	1	8	2	567.087
1	1	1	16	2	564.2923333
1	8	1	8	2	553.942
2	2	2	8	2	537.536
2	1	4	8	2	536.7006667
1	16	1	8	2	535.708
1	1	4	8	2	534.7246667
1	1	1	32	2	533.6466667
2	1	2	16	2	533.479
2	4	1	8	2	530.6933333
2	2	1	16	2	528.223
8	2	2	8	2	527.6916667
1	1	4	16	2	527.1626667
16	1	8	8	2	524.8886667
8	1	2	8	2	523.4646667
2	1	4	16	2	522.032
2	4	2	16	2	511.79
1	1	4	32	2	510.215
4	1	4	8	2	509.997
2	4	2	8	2	509.641
1	32	1	8	2	506.2416667
2	16	2	8	2	505.5106667
1	4	1	16	2	504.2953333
1	8	1	16	2	502.015
2	2	4	8	2	501.8466667
2	2	2	16	2	500.9386667
2	1	1	16	2	498.4073333
16	2	1	8	2	495.7283333
2	8	2	8	2	494.2093333
2	16	1	8	2	492.288
8	2	4	16	2	491.0783333
8	1	4	16	2	490.5013333
16	1	4	16	2	490.102
2	8	1	16	2	489.74
1	2	2	16	2	487.6336667
2	8	1	8	2	487.1223333
1	1	2	16	2	486.973
1	2	1	32	2	486.931
16	1	2	8	2	486.8496667
1	4	1	4	2	485.5773333
16	2	2	8	2	485.2353333
4	4	2	8	2	484.2136667
1	4	4	8	2	481.7203333
8	2	4	8	2	481.3936667
1	2	4	8	2	480.1843333
1	2	4	16	2	479.568
32	1	8	8	2	479.4756667
4	2	2	16	2	479.2456667
4	2	2	8	2	479.0086667
8	4	1	32	2	478.303
1	1	2	32	2	477.5056667
16	1	4	8	2	477.3333333
32	1	4	16	2	477.234
4	4	1	8	2	477.2203333
2	1	1	32	2	476.6593333
2	2	4	16	2	475.2793333
4	1	2	16	2	474.1456667
8	1	4	8	2	468.5223333
2	1	4	32	2	466.412
8	2	2	16	2	466.1686667
1	4	1	32	2	465.8393333
16	1	1	16	2	465.1446667
8	2	1	16	2	464.9
1	2	2	8	2	464.7456667
8	4	4	16	2	464.3373333
16	1	16	8	2	464.3303333
8	2	8	8	2	464.1723333
16	2	4	16	2	463.6013333
4	1	2	8	2	462.0956667
32	1	8	16	2	460.7143333
4	8	1	8	2	460.427
16	1	2	16	2	459.7183333
4	2	1	16	2	459.6306667
16	1	16	16	2	459.4153333
4	4	4	16	2	458.353
1	16	1	16	2	457.544
16	2	8	8	2	456.6263333
2	1	2	32	2	456.5843333
1	2	4	4	2	456.451
1	4	4	16	2	455.87
1	32	1	32	2	455.861
1	4	4	4	2	454.6473333
2	32	1	16	2	454.4853333
4	4	4	8	2	453.8543333
8	1	2	16	2	452.6853333
32	1	2	8	2	452.647
4	2	1	8	2	452.6173333
1	2	2	32	2	451.2893333
2	4	1	16	2	450.0626667
1	2	4	32	2	449.761
2	1	8	8	2	449.3156667
2	8	2	16	2	448.3343333
16	2	8	16	2	448.065
2	2	2	32	2	446.3423333
8	4	8	16	2	446.0356667
8	1	1	16	2	445.377
1	8	1	4	2	445.043
2	4	1	4	2	444.7823333
1	4	2	4	2	443.9583333
8	1	8	16	2	443.9486667
4	2	4	16	2	443.7573333
8	2	8	16	2	443.4976667
4	8	2	8	2	443.241
2	4	4	8	2	443.0263333
2	1	8	16	2	442.831
4	2	4	32	2	440.361
32	1	4	8	2	439.842
32	1	1	16	2	439.7743333
1	16	1	4	2	438.401
1	32	1	16	2	438.336
32	2	2	8	2	438.0706667
1	1	2	8	2	438.0186667
8	2	1	8	2	437.775
2	2	1	32	2	437.1093333
2	32	1	8	2	436.407
8	4	2	8	2	433.9163333
2	1	8	4	2	432.6816667
1	8	4	8	2	432.1703333
16	2	2	16	2	431.87
2	2	4	4	2	431.618
32	2	4	8	2	430.2933333
8	1	2	32	2	429.7993333
16	2	16	8	2	429.111
8	1	8	8	2	428.9523333
32	1	16	8	2	427.745
2	2	4	32	2	426.8803333
4	8	4	8	2	424.708
8	4	2	32	2	423.459
16	1	8	16	2	423.3903333
4	1	2	32	2	423.0813333
32	1	2	16	2	422.9553333
2	4	4	16	2	422.7663333
8	8	1	16	2	422.692
4	1	8	16	2	422.5766667
4	8	4	16	2	421.94
2	8	4	8	2	421.6523333
8	4	4	8	2	421.643
4	2	4	4	2	421.063
1	8	4	16	2	421.0413333
8	1	8	32	2	421.014
4	1	4	4	2	420.6896667
1	8	1	32	2	420.4673333
1	4	2	16	2	420.1843333
1	4	4	32	2	419.3523333
16	2	2	32	2	418.3083333
16	2	1	16	2	416.8026667
4	4	2	16	2	416.4506667
1	1	8	16	2	416.3376667
16	1	16	4	2	416.3176667
4	1	1	16	2	414.505
1	8	4	4	2	414.4633333
4	1	4	32	2	414.3566667
2	2	8	8	2	414.089
1	1	1	8	2	412.2893333
8	1	4	32	2	410.6466667
8	1	1	8	2	410.3606667
2	2	2	4	2	410.1726667
8	8	1	8	2	410.03
2	4	8	8	2	409.8963333
1	1	8	8	2	409.601
4	8	2	16	2	409.3533333
1	4	2	8	2	409.2116667
4	8	4	32	2	408.079
16	2	16	16	2	407.8866667
16	1	4	32	2	407.514
1	16	1	32	2	407.463
4	8	1	16	2	407.0793333
2	16	1	16	2	407.079
8	4	1	8	2	407.065
16	4	1	16	2	406.6103333
4	8	1	32	2	406.592
4	4	4	4	2	406.59
8	8	2	8	2	406.4223333
4	2	4	8	2	406.122
16	1	2	32	2	405.7123333
4	1	1	8	2	405.282
16	1	1	32	2	405.2376667
8	8	4	8	2	405.1786667
1	1	8	32	2	405.076
16	4	1	8	2	404.3923333
16	2	4	32	2	403.5
4	1	8	32	2	403.447
1	2	1	4	2	402.969
4	1	4	16	2	402.6023333
2	4	8	16	2	402.4293333
4	16	1	16	2	402.366
2	16	2	32	2	402.2183333
2	2	8	4	2	401.8813333
4	2	2	4	2	399.9363333
32	2	2	16	2	397.843
8	2	4	4	2	397.5646667
4	1	1	32	2	397.4633333
4	1	8	4	2	397.0076667
16	2	4	8	2	396.6773333
8	8	2	16	2	395.089
8	2	2	32	2	394.9963333
16	1	1	8	2	394.8166667
8	2	1	32	2	394.6416667
16	2	4	4	2	394.5576667
2	1	4	4	2	394.491
1	4	8	4	2	394.0093333
8	2	8	4	2	393.8566667
1	2	8	8	2	393.7853333
2	1	1	8	2	393.5543333
1	32	1	4	2	393.405
8	4	4	32	2	392.903
8	4	4	4	2	392.8033333
1	4	2	32	2	392.7276667
1	1	8	4	2	392.5023333
2	4	2	32	2	392.2126667
16	4	4	16	2	392.0206667
32	2	1	8	2	391.2976667
2	4	2	4	2	391.2783333
32	2	8	8	2	390.4103333
1	2	8	16	2	389.8983333
8	2	2	4	2	388.705
8	4	2	16	2	388.2983333
1	2	8	4	2	388.1563333
4	8	4	4	2	387.6146667
1	2	2	4	2	387.614
4	4	1	16	2	387.5756667
4	1	8	8	2	387.3863333
8	1	4	4	2	387.263
2	8	2	32	2	387.2403333
2	4	4	4	2	387.0753333
32	2	4	16	2	386.1
16	1	8	32	2	384.8343333
16	4	2	16	2	384.626
2	8	1	32	2	384.6
2	4	8	4	2	384.104
2	8	4	4	2	383.2066667
32	1	16	4	2	383.142
2	2	8	16	2	383.0526667
8	4	2	4	2	382.997
8	1	8	4	2	382.9196667
4	1	16	4	2	381.937
2	1	8	32	2	381.1193333
2	2	8	32	2	380.952
4	2	8	4	2	379.3306667
2	8	2	4	2	379.318
16	2	8	4	2	379.3003333
16	1	8	4	2	378.4493333
4	8	2	4	2	378.3853333
2	4	1	32	2	378.2453333
32	1	16	16	2	378.0353333
2	2	1	4	2	377.509
4	8	1	4	2	377.439
4	4	1	4	2	376.732
4	4	4	32	2	376.519
4	2	8	8	2	376.1836667
4	2	1	32	2	375.962
16	2	2	4	2	375.7493333
2	16	1	32	2	374.886
1	2	8	32	2	374.3773333
16	4	4	8	2	373.8196667
16	4	2	8	2	373.2603333
16	2	16	4	2	373.1306667
16	4	8	8	2	372.9986667
8	2	1	4	2	372.9493333
4	8	2	32	2	372.771
2	16	2	4	2	372.335
8	4	8	4	2	372.158
2	16	1	4	2	372.1436667
16	2	1	32	2	371.7573333
8	1	16	8	2	371.6926667
1	8	2	4	2	371.4903333
4	4	2	4	2	371.4536667
1	4	8	16	2	370.2853333
32	2	1	16	2	370.2243333
8	2	8	32	2	370.1226667
4	16	1	8	2	369.6813333
1	1	4	4	2	369.2986667
4	4	8	4	2	368.804
32	2	16	8	2	367.6156667
16	1	4	4	2	367.179
8	4	1	4	2	366.9903333
4	16	2	16	2	365.736
1	4	8	32	2	365.0703333
8	1	16	16	2	364.2723333
4	1	16	8	2	363.8343333
8	1	1	32	2	363.6626667
4	2	8	16	2	363.3076667
4	1	16	16	2	363.307
8	8	4	16	2	362.7673333
8	1	16	4	2	361.4516667
8	4	8	8	2	361.2963333
8	4	1	16	2	360.8246667
1	4	8	8	2	360.6216667
32	2	8	16	2	360.2296667
8	2	16	4	2	358.7243333
32	1	2	32	2	357.3846667
16	2	1	4	2	356.774
4	16	2	8	2	355.276
2	1	16	8	2	353.5796667
4	2	16	4	2	353.0473333
2	1	16	16	2	352.8813333
4	2	1	4	2	352.7916667
4	4	8	8	2	350.2113333
4	4	1	32	2	349.5313333
4	4	2	32	2	349.4166667
1	8	2	8	2	348.0446667
2	1	2	4	2	347.915
32	1	8	4	2	347.647
4	2	2	32	2	347.5376667
4	2	16	8	2	344.9926667
32	1	4	4	2	344.494
2	8	1	4	2	343.8166667
2	1	16	4	2	343.8016667
8	8	2	4	2	342.9753333
16	4	4	4	2	342.4483333
2	1	16	32	2	341.7993333
4	1	16	32	2	341.5233333
16	4	8	4	2	340.0453333
16	4	2	4	2	338.294
32	1	32	4	2	337.695
8	2	16	8	2	337.5136667
2	2	16	4	2	337.3426667
32	1	1	8	2	336.94
8	8	1	4	2	336.559
8	2	4	32	2	336.095
32	2	4	4	2	334.392
2	32	1	4	2	334.138
4	4	8	16	2	333.7036667
4	1	2	4	2	332.7843333
32	1	1	32	2	332.643
1	8	2	16	2	332.587
2	2	16	16	2	332.12
8	8	4	4	2	332.033
16	4	8	16	2	330.995
16	4	1	4	2	330.7286667
32	2	8	4	2	326.981
2	2	16	32	2	323.328
1	1	16	8	2	321.443
32	1	32	8	2	320.3516667
1	1	16	16	2	320.3206667
16	8	1	8	2	319.7586667
8	1	2	4	2	319.5693333
16	1	2	4	2	319.5673333
1	1	2	4	2	318.913
4	2	16	16	2	318.0526667
8	16	1	8	2	314.7693333
2	2	16	8	2	313.7696667
1	1	16	32	2	313.6496667
32	2	16	4	2	312.5456667
4	16	1	4	2	312.3556667
1	1	16	4	2	312.2306667
32	4	1	8	2	311.169
1	2	16	4	2	310.764
1	2	16	8	2	308.7376667
2	16	2	16	2	306.763
16	8	4	8	2	306.296
4	16	2	4	2	305.4106667
1	2	16	16	2	305.1803333
16	8	2	8	2	302.9543333
16	1	32	4	2	302.1743333
32	1	2	4	2	300.1846667
4	32	1	8	2	299.6483333
16	1	32	8	2	299.1456667
1	2	16	32	2	297.8686667
8	8	1	32	2	290.701
32	4	2	8	2	290.2766667
32	4	8	8	2	289.4843333
32	2	1	4	2	289.181
8	16	1	16	2	284.3983333
8	16	2	8	2	283.12
4	1	32	4	2	282.464
32	2	2	4	2	282.219
4	16	1	32	2	281.9366667
32	4	4	8	2	280.5193333
2	32	1	32	2	279.9753333
16	4	1	32	2	274.9796667
8	1	32	4	2	274.8366667
2	1	16	2	2	273.49
8	1	32	8	2	273.0286667
1	1	16	2	2	271.656
4	1	8	2	2	270.858
4	1	32	8	2	270.6526667
4	1	32	16	2	270.623
8	1	32	16	2	268.573
1	1	8	2	2	267.9716667
16	8	1	16	2	267.9643333
2	1	8	2	2	263.0453333
16	8	2	4	2	262.454
1	2	16	2	2	262.2483333
1	2	4	2	2	261.315
1	4	2	2	2	261.1286667
4	1	16	2	2	260.6716667
8	16	1	4	2	259.62
4	1	32	2	2	259.369
1	2	2	2	2	258.2826667
1	2	8	2	2	258.1673333
4	32	1	16	2	257.5043333
32	4	1	16	2	256.8396667
4	1	4	2	2	256.1756667
1	16	2	4	2	254.8416667
1	4	4	2	2	253.1083333
1	16	2	8	2	252.9906667
32	4	4	4	2	252.4496667
1	4	8	2	2	251.004
2	2	4	2	2	250.1486667
1	4	1	2	2	248.9116667
2	1	32	4	2	246.9783333
2	1	32	8	2	245.9036667
1	8	2	2	2	245.8876667
32	4	1	4	2	245.791
16	8	1	4	2	245.416
8	16	2	4	2	245.3466667
1	8	1	2	2	245.2923333
8	1	32	2	2	245.2823333
8	1	8	2	2	244.3856667
2	2	8	2	2	244.141
4	2	16	2	2	244.064
4	2	2	2	2	243.979
16	8	4	4	2	242.9263333
8	1	4	2	2	242.6133333
2	1	32	2	2	241.52
2	2	16	2	2	241.444
8	1	16	2	2	240.4826667
8	2	16	2	2	239.8366667
1	8	4	2	2	239.689
32	4	8	4	2	239.6803333
8	2	8	2	2	239.2976667
2	4	2	2	2	239.272
2	4	4	2	2	238.8846667
2	1	32	16	2	238.8576667
4	2	4	2	2	237.9136667
16	1	4	2	2	237.264
8	2	2	2	2	236.4296667
2	8	1	2	2	235.941
2	1	4	2	2	235.3606667
4	32	1	4	2	235.332
8	4	4	2	2	235.273
2	2	2	2	2	235.2483333
8	2	4	2	2	235.2363333
1	16	1	2	2	235.2176667
2	8	4	2	2	235.14
1	16	2	2	2	234.2533333
16	1	16	2	2	234.1576667
4	2	8	2	2	234.139
32	4	2	4	2	233.744
2	4	1	2	2	233.2633333
16	1	8	2	2	233.152
4	8	2	2	2	233.033
4	4	8	2	2	232.3926667
8	4	2	2	2	231.4263333
2	8	2	2	2	231.4013333
16	1	32	2	2	231.357
8	4	8	2	2	231.198
4	4	1	2	2	230.734
2	1	32	32	2	230.6053333
4	8	1	2	2	230.4806667
4	1	1	4	2	230.4613333
2	16	1	2	2	230.375
1	1	4	2	2	230.2426667
4	4	4	2	2	230.173
4	4	2	2	2	229.1366667
2	1	1	4	2	227.6843333
2	16	2	2	2	227.2476667
4	8	4	2	2	227.175
8	1	1	4	2	226.489
16	2	2	2	2	226.31
32	1	16	2	2	225.8626667
16	2	8	2	2	225.631
8	4	1	2	2	225.3476667
16	2	16	2	2	225.2146667
1	32	1	2	2	225.0663333
32	1	32	2	2	224.3433333
16	16	1	8	2	224.0016667
32	1	8	2	2	223.572
8	32	1	8	2	222.243
16	2	4	2	2	220.4656667
8	8	4	2	2	220.1406667
4	16	1	2	2	219.3223333
8	8	2	2	2	218.7176667
32	8	1	8	2	218.3633333
32	1	4	2	2	218.246
4	16	2	2	2	215.815
16	1	1	4	2	214.692
16	4	4	2	2	214.6836667
1	1	1	4	2	213.9296667
8	8	1	2	2	213.8453333
32	2	1	32	2	213.0313333
4	2	1	2	2	212.984
1	1	32	8	2	212.377
1	1	32	4	2	212.2923333
32	2	16	2	2	211.9443333
1	1	32	16	2	211.657
16	4	8	2	2	211.3493333
1	1	32	2	2	209.6976667
1	1	32	32	2	209.5336667
16	4	2	2	2	209.3846667
8	2	1	2	2	209.117
32	1	1	4	2	208.508
2	32	1	2	2	207.661
2	2	1	2	2	205.932
1	2	1	2	2	204.6706667
16	4	1	2	2	204.4606667
32	2	2	2	2	204.363
32	2	8	2	2	202.7223333
32	2	4	2	2	202.2683333
16	16	1	4	2	201.8163333
8	32	1	4	2	199.8916667
16	2	1	2	2	198.3326667
32	8	1	4	2	198.116
4	32	1	2	2	192.3396667
8	16	1	2	2	190.776
32	8	2	4	2	190.6493333
16	16	2	4	2	189.4066667
2	1	2	2	2	188.9393333
8	16	2	2	2	186.0706667
32	8	4	4	2	186.0686667
4	1	2	2	2	185.9793333
8	1	2	2	2	185.1606667
16	8	4	2	2	183.7483333
2	4	8	2	2	181.4899
16	8	2	2	2	181.041
32	2	1	2	2	180.2816667
32	4	4	2	2	179.6606667
16	8	1	2	2	179.425
16	1	2	2	2	179.0336667
1	1	2	2	2	177.5513333
32	4	2	2	2	176.106
32	4	8	2	2	173.874
32	4	1	2	2	171.0073333
32	1	2	2	2	170.6076667
32	4	1	32	2	161.8166667
8	16	1	32	2	160.3093333
8	32	1	16	2	158.7166667
16	16	1	16	2	158.2013333
16	8	1	32	2	154.963
32	8	1	16	2	149.8136667
32	8	4	2	2	148.2333333
16	16	1	2	2	146.166
32	8	2	2	2	146.1323333
8	32	1	2	2	145.399
1	1	8	1	2	144.9713333
1	2	4	1	2	144.422
2	1	8	1	2	144.3436667
1	2	8	1	2	143.5536667
2	1	16	1	2	142.9286667
1	2	2	1	2	142.493
16	16	2	2	2	142.375
2	1	4	1	2	142.0616667
1	1	16	1	2	141.9253333
2	1	32	1	2	141.7883333
4	1	32	1	2	140.3033333
16	32	1	4	2	140.273
2	2	16	1	2	140.026
2	2	2	1	2	139.973
2	2	4	1	2	139.2136667
1	4	2	1	2	139.1413333
1	1	4	1	2	139.083
1	2	16	1	2	138.979
32	8	1	2	2	138.746
32	16	1	4	2	138.0803333
2	2	8	1	2	138.0483333
4	1	16	1	2	137.9346667
4	1	4	1	2	137.6226667
1	4	4	1	2	137.6046667
1	4	8	1	2	137.1396667
1	1	32	1	2	137.0193333
4	2	4	1	2	136.977
8	1	8	1	2	136.444
4	2	8	1	2	135.99
4	1	8	1	2	135.8386667
1	4	1	1	2	135.5523333
8	1	4	1	2	134.2346667
4	2	16	1	2	133.1526667
1	8	2	1	2	133.1383333
2	4	4	1	2	132.5756667
2	4	8	1	2	132.2093333
2	4	2	1	2	131.975
8	1	32	1	2	131.5843333
2	4	1	1	2	131.5186667
1	8	1	1	2	131.448
8	1	16	1	2	131.3426667
4	4	8	1	2	128.9283333
32	16	1	8	2	128.212
1	8	4	1	2	128.005
4	2	2	1	2	127.8986667
16	32	1	8	2	127.8726667
4	4	2	1	2	127.5036667
1	16	2	1	2	127.3663333
4	4	4	1	2	127.252
4	4	1	1	2	126.5206667
8	2	8	1	2	126.3996667
2	8	2	1	2	126.3096667
16	1	16	1	2	126.2063333
1	32	1	1	2	126.111
2	8	4	1	2	125.6873333
2	8	1	1	2	125.591
1	16	1	1	2	125.371
16	2	8	1	2	125.0343333
4	8	2	1	2	124.9223333
8	2	2	1	2	124.8626667
2	16	2	1	2	124.7806667
16	2	16	1	2	124.417
4	8	4	1	2	124.363
16	1	8	1	2	124.2773333
2	16	1	1	2	124.2113333
16	1	4	1	2	123.8763333
4	8	1	1	2	123.6856667
8	2	4	1	2	123.476
8	4	4	1	2	123.097
8	2	16	1	2	123.017
8	4	8	1	2	122.9156667
32	1	16	1	2	122.722
8	4	1	1	2	122.573
8	4	2	1	2	122.3936667
16	2	4	1	2	122.353
16	2	2	1	2	121.6406667
32	1	8	1	2	121.1696667
16	1	32	1	2	120.754
32	1	32	1	2	120.0603333
16	4	8	1	2	119.8436667
4	16	1	1	2	119.6186667
2	32	1	1	2	119.478
8	8	4	1	2	119.1556667
4	16	2	1	2	119.1516667
16	4	2	1	2	118.685
16	4	4	1	2	117.484
32	1	4	1	2	117.104
8	1	1	2	2	117.072
4	1	1	2	2	117.0526667
16	4	1	1	2	116.7923333
32	2	16	1	2	116.6423333
8	8	1	1	2	116.555
2	1	1	2	2	116.5386667
8	8	2	1	2	116.2463333
32	2	8	1	2	115.023
16	1	1	2	2	114.1656667
32	2	4	1	2	113.913
1	1	1	2	2	113.781
16	32	1	2	2	113.3313333
32	2	2	1	2	111.9136667
8	16	2	1	2	111.754
32	1	1	2	2	110.8196667
32	4	8	1	2	110.2916667
32	16	1	2	2	110.0996667
4	32	1	1	2	109.707
16	8	4	1	2	108.906
16	8	2	1	2	108.3146667
8	16	1	1	2	108.2496667
2	2	1	1	2	107.9446667
4	2	1	1	2	107.7963333
8	2	1	1	2	107.7546667
32	16	2	2	2	106.8666667
16	8	1	1	2	104.9493333
1	2	1	1	2	104.8766667
16	2	1	1	2	104.6963333
32	4	1	1	2	103.6693333
32	4	4	1	2	102.998
8	1	2	1	2	102.3296667
32	4	2	1	2	101.0514
2	1	2	1	2	101.013
16	1	2	1	2	100.9106667
4	1	2	1	2	100.378
8	32	1	1	2	100.1337667
32	2	1	1	2	99.62176667
32	1	2	1	2	98.2917
16	16	1	1	2	96.99973333
32	8	4	1	2	96.5618
16	16	2	1	2	95.8587
32	8	2	1	2	94.4056
1	1	2	1	2	93.37783333
32	8	1	1	2	90.41306667
32	32	1	4	2	88.99656667
32	32	1	2	2	81.8278
16	32	1	1	2	81.1519
32	16	2	1	2	80.92846667
32	16	1	1	2	76.34906667
8	1	1	1	2	59.07233333
32	32	1	1	2	59.02226667
4	1	1	1	2	58.67636667
16	1	1	1	2	58.45506667
2	1	1	1	2	58.22076667
32	1	1	1	2	57.22143333
1	1	1	1	2	57.08263333
