1	2	1	8	2	792.875
2	1	2	8	2	679.116
1	4	1	8	2	1315.35
1	2	1	16	2	1571.753333
2	2	1	8	2	809.088
1	1	1	16	2	871.1516667
1	8	1	8	2	2216.853333
2	2	2	8	2	1016.696667
2	1	4	8	2	620.7046667
1	16	1	8	2	4278.55
1	1	4	8	2	564.033
1	1	1	32	2	1670.01
2	1	2	16	2	1369.216667
2	4	1	8	2	1339.33
2	2	1	16	2	1591.913333
8	2	2	8	2	990.4583333
1	1	4	16	2	1121.683333
16	1	8	8	2	1313.663333
8	1	2	8	2	684.809
2	1	4	16	2	1191.683333
2	4	2	16	2	3423.66
1	1	4	32	2	2264.566667
4	1	4	8	2	913.8996667
2	4	2	8	2	1746.11
1	32	1	8	2	8093.473333
2	16	2	8	2	6120.946667
1	4	1	16	2	2633.33
1	8	1	16	2	4426.526667
2	2	4	8	2	1081.523333
2	2	2	16	2	1995.21
2	1	1	16	2	890.582
16	2	1	8	2	791.3636667
2	8	2	8	2	3403.62
2	16	1	8	2	4373.526667
8	2	4	16	2	2980.586667
8	1	4	16	2	1745.706667
16	1	4	16	2	1711.83
2	8	1	16	2	4415.916667
1	2	2	16	2	1024.279333
2	8	1	8	2	2206.743333
1	1	2	16	2	1015.566667
1	2	1	32	2	3086.316667
16	1	2	8	2	671.7276667
1	4	1	4	2	749.9313333
16	2	2	8	2	924.6776667
4	4	2	8	2	1671.036667
1	4	4	8	2	1982.516667
8	2	4	8	2	1495.99
1	2	4	8	2	1053.243333
1	2	4	16	2	2073.82
32	1	8	8	2	1390.063333
4	2	2	16	2	1897.293333
4	2	2	8	2	1008.885333
8	4	1	32	2	4892.893333
1	1	2	32	2	2042.513333
16	1	4	8	2	913.3263333
32	1	4	16	2	1643.103333
4	4	1	8	2	1347.953333
2	1	1	32	2	1714.836667
2	2	4	16	2	2170.186667
4	1	2	16	2	1340.8
8	1	4	8	2	895.3336667
2	1	4	32	2	2557.353333
8	2	2	16	2	1906.246667
1	4	1	32	2	5250.956667
16	1	1	16	2	876.802
8	2	1	16	2	1607.27
1	2	2	8	2	594.2046667
8	4	4	16	2	6004.33
16	1	16	8	2	2258.053333
8	2	8	8	2	2719.326667
16	2	4	16	2	3094.296667
4	1	2	8	2	674.766
32	1	8	16	2	2776.776667
4	8	1	8	2	2230.523333
16	1	2	16	2	1355.706667
4	2	1	16	2	1614.516667
16	1	16	16	2	4481.89
4	4	4	16	2	6281.856667
1	16	1	16	2	8571.173333
16	2	8	8	2	2674.183333
2	1	2	32	2	2697.81
1	2	4	4	2	565.6213333
1	4	4	16	2	3998.633333
1	32	1	32	2	32081.43333
1	4	4	4	2	1059.886667
2	32	1	16	2	16855.6
4	4	4	8	2	3147.833333
8	1	2	16	2	1374.68
32	1	2	8	2	658.0053333
4	2	1	8	2	817.6083333
1	2	2	32	2	2141.393333
2	4	1	16	2	2591.736667
1	2	4	32	2	4134.236667
2	1	8	8	2	935.6436667
2	8	2	16	2	6726.11
16	2	8	16	2	5392.49
2	2	2	32	2	4117.15
8	4	8	16	2	10744.16667
8	1	1	16	2	891.734
1	8	1	4	2	1119.776667
2	4	1	4	2	751.259
1	4	2	4	2	507.0063333
8	1	8	16	2	2603.923333
4	2	4	16	2	3120.98
8	2	8	16	2	5453.273333
4	8	2	8	2	3299.346667
2	4	4	8	2	1926.51
2	1	8	16	2	1877.263333
4	2	4	32	2	6095.046667
32	1	4	8	2	867.0223333
32	1	1	16	2	864.505
1	16	1	4	2	2161.59
1	32	1	16	2	16127.66667
32	2	2	8	2	899.1116667
1	1	2	8	2	532.5643333
8	2	1	8	2	814.0193333
2	2	1	32	2	3214.436667
2	32	1	8	2	8529.773333
8	4	2	8	2	1679.653333
2	1	8	4	2	489.442
1	8	4	8	2	3886.723333
16	2	2	16	2	1820.593333
2	2	4	4	2	662.998
32	2	4	8	2	1573.866667
8	1	2	32	2	2783.306667
16	2	16	8	2	4476.086667
8	1	8	8	2	1334.87
32	1	16	8	2	2286.59
2	2	4	32	2	4577.293333
4	8	4	8	2	5941.68
8	4	2	32	2	6595.183333
16	1	8	16	2	2618.826667
4	1	2	32	2	2724.013333
32	1	2	16	2	1343.593333
2	4	4	16	2	3889.58
8	8	1	16	2	4454.983333
4	1	8	16	2	1897.606667
4	8	4	16	2	11867.4
2	8	4	8	2	3762.96
8	4	4	8	2	2957.253333
4	2	4	4	2	808.47
1	8	4	16	2	7771.27
8	1	8	32	2	5334.936667
4	1	4	4	2	508.4033333
1	8	1	32	2	8820.546667
1	4	2	16	2	1892.656667
1	4	4	32	2	8113.753333
16	2	2	32	2	3560.153333
16	2	1	16	2	1593.78
4	4	2	16	2	3393.303333
1	1	8	16	2	1726.616667
16	1	16	4	2	1123.496667
4	1	1	16	2	888.0006667
1	8	4	4	2	1941.856667
4	1	4	32	2	3775.376667
2	2	8	8	2	1699.656667
1	1	1	8	2	451.211
8	1	4	32	2	3682.88
8	1	1	8	2	452.777
2	2	2	4	2	565.901
8	8	1	8	2	2240.556667
2	4	8	8	2	3510.816667
1	1	8	8	2	872.4476667
4	8	2	16	2	6392.3
1	4	2	8	2	897.8226667
4	8	4	32	2	23772.2
16	2	16	16	2	8936.866667
16	1	4	32	2	3370.353333
1	16	1	32	2	17021.5
4	8	1	16	2	4420.356667
2	16	1	16	2	8705.88
8	4	1	8	2	1319.92
16	4	1	16	2	2323.733333
4	8	1	32	2	8819.206667
4	4	4	4	2	1578.876667
8	8	2	8	2	3315.92
4	2	4	8	2	1586.48
16	1	2	32	2	2678.343333
4	1	1	8	2	448.524
16	1	1	32	2	1720.64
8	8	4	8	2	5974.39
1	1	8	32	2	3450.956667
16	4	1	8	2	1216.146667
16	2	4	32	2	6158.506667
4	1	8	32	2	3852.246667
1	2	1	4	2	421.9056667
4	1	4	16	2	1863.38
2	4	8	16	2	7030.563333
4	16	1	16	2	8807.923333
2	16	2	32	2	24434.76667
2	2	8	4	2	891.5556667
4	2	2	4	2	545.015
32	2	2	16	2	1782.233333
8	2	4	4	2	787.7686667
4	1	1	32	2	1768.743333
4	1	8	4	2	520.2383333
16	2	4	8	2	1565.206667
8	8	2	16	2	6673.94
8	2	2	32	2	3871.94
16	1	1	8	2	449.2086667
8	2	1	32	2	3242.02
16	2	4	4	2	799.3996667
2	1	4	4	2	443.013
1	4	8	4	2	1646.71
8	2	8	4	2	1400.516667
1	2	8	8	2	1621.306667
2	1	1	8	2	456.83
1	32	1	4	2	4052.236667
8	4	4	32	2	12136.43333
8	4	4	4	2	1518.03
1	4	2	32	2	3960.38
1	1	8	4	2	432.5893333
2	4	2	32	2	7117.506667
16	4	4	16	2	6246.223333
32	2	1	8	2	792.1366667
2	4	2	4	2	944.6966667
32	2	8	8	2	2801.586667
1	2	8	16	2	3245.87
8	2	2	4	2	540.8576667
8	4	2	16	2	3382.866667
1	2	8	4	2	829.4
4	8	4	4	2	2988.203333
1	2	2	4	2	435.1126667
4	4	1	16	2	2628.406667
4	1	8	8	2	982.1183333
8	1	4	4	2	502.82
2	8	2	32	2	13619.9
2	4	4	4	2	1055.816667
32	2	4	16	2	3163.353333
16	1	8	32	2	5181.566667
16	4	2	16	2	3362.176667
2	8	1	32	2	8848.053333
2	4	8	4	2	1758.766667
2	8	4	4	2	1886.28
32	1	16	4	2	1132.23
2	2	8	16	2	3424.35
8	4	2	4	2	884.6053333
8	1	8	4	2	692.71
4	1	16	4	2	784.397
2	1	8	32	2	3727.93
2	2	8	32	2	6921.236667
4	2	8	4	2	843.8733333
2	8	2	4	2	1748.81
16	2	8	4	2	1337.21
16	1	8	4	2	668.8926667
4	8	2	4	2	1697.856667
2	4	1	32	2	5307.923333
32	1	16	16	2	4557.47
2	2	1	4	2	431.2616667
4	8	1	4	2	1115.606667
4	4	1	4	2	750.2466667
4	4	4	32	2	12598.93333
4	2	8	8	2	1636.75
4	2	1	32	2	3270.52
16	2	2	4	2	532.1893333
2	16	1	32	2	17350.76667
1	2	8	32	2	6421.753333
16	4	4	8	2	3115.17
16	4	2	8	2	1687.066667
16	2	16	4	2	2236.766667
16	4	8	8	2	5364.293333
8	2	1	4	2	432.8476667
4	8	2	32	2	12777.56667
2	16	2	4	2	3080.943333
8	4	8	4	2	2682.68
2	16	1	4	2	2199.803333
16	2	1	32	2	3199.463333
8	1	16	8	2	1562.98
1	8	2	4	2	785.1436667
4	4	2	4	2	893.473
1	4	8	16	2	6466.2
32	2	1	16	2	1585.73
8	2	8	32	2	10876.06667
4	16	1	8	2	4446.683333
1	1	4	4	2	423.1606667
4	4	8	4	2	1635.966667
32	2	16	8	2	4562.1
16	1	4	4	2	495.836
8	4	1	4	2	756.4773333
4	16	2	16	2	11683.2
1	4	8	32	2	12954.2
8	1	16	16	2	3173.89
4	1	16	8	2	1562.343333
8	1	1	32	2	1786.12
4	2	8	16	2	3328.586667
4	1	16	16	2	3088.383333
8	8	4	16	2	11967.8
8	1	16	4	2	789.203
8	4	8	8	2	5357.476667
8	4	1	16	2	2484.326667
1	4	8	8	2	3240.866667
32	2	8	16	2	5520.546667
8	2	16	4	2	1581.913333
32	1	2	32	2	2641.916667
16	2	1	4	2	432.8023333
4	16	2	8	2	5897.64
2	1	16	8	2	1471.54
4	2	16	4	2	1496.03
2	1	16	16	2	2930.85
4	2	1	4	2	427.2906667
4	4	8	8	2	3270.196667
4	4	1	32	2	5373.42
4	4	2	32	2	6744.413333
1	8	2	8	2	1485.666667
2	1	2	4	2	373.2683333
32	1	8	4	2	709.247
4	2	2	32	2	4159.55
4	2	16	8	2	2990.706667
32	1	4	4	2	483.3073333
2	8	1	4	2	1118.593333
2	1	16	4	2	747.6173333
8	8	2	4	2	1712.633333
16	4	4	4	2	1578.356667
2	1	16	32	2	5771.406667
4	1	16	32	2	6272.08
16	4	8	4	2	2676.57
16	4	2	4	2	861.6473333
32	1	32	4	2	1643.796667
8	2	16	8	2	3168.446667
2	2	16	4	2	1426.366667
32	1	1	8	2	448.9453333
8	8	1	4	2	1115.836667
8	2	4	32	2	6084.336667
32	2	4	4	2	813.2493333
2	32	1	4	2	4266.383333
4	4	8	16	2	6553.103333
4	1	2	4	2	362.4573333
32	1	1	32	2	1381.323333
1	8	2	16	2	2829.216667
2	2	16	16	2	5601.62
8	8	4	4	2	3005.89
16	4	8	16	2	10707.4
16	4	1	4	2	755.007
32	2	8	4	2	1391.573333
2	2	16	32	2	11222.26667
1	1	16	8	2	1326.35
32	1	32	8	2	3305.05
1	1	16	16	2	2647.546667
16	8	1	8	2	2228.806667
8	1	2	4	2	370.1076667
16	1	2	4	2	359.7883333
1	1	2	4	2	329.6343333
4	2	16	16	2	5994.44
8	16	1	8	2	4459.066667
2	2	16	8	2	2806.88
1	1	16	32	2	5267.713333
32	2	16	4	2	2295.33
4	16	1	4	2	2215.83
1	1	16	4	2	667.5623333
32	4	1	8	2	1158.993333
1	2	16	4	2	1306.536667
1	2	16	8	2	2592.46
2	16	2	16	2	12302.26667
16	8	4	8	2	6079.096667
4	16	2	4	2	2944.606667
1	2	16	16	2	5188.87
16	8	2	8	2	3303.343333
16	1	32	4	2	1296.806667
32	1	2	4	2	353.0226667
4	32	1	8	2	8730.453333
16	1	32	8	2	2593.376667
1	2	16	32	2	10228.23333
8	8	1	32	2	4431.393333
32	4	2	8	2	1649.816667
32	4	8	8	2	5598.1
32	2	1	4	2	434.0416667
8	16	1	16	2	4428.713333
8	16	2	8	2	6109.053333
4	1	32	4	2	1167.19
32	2	2	4	2	535.9516667
4	16	1	32	2	8738.283333
32	4	4	8	2	3166.716667
2	32	1	32	2	16897.56667
16	4	1	32	2	2362.2
8	1	32	4	2	1135.68
2	1	16	2	2	411.957
8	1	32	8	2	2275.496667
1	1	16	2	2	361.539
4	1	8	2	2	348.2696667
4	1	32	8	2	2295.92
4	1	32	16	2	4585.406667
8	1	32	16	2	4552.103333
1	1	8	2	2	321.07
16	8	1	16	2	2207.33
2	1	8	2	2	345.6756667
16	8	2	4	2	1674.133333
1	2	16	2	2	662.634
1	2	4	2	2	412.6686667
1	4	2	2	2	461.1076667
4	1	16	2	2	452.4426667
8	16	1	4	2	2224.936667
4	1	32	2	2	587.3156667
1	2	2	2	2	291.6296667
1	2	8	2	2	482.165
4	32	1	16	2	8643.603333
32	4	1	16	2	1200.803333
4	1	4	2	2	271.797
1	16	2	4	2	1079.843333
1	4	4	2	2	653.1676667
1	16	2	8	2	2154.45
32	4	4	4	2	1586.173333
1	4	8	2	2	839.736
2	2	4	2	2	433.3046667
1	4	1	2	2	377.5433333
2	1	32	4	2	1029.45
2	1	32	8	2	2044.85
1	8	2	2	2	542.9053333
32	4	1	4	2	753.0866667
16	8	1	4	2	1115.236667
8	16	2	4	2	3050.84
1	8	1	2	2	569.0503333
8	1	32	2	2	576.2856667
8	1	8	2	2	396.9833333
2	2	8	2	2	542.067
4	2	16	2	2	767.0343333
4	2	2	2	2	308.041
16	8	4	4	2	3052.573333
8	1	4	2	2	255.9043333
2	1	32	2	2	519.6596667
2	2	16	2	2	731.362
8	1	16	2	2	463.147
8	2	16	2	2	792.9706667
1	8	4	2	2	996.525
32	4	8	4	2	2791.38
8	2	8	2	2	715.529
2	4	2	2	2	529.1783333
2	4	4	2	2	621.9363333
2	1	32	16	2	4087.256667
4	2	4	2	2	466.187
16	1	4	2	2	271.6403333
8	2	2	2	2	299.917
2	8	1	2	2	559.7586667
2	1	4	2	2	256.7856667
4	32	1	4	2	4379.35
8	4	4	2	2	813.4206667
2	2	2	2	2	322.051
8	2	4	2	2	448.5996667
1	16	1	2	2	1090.926667
2	8	4	2	2	949.1356667
1	16	2	2	2	533.816
16	1	16	2	2	584.0936667
4	2	8	2	2	486.5973333
32	4	2	4	2	870.409
2	4	1	2	2	380.3263333
16	1	8	2	2	393.5513333
4	8	2	2	2	894.874
4	4	8	2	2	821.9633333
8	4	2	2	2	507.6423333
2	8	2	2	2	929.003
16	1	32	2	2	650.2953333
8	4	8	2	2	1338.09
4	4	1	2	2	376.3353333
2	1	32	32	2	8050.816667
4	8	1	2	2	558.385
4	1	1	4	2	234.4386667
2	16	1	2	2	1104.293333
1	1	4	2	2	250.649
4	4	4	2	2	827.7416667
4	4	2	2	2	492.5396667
2	1	1	4	2	235.1206667
2	16	2	2	2	1526.276667
4	8	4	2	2	1490.196667
8	1	1	4	2	233.5316667
16	2	2	2	2	324.443
32	1	16	2	2	588.2283333
16	2	8	2	2	702.1503333
8	4	1	2	2	376.9833333
16	2	16	2	2	1118.063333
1	32	1	2	2	2041.09
32	1	32	2	2	826.892
16	16	1	8	2	2222.803333
32	1	8	2	2	395.8263333
8	32	1	8	2	4427.15
16	2	4	2	2	451.4816667
8	8	4	2	2	1497.496667
4	16	1	2	2	1104.576667
8	8	2	2	2	895.0086667
32	8	1	8	2	1115.063333
32	1	4	2	2	280.525
4	16	2	2	2	1458.49
16	1	1	4	2	232.5373333
16	4	4	2	2	841.0173333
1	1	1	4	2	230.3523333
8	8	1	2	2	560.5013333
32	2	1	32	2	1593.83
4	2	1	2	2	217.5863333
1	1	32	8	2	1801.01
1	1	32	4	2	900.94
32	2	16	2	2	1137.78
1	1	32	16	2	3599.906667
16	4	8	2	2	1335.083333
1	1	32	2	2	454.9166667
1	1	32	32	2	7201.77
16	4	2	2	2	493.2686667
8	2	1	2	2	216.3156667
32	1	1	4	2	233.469
2	32	1	2	2	2130.616667
2	2	1	2	2	217.349
1	2	1	2	2	211.062
16	4	1	2	2	376.8026667
32	2	2	2	2	288.764
32	2	8	2	2	721.925
32	2	4	2	2	450.1216667
16	16	1	4	2	2225.673333
8	32	1	4	2	4411.046667
16	2	1	2	2	216.2063333
32	8	1	4	2	1111.73
4	32	1	2	2	2175.373333
8	16	1	2	2	1111.57
32	8	2	4	2	1679.77
16	16	2	4	2	3044.97
2	1	2	2	2	191.27
8	16	2	2	2	1506.943333
32	8	4	4	2	3058.486667
4	1	2	2	2	188.454
8	1	2	2	2	188.596
16	8	4	2	2	1525.44
2	4	8	2	2	907.254
16	8	2	2	2	860.2223333
32	2	1	2	2	216.6303333
32	4	4	2	2	818.6386667
16	8	1	2	2	558.6406667
16	1	2	2	2	184.96
1	1	2	2	2	179.9523333
32	4	2	2	2	489.9913333
32	4	8	2	2	1393.583333
32	4	1	2	2	375.793
32	1	2	2	2	183.9446667
32	4	1	32	2	1238.35
8	16	1	32	2	4421.52
8	32	1	16	2	4404.043333
16	16	1	16	2	2198.566667
16	8	1	32	2	2206.506667
32	8	1	16	2	1107.6
32	8	4	2	2	1520.473333
16	16	1	2	2	1108.926667
32	8	2	2	2	831.7496667
8	32	1	2	2	2197.083333
1	1	8	1	2	182.9356667
1	2	4	1	2	223.6693333
2	1	8	1	2	190.586
1	2	8	1	2	289.185
2	1	16	1	2	238.387
1	2	2	1	2	164.262
16	16	2	2	2	1508.696667
2	1	4	1	2	148.9753333
1	1	16	1	2	219.195
2	1	32	1	2	258.1606667
4	1	32	1	2	292.8176667
16	32	1	4	2	2210.8
2	2	16	1	2	363.3266667
2	2	2	1	2	183.945
2	2	4	1	2	236.9583333
1	4	2	1	2	276.1763333
1	1	4	1	2	142.5606667
1	2	16	1	2	329.936
32	8	1	2	2	556.1323333
32	16	1	4	2	1110.976667
2	2	8	1	2	307.518
4	1	16	1	2	252.3883333
4	1	4	1	2	160.3746667
1	4	4	1	2	383.811
1	4	8	1	2	419.4096667
1	1	32	1	2	226.375
4	2	4	1	2	249.593
8	1	8	1	2	212.464
4	2	8	1	2	297.6573333
4	1	8	1	2	189.405
1	4	1	1	2	188.946
8	1	4	1	2	158.6723333
4	2	16	1	2	384.6916667
1	8	2	1	2	331.5143333
2	4	4	1	2	371.7266667
2	4	8	1	2	455.894
2	4	2	1	2	285.1833333
8	1	32	1	2	290.6226667
2	4	1	1	2	192.5503333
1	8	1	1	2	286.784
8	1	16	1	2	261.2793333
4	4	8	1	2	419.2173333
32	16	1	8	2	1109.683333
1	8	4	1	2	500.2683333
4	2	2	1	2	180.1416667
16	32	1	8	2	2201.196667
4	4	2	1	2	272.6996667
1	16	2	1	2	272.0626667
4	4	4	1	2	453.8686667
4	4	1	1	2	190.8426667
8	2	8	1	2	389.868
2	8	2	1	2	488.096
16	1	16	1	2	316.353
1	32	1	1	2	1019.316667
2	8	4	1	2	480.1686667
2	8	1	1	2	284.3363333
1	16	1	1	2	549.2876667
16	2	8	1	2	382.7043333
4	8	2	1	2	471.2
8	2	2	1	2	182.8546667
2	16	2	1	2	764.8423333
16	2	16	1	2	559.8853333
4	8	4	1	2	740.0723333
16	1	8	1	2	210.669
2	16	1	1	2	550.957
16	1	4	1	2	162.4603333
4	8	1	1	2	279.527
8	2	4	1	2	239.0086667
8	4	4	1	2	442.035
8	2	16	1	2	402.4483333
8	4	8	1	2	668.328
32	1	16	1	2	318.0953333
8	4	1	1	2	188.687
8	4	2	1	2	268.5216667
16	2	4	1	2	241.586
16	2	2	1	2	178.5746667
32	1	8	1	2	210.5703333
16	1	32	1	2	329.543
32	1	32	1	2	413.403
16	4	8	1	2	669.2973333
4	16	1	1	2	553.8276667
2	32	1	1	2	1066.866667
8	8	4	1	2	746.6303333
4	16	2	1	2	725.1
16	4	2	1	2	267.5596667
16	4	4	1	2	449.922
32	1	4	1	2	159.3156667
8	1	1	2	2	118.484
4	1	1	2	2	118.1243333
16	4	1	1	2	187.976
32	2	16	1	2	573.9886667
8	8	1	1	2	280.201
2	1	1	2	2	117.4423333
8	8	2	1	2	476.9426667
32	2	8	1	2	394.011
16	1	1	2	2	116.405
32	2	4	1	2	242.5053333
1	1	1	2	2	114.9956667
16	32	1	2	2	2198.186667
32	2	2	1	2	178.6636667
8	16	2	1	2	749.8726667
32	1	1	2	2	116.6463333
32	4	8	1	2	694.477
32	16	1	2	2	1113.006667
4	32	1	1	2	1093.28
16	8	4	1	2	753.8803333
16	8	2	1	2	475.9603333
8	16	1	1	2	556.886
2	2	1	1	2	108.9403333
4	2	1	1	2	109.4506667
8	2	1	1	2	109.9283333
32	16	2	2	2	1490.5
16	8	1	1	2	279.7376667
1	2	1	1	2	105.7356667
16	2	1	1	2	108.188
32	4	1	1	2	187.6973333
32	4	4	1	2	450.055
8	1	2	1	2	103.7246667
32	4	2	1	2	266.2873333
2	1	2	1	2	101.8143333
16	1	2	1	2	102.8213333
4	1	2	1	2	101.334
8	32	1	1	2	1103.02
32	2	1	1	2	108.3333333
32	1	2	1	2	101.399
16	16	1	1	2	552.9086667
32	8	4	1	2	752.5316667
16	16	2	1	2	739.5523333
32	8	2	1	2	474.1703333
1	1	2	1	2	94.31963333
32	8	1	1	2	277.3453333
32	32	1	4	2	1104.6
32	32	1	2	2	1114.033333
16	32	1	1	2	1093.63
32	16	2	1	2	752.4593333
32	16	1	1	2	555.254
8	1	1	1	2	59.7038
32	32	1	1	2	1108.056667
4	1	1	1	2	59.01806667
16	1	1	1	2	59.09983333
2	1	1	1	2	58.71
32	1	1	1	2	58.3038
1	1	1	1	2	57.48236667
