1	4	1	8	2	828.21
2	4	1	8	2	739.5145
1	8	1	8	2	733.3545
1	8	1	16	2	696.7465
1	16	1	8	2	696.415
2	8	1	8	2	691.9545
4	2	1	8	2	689.2475
8	2	1	8	2	676.7205
1	2	1	16	2	671.6385
2	2	1	8	2	666.876
2	4	1	16	2	661.921
8	2	8	8	2	657.494
4	4	1	8	2	648.978
2	2	1	16	2	648.882
1	4	1	16	2	648.8105
8	4	1	8	2	633.1935
4	1	1	16	2	630.213
1	16	1	16	2	630.1695
32	1	16	8	2	625.268
8	1	8	8	2	617.369
1	1	1	32	2	615.448
1	2	1	32	2	607.6965
1	2	1	8	2	604.846
8	4	8	8	2	601.863
4	2	1	16	2	589.812
1	32	1	8	2	589.2845
16	1	8	8	2	586.0075
1	1	1	16	2	583.5835
2	16	1	8	2	578.6775
8	1	1	16	2	577.0295
32	1	8	8	2	572.889
32	1	32	8	2	567.0775
2	8	1	16	2	564.3455
2	1	1	16	2	558.72
2	1	1	32	2	550.856
16	2	1	8	2	549.5915
16	2	16	8	2	548.3305
4	4	1	16	2	547.107
16	2	8	8	2	539.761
2	2	1	32	2	539.736
16	1	16	8	2	535.179
8	1	8	16	2	532.5745
1	8	1	32	2	531.259
8	8	1	8	2	526.562
4	4	1	4	2	523.064
1	4	1	32	2	519.0775
2	4	1	4	2	518.0755
8	2	1	16	2	514.4055
1	32	1	4	2	513.124
8	2	8	16	2	507.454
16	1	16	16	2	506.1405
2	4	1	32	2	501.5975
16	1	8	4	2	500.382
8	2	8	4	2	497.947
4	8	1	8	2	497.1645
16	1	1	16	2	496.1515
4	1	1	32	2	496.1455
2	16	1	4	2	492.096
8	1	8	4	2	483.8075
16	2	8	4	2	483.726
16	1	16	4	2	483.193
2	8	1	4	2	483.0885
8	1	4	8	2	482.5675
1	16	1	4	2	480.4305
32	1	8	4	2	479.3045
16	1	8	16	2	477.0755
16	2	16	4	2	471.8185
8	4	8	4	2	470.609
32	2	16	4	2	466.0095
1	4	1	4	2	464.7795
4	8	1	4	2	463.303
4	1	1	8	2	462.706
16	1	4	8	2	462.461
4	16	1	4	2	461.482
32	2	8	4	2	461.1465
16	4	8	4	2	460.155
8	4	1	4	2	460.0325
8	8	1	4	2	458.7215
8	1	1	8	2	452.885
32	1	16	4	2	452.408
4	2	1	32	2	450.916
16	1	32	8	2	449.5675
1	8	1	4	2	449.4445
8	2	4	8	2	448.774
2	32	1	8	2	447.0725
4	1	4	8	2	446.25
32	1	32	4	2	442.3165
2	1	1	8	2	440.968
32	2	8	8	2	438.9585
4	16	1	8	2	438.7955
8	1	4	16	2	436.149
2	1	8	8	2	435.9005
16	1	32	4	2	434.867
16	4	1	8	2	434.3095
8	1	1	32	2	431.4205
16	4	1	4	2	431.13
8	2	4	4	2	428.6
16	2	4	4	2	427.774
16	1	4	4	2	426.092
4	2	4	8	2	424.594
4	1	4	16	2	424.3135
16	1	1	8	2	424.103
8	1	4	4	2	423.657
2	1	8	4	2	422.781
2	2	1	4	2	419.9695
2	2	8	8	2	418.1965
4	2	1	4	2	417.2695
2	1	8	16	2	414.1485
8	2	1	4	2	413.736
8	4	1	16	2	413.237
2	32	1	4	2	411.912
32	2	16	8	2	410.3605
4	1	8	4	2	410.0675
32	2	1	8	2	409.6845
2	2	8	16	2	408.1455
8	4	4	4	2	406.7125
4	1	8	8	2	406.5465
2	4	8	8	2	405.122
2	4	8	4	2	404.413
16	4	8	8	2	403.2145
2	1	4	8	2	402.616
2	4	8	16	2	402.547
4	2	4	16	2	401.1985
32	1	1	8	2	400.4395
4	4	4	4	2	398.2405
2	2	4	4	2	398.14
4	32	1	4	2	398.0375
8	1	16	4	2	398.028
1	2	1	4	2	395.1225
8	1	8	32	2	393.1785
2	2	8	4	2	392.9125
4	2	8	8	2	390.734
4	1	4	4	2	390.407
32	1	8	16	2	389.657
4	1	8	16	2	388.9765
16	2	1	16	2	388.8715
2	2	4	8	2	388.716
8	16	1	4	2	388.1775
2	1	8	32	2	387.71
4	1	2	8	2	387.532
4	2	8	4	2	386.3675
16	2	1	4	2	385.6575
8	2	16	4	2	384.685
4	1	16	4	2	383.1405
4	2	4	4	2	381.5195
8	1	16	8	2	380.503
4	8	1	16	2	380.152
2	16	1	16	2	379.2485
1	2	8	8	2	378.3255
1	2	8	4	2	377.156
4	1	16	8	2	376.8335
4	1	16	16	2	376.7165
32	1	4	4	2	376.5235
1	16	1	32	2	376.095
8	2	16	8	2	375.636
4	1	4	32	2	375.5425
1	1	4	4	2	375.482
4	4	8	4	2	374.9775
2	2	8	32	2	374.78
8	4	8	16	2	373.118
16	1	2	8	2	372.9925
1	4	8	4	2	372.6775
8	1	16	16	2	370.1935
1	1	4	8	2	370.161
2	1	4	16	2	369.0065
1	2	8	16	2	368.3195
1	4	8	8	2	368.1935
1	32	1	16	2	367.6075
2	1	2	8	2	366.4885
4	4	4	8	2	366.4345
4	1	2	16	2	366.2935
1	4	8	16	2	365.579
2	1	4	32	2	365.1775
8	1	2	8	2	364.975
4	2	8	16	2	363.454
8	2	8	32	2	361.269
1	1	2	8	2	359.393
1	1	8	8	2	359.319
32	4	8	4	2	356.168
1	1	2	16	2	355.667
1	2	8	32	2	354.875
2	1	2	16	2	354.196
32	2	1	4	2	354.189
8	2	1	32	2	353.996
2	2	4	16	2	353.886
2	4	4	8	2	353.0075
4	2	16	4	2	352.239
4	1	8	32	2	351.3645
16	2	8	16	2	350.971
1	1	8	16	2	350.113
4	2	16	8	2	349.3105
1	1	2	32	2	349.108
2	1	16	4	2	347.543
2	1	4	4	2	347.397
2	1	16	8	2	346.4325
16	1	1	32	2	344.619
32	1	1	16	2	344.5165
4	4	1	32	2	343.7795
4	4	8	8	2	343.669
16	8	1	4	2	342.884
2	8	1	32	2	341.485
2	1	16	16	2	336.3195
4	32	1	8	2	334.633
1	1	1	8	2	334.3795
4	2	16	16	2	332.688
1	2	2	8	2	331.7
2	2	4	32	2	330.617
2	2	16	4	2	330.5465
2	2	16	8	2	330.272
4	8	4	4	2	329.7345
1	1	8	32	2	329.194
2	1	16	32	2	328.861
1	1	8	4	2	327.9865
4	2	2	4	2	327.8425
1	2	4	4	2	326.978
1	2	4	16	2	325.687
32	4	1	4	2	325.6845
16	2	16	16	2	324.526
2	2	2	4	2	324.387
2	4	4	4	2	322.9405
2	2	16	16	2	322.7795
2	2	2	8	2	321.567
1	2	2	4	2	320.736
1	1	4	32	2	319.755
8	1	2	4	2	319.5635
8	2	2	4	2	318.5915
2	2	2	16	2	317.0055
8	1	32	4	2	316.928
4	1	2	4	2	314.1
8	8	1	16	2	313.9855
4	2	2	8	2	313.4345
8	1	32	8	2	311.7095
1	4	4	4	2	309.714
1	2	2	16	2	308.248
1	1	16	16	2	308.2085
16	1	2	4	2	307.2685
2	1	2	32	2	305.9035
16	2	2	4	2	305.8015
1	1	16	8	2	305.684
32	4	1	8	2	305.472
1	1	16	4	2	305.377
8	32	1	4	2	305.372
32	1	2	4	2	304.7345
1	2	16	16	2	303.748
16	4	1	16	2	303.371
2	4	4	16	2	301.462
1	32	1	2	2	300.6355
1	2	4	8	2	300.407
32	2	1	16	2	299.8035
16	8	1	8	2	296.956
1	1	16	32	2	295.662
2	1	2	4	2	295.346
32	8	1	4	2	295.1345
2	4	8	2	2	294.389
8	16	1	8	2	294.215
1	2	2	32	2	293.667
4	2	8	2	2	293.2555
4	32	1	16	2	292.454
4	4	2	4	2	291.2285
8	2	16	2	2	291.0515
1	4	8	2	2	290.6605
2	4	1	2	2	290.059
8	1	8	2	2	289.2075
8	2	4	2	2	288.9905
4	1	32	8	2	288.821
16	1	8	2	2	288.672
1	1	4	16	2	288.261
4	1	16	2	2	288.116
8	1	16	2	2	287.715
32	1	8	2	2	287.423
16	1	32	2	2	287.0535
16	1	16	2	2	286.874
4	2	16	2	2	286.7285
1	2	4	32	2	286.541
32	1	32	2	2	286.4305
4	1	32	4	2	286.0545
8	4	4	2	2	285.0805
8	4	8	2	2	284.9835
8	32	1	8	2	284.788
4	4	1	2	2	284.5065
1	8	1	2	2	284.282
8	2	8	2	2	284.1895
32	1	16	2	2	283.9495
4	16	1	16	2	283.495
16	2	16	2	2	282.9765
1	2	16	4	2	282.923
1	16	1	2	2	282.571
8	4	2	4	2	282.5075
4	1	32	16	2	282.3135
16	2	4	2	2	282.268
4	8	1	2	2	281.716
32	8	1	8	2	281.498
4	1	8	2	2	279.9455
2	4	4	2	2	279.808
16	16	1	4	2	279.6575
4	4	4	2	2	279.6125
2	8	4	4	2	279.211
8	4	1	32	2	279.1195
2	2	16	2	2	278.067
32	2	16	2	2	277.584
4	4	8	2	2	276.8715
2	2	4	2	2	276.508
4	16	1	2	2	276.348
2	16	1	2	2	276.053
1	2	4	2	2	275.9465
2	4	2	8	2	275.6275
2	8	4	8	2	275.19
16	2	8	2	2	275.0475
2	1	8	2	2	274.358
16	4	4	2	2	273.6755
8	8	4	2	2	272.694
16	4	8	2	2	271.8575
32	2	8	2	2	271.208
8	4	1	2	2	270.57
2	1	16	2	2	269.974
8	1	32	2	2	269.779
1	4	4	2	2	269.5265
1	1	2	4	2	268.666
2	32	1	2	2	268.475
4	8	1	32	2	267.98
1	32	1	32	2	267.267
2	32	1	16	2	267.199
1	4	1	2	2	266.951
1	2	16	8	2	266.5695
4	8	4	2	2	266.0835
1	4	4	8	2	265.2495
16	4	1	2	2	265.1325
32	2	4	2	2	264.018
1	2	8	2	2	263.2885
4	32	1	2	2	262.635
2	8	1	2	2	262.1415
2	16	1	32	2	261.372
16	8	1	16	2	261.256
1	2	16	32	2	260.5165
8	8	1	2	2	260.3965
8	2	2	2	2	260.2855
2	2	8	2	2	259.7345
8	16	1	2	2	259.6675
1	4	4	16	2	259.562
1	2	16	2	2	259.528
32	1	1	32	2	259.006
1	4	2	2	2	257.6005
1	4	2	4	2	257.3045
8	16	1	16	2	256.006
2	4	2	2	2	254.2975
16	2	1	32	2	253.9105
4	4	2	2	2	253.064
16	1	4	2	2	252.456
1	1	16	2	2	252.3045
8	1	4	2	2	251.9765
8	1	1	4	2	251.8095
4	2	2	2	2	251.584
1	2	2	2	2	250.604
2	8	2	4	2	249.8025
4	1	32	2	2	249.7115
2	1	32	4	2	249.5165
2	4	2	4	2	249.425
4	1	1	4	2	249.3975
8	4	2	2	2	248.96
1	4	4	32	2	248.4665
2	1	32	8	2	248.429
16	2	2	2	2	248.223
16	8	1	2	2	247.664
4	8	2	4	2	247.4095
32	4	8	2	2	246.3015
32	16	1	4	2	245.505
32	4	1	16	2	245.1175
2	1	32	16	2	244.016
32	1	4	2	2	243.634
4	1	4	2	2	242.8175
1	8	2	8	2	242.3445
16	1	1	4	2	242.224
1	1	8	2	2	242.0775
32	2	2	2	2	240.9935
16	4	2	2	2	240.6795
32	4	1	2	2	240.1035
2	8	4	2	2	239.619
4	2	4	2	2	238.8265
32	1	1	4	2	238.7195
4	16	1	32	2	238.489
2	2	2	2	2	238.343
16	32	1	4	2	237.194
1	8	4	4	2	235.5405
16	16	1	8	2	234.877
8	32	1	2	2	233.9465
1	8	4	8	2	233.605
2	1	1	4	2	233.5315
2	1	32	2	2	233.038
4	8	2	2	2	232.655
16	16	1	2	2	232.1435
1	4	2	16	2	230.689
2	8	2	2	2	230.6815
1	4	2	8	2	228.9365
1	8	2	4	2	228.6435
16	4	1	32	2	227.958
8	8	1	32	2	226.9175
8	2	1	2	2	226.1445
1	8	4	16	2	225.324
1	8	4	2	2	224.3715
1	1	4	2	2	222.2595
16	2	1	2	2	220.888
1	1	1	4	2	220.273
2	2	1	2	2	219.365
1	1	32	4	2	218.196
4	2	1	2	2	218.0875
8	8	2	2	2	217.9285
2	1	4	2	2	217.7175
1	1	32	16	2	216.431
32	2	1	2	2	213.882
32	8	1	2	2	212.8535
1	1	32	2	2	210.309
16	1	2	2	2	207.7935
1	8	2	2	2	207.192
1	2	1	2	2	206.4435
32	2	1	32	2	206.165
8	1	2	2	2	205.844
1	1	32	8	2	204.313
32	1	2	2	2	201.63
1	1	32	32	2	197.3535
16	32	1	2	2	196.6745
4	1	2	2	2	196.387
2	32	1	32	2	190.5355
32	16	1	2	2	188.0415
4	16	2	2	2	183.6475
1	16	2	2	2	180.56
32	16	1	8	2	179.741
16	32	1	8	2	178.1835
1	16	2	4	2	176.774
2	1	2	2	2	174.559
2	16	2	2	2	168.652
1	1	2	2	2	166.964
16	8	1	32	2	164.1835
32	8	1	16	2	162.223
8	32	1	16	2	159.572
8	1	32	1	2	157.4165
8	2	16	1	2	156.004
4	32	1	32	2	155.9755
32	32	1	2	2	155.5535
2	2	16	1	2	155.383
4	2	8	1	2	155.3715
8	16	1	32	2	155.358
8	1	16	1	2	155.31
4	2	4	1	2	155.094
4	4	1	1	2	154.948
8	2	8	1	2	154.777
8	1	8	1	2	154.3345
4	1	32	1	2	154.089
4	4	4	1	2	153.5135
2	2	4	1	2	153.17
16	1	32	1	2	153.035
4	1	8	1	2	153.0055
4	1	16	1	2	152.962
4	4	2	1	2	152.913
16	1	8	1	2	152.8925
8	4	4	1	2	152.62
16	2	4	1	2	152.478
4	8	4	1	2	152.4635
32	32	1	4	2	152.4315
8	4	8	1	2	152.161
1	8	1	1	2	152.1595
16	2	16	1	2	152.099
2	8	1	1	2	152.0865
16	1	16	1	2	152.012
2	4	4	1	2	151.693
4	4	8	1	2	151.297
16	16	1	16	2	151.0025
4	2	16	1	2	150.9595
1	32	1	1	2	150.837
8	2	4	1	2	150.7355
1	8	2	1	2	150.7085
1	4	2	1	2	150.619
8	4	2	1	2	150.541
4	8	1	1	2	150.3505
2	1	32	1	2	150.2965
16	2	2	1	2	150.0855
2	4	2	1	2	150.059
8	1	4	1	2	150.0085
4	2	2	1	2	149.4565
32	1	8	1	2	149.402
16	2	8	1	2	149.082
8	2	2	1	2	149.053
1	1	8	1	2	149.051
16	1	4	1	2	148.9355
1	2	16	1	2	148.806
1	2	4	1	2	148.718
2	1	16	1	2	148.5535
16	4	4	1	2	148.3885
4	8	2	1	2	148.2765
2	8	2	1	2	148.271
32	1	4	1	2	147.9
4	16	1	1	2	147.7165
32	4	1	32	2	147.5865
2	4	1	1	2	147.5635
4	32	1	1	2	147.543
32	2	16	1	2	147.4635
2	32	1	1	2	147.1155
32	4	8	1	2	147.021
2	16	1	1	2	146.8665
32	1	32	1	2	146.8615
8	4	1	1	2	146.793
16	4	8	1	2	146.463
2	4	8	1	2	146.3745
16	4	1	1	2	146.2315
16	4	2	1	2	146.188
8	8	2	1	2	146.0235
2	2	2	1	2	145.8145
1	2	8	1	2	145.277
2	1	8	1	2	145.1085
8	32	1	1	2	144.657
32	2	8	1	2	144.3785
32	2	4	1	2	144.1415
32	2	2	1	2	143.64
1	4	4	1	2	143.25
4	1	4	1	2	143.132
2	16	2	1	2	143.0145
32	4	4	1	2	142.602
4	16	2	1	2	142.4875
8	8	1	1	2	141.9475
8	8	4	1	2	140.725
8	16	1	1	2	139.7555
1	4	1	1	2	139.657
16	16	1	1	2	138.5825
1	16	1	1	2	138.183
32	4	1	1	2	137.345
32	1	16	1	2	137.2565
1	1	32	1	2	137.1635
16	8	1	1	2	136.9975
2	2	8	1	2	136.722
2	8	4	1	2	135.7105
2	1	4	1	2	135.3605
32	8	1	1	2	132.559
1	4	8	1	2	130.043
1	8	4	1	2	129.586
1	1	4	1	2	129.5555
1	1	16	1	2	129.5215
16	32	1	1	2	128.8465
16	1	1	2	2	128.1845
8	1	1	2	2	127.685
16	8	4	1	2	126.909
32	1	1	2	2	126.6385
32	16	1	1	2	126.25725
4	1	1	2	2	126.1105
1	2	2	1	2	125.357
1	16	2	1	2	123.5625
2	1	1	2	2	120.3125
16	2	1	1	2	116.469
8	2	1	1	2	115.5415
32	2	1	1	2	113.295
4	2	1	1	2	112.4295
1	1	1	2	2	111.5455
16	1	2	1	2	111.201
32	1	2	1	2	111.0445
8	1	2	1	2	109.499
2	2	1	1	2	106.8295
4	1	2	1	2	105.3635
32	32	1	1	2	104.73545
1	2	1	1	2	101.0051
2	1	2	1	2	96.66205
32	16	1	16	2	94.80935
32	32	1	8	2	89.8495
16	32	1	16	2	89.79465
1	1	2	1	2	88.87505
16	1	1	1	2	64.53575
32	1	1	1	2	64.50265
8	1	1	1	2	64.16105
4	1	1	1	2	63.21135
2	1	1	1	2	60.78525
1	1	1	1	2	54.8415
