1	4	1	8	2	1267.04
2	4	1	8	2	1228.605
1	8	1	8	2	2132.06
1	8	1	16	2	4214.955
1	16	1	8	2	3984.68
2	8	1	8	2	2188.595
4	2	1	8	2	873.2835
8	2	1	8	2	896.9745
1	2	1	16	2	1515.915
2	2	1	8	2	826.4055
2	4	1	16	2	2309.31
8	2	8	8	2	3091.595
4	4	1	8	2	1328.545
2	2	1	16	2	1604.05
1	4	1	16	2	2152.36
8	4	1	8	2	1352.82
4	1	1	16	2	917.853
1	16	1	16	2	7758.79
32	1	16	8	2	3166.455
8	1	8	8	2	1464.005
1	1	1	32	2	1181.76
1	2	1	32	2	3047.3
1	2	1	8	2	806.579
8	4	8	8	2	5920.745
4	2	1	16	2	1731.715
1	32	1	8	2	6828.82
16	1	8	8	2	1466.975
1	1	1	16	2	817.38
2	16	1	8	2	4213.375
8	1	1	16	2	950.696
32	1	8	8	2	1541.615
32	1	32	8	2	6053.84
2	8	1	16	2	4339.025
2	1	1	16	2	848.915
2	1	1	32	2	1541.445
16	2	1	8	2	928.2335
16	2	16	8	2	6055.98
4	4	1	16	2	2523.72
16	2	8	8	2	3097.535
2	2	1	32	2	3212.285
16	1	16	8	2	2909.305
8	1	8	16	2	2907.245
1	8	1	32	2	8489.705
8	8	1	8	2	1928.335
4	4	1	4	2	829.3085
1	4	1	32	2	4461.495
2	4	1	4	2	783.0335
8	2	1	16	2	1805.085
1	32	1	4	2	3402.855
8	2	8	16	2	6223.535
16	1	16	16	2	5815.57
2	4	1	32	2	4697.355
16	1	8	4	2	829.949
8	2	8	4	2	1660.615
4	8	1	8	2	2291.145
16	1	1	16	2	969.0745
4	1	1	32	2	1804.16
2	16	1	4	2	2165.56
8	1	8	4	2	878.8345
16	2	8	4	2	1625.18
16	1	16	4	2	1557.81
2	8	1	4	2	1126.655
8	1	4	8	2	554.2425
1	16	1	4	2	2077.535
32	1	8	4	2	861.8995
16	1	8	16	2	3012.28
16	2	16	4	2	3022.07
8	4	8	4	2	2974.78
32	2	16	4	2	3350.59
1	4	1	4	2	744.035
4	8	1	4	2	1160.285
4	1	1	8	2	497.9635
16	1	4	8	2	570.307
4	16	1	4	2	2274.69
32	2	8	4	2	1656.31
16	4	8	4	2	3222.62
8	4	1	4	2	841.121
8	8	1	4	2	1176.415
8	1	1	8	2	504.113
32	1	16	4	2	1632.565
4	2	1	32	2	3473.975
16	1	32	8	2	4244.715
1	8	1	4	2	1162.39
8	2	4	8	2	1000.4555
2	32	1	8	2	6526.74
4	1	4	8	2	482.9365
32	1	32	4	2	3037.6
2	1	1	8	2	477.229
32	2	8	8	2	2697.06
4	16	1	8	2	3748.85
8	1	4	16	2	1149.645
2	1	8	8	2	899.202
16	1	32	4	2	2125.97
16	4	1	8	2	1137.78
8	1	1	32	2	1794.175
16	4	1	4	2	857.371
8	2	4	4	2	561.4995
16	2	4	4	2	609.8545
16	1	4	4	2	488.892
4	2	4	8	2	933.4205
4	1	4	16	2	973.999
16	1	1	8	2	507.0365
8	1	4	4	2	472.0365
2	1	8	4	2	485.7325
2	2	1	4	2	464.3025
2	2	8	8	2	1786.755
4	2	1	4	2	480.841
2	1	8	16	2	1761.68
8	2	1	4	2	490.4565
8	4	1	16	2	2141.05
2	32	1	4	2	3925.365
32	2	16	8	2	5554.265
4	1	8	4	2	482.5835
32	2	1	8	2	772.187
2	2	8	16	2	3510.345
8	4	4	4	2	928.0625
4	1	8	8	2	881.0245
2	4	8	8	2	3557.46
2	4	8	4	2	1786.71
16	4	8	8	2	5345.65
2	1	4	8	2	440.2705
2	4	8	16	2	7136.595
4	2	4	16	2	1878.745
32	1	1	8	2	511.3545
4	4	4	4	2	876.9955
2	2	4	4	2	438.999
4	32	1	4	2	3632.98
8	1	16	4	2	847.9905
1	2	1	4	2	443.898
8	1	8	32	2	6092.185
2	2	8	4	2	906.025
4	2	8	8	2	1668.01
4	1	4	4	2	415.9945
32	1	8	16	2	2627.295
4	1	8	16	2	1759.1
16	2	1	16	2	1528.09
2	2	4	8	2	820.448
8	16	1	4	2	1917.24
2	1	8	32	2	3547.245
4	1	2	8	2	418.7775
4	2	8	4	2	850.848
16	2	1	4	2	494.5725
8	2	16	4	2	1622.57
4	1	16	4	2	781.338
4	2	4	4	2	552.9555
8	1	16	8	2	1646.055
4	8	1	16	2	3790.26
2	16	1	16	2	7003.77
1	2	8	8	2	1571.08
1	2	8	4	2	804.3055
4	1	16	8	2	1566.605
4	1	16	16	2	3143.74
32	1	4	4	2	427.3355
1	16	1	32	2	13125.75
8	2	16	8	2	3244.12
4	1	4	32	2	1996.485
1	1	4	4	2	408.9915
4	4	8	4	2	1590.555
2	2	8	32	2	7260.14
8	4	8	16	2	9840.94
16	1	2	8	2	435.459
1	4	8	4	2	1584.59
8	1	16	16	2	3330.03
1	1	4	8	2	402.1145
2	1	4	16	2	825.992
1	2	8	16	2	3135.52
1	4	8	8	2	3167.93
1	32	1	16	2	11334.8
2	1	2	8	2	392.6785
4	4	4	8	2	1665.86
4	1	2	16	2	812.406
1	4	8	16	2	6331.16
2	1	4	32	2	1649.545
8	1	2	8	2	417.7395
4	2	8	16	2	3251.865
8	2	8	32	2	10476.3
1	1	2	8	2	392.218
1	1	8	8	2	737.304
32	4	8	4	2	2823.98
1	1	2	16	2	739.8025
1	2	8	32	2	6309.455
2	1	2	16	2	752.3855
32	2	1	4	2	499.352
8	2	1	32	2	3016.01
2	2	4	16	2	1557.715
2	4	4	8	2	1516.995
4	2	16	4	2	1463.25
4	1	8	32	2	3457.41
16	2	8	16	2	5299.285
1	1	8	16	2	1461.135
4	2	16	8	2	2934.285
1	1	2	32	2	1509.26
2	1	16	4	2	726.7845
2	1	4	4	2	395.091
2	1	16	8	2	1439.46
16	1	1	32	2	1459.28
32	1	1	16	2	827.3325
4	4	1	32	2	4330.975
4	4	8	8	2	3205.3
16	8	1	4	2	975.487
2	8	1	32	2	7226.92
2	1	16	16	2	2878.685
4	32	1	8	2	5427.61
1	1	1	8	2	451.7475
4	2	16	16	2	5859.285
1	2	2	8	2	353.259
2	2	4	32	2	3218.04
2	2	16	4	2	1386.365
2	2	16	8	2	2778.68
4	8	4	4	2	1430.955
1	1	8	32	2	2904.095
2	1	16	32	2	5808.395
1	1	8	4	2	448.052
4	2	2	4	2	345.1505
1	2	4	4	2	402.9155
1	2	4	16	2	1379.745
32	4	1	4	2	720.4105
16	2	16	16	2	10068.85
2	2	2	4	2	343.161
2	4	4	4	2	733.7285
2	2	16	16	2	5560.215
2	2	2	8	2	347.5985
1	2	2	4	2	372.5045
1	1	4	32	2	1455.87
8	1	2	4	2	338.5365
8	2	2	4	2	350.1805
2	2	2	16	2	672.595
8	1	32	4	2	1311.18
4	1	2	4	2	331.2415
8	8	1	16	2	2867.105
4	2	2	8	2	336.6405
8	1	32	8	2	2624.385
1	4	4	4	2	631.4345
1	2	2	16	2	645.0775
1	1	16	16	2	2579.575
16	1	2	4	2	330.346
2	1	2	32	2	1527.21
16	2	2	4	2	347.4405
1	1	16	8	2	1279.58
32	4	1	8	2	820.1675
1	1	16	4	2	645.2475
8	32	1	4	2	2838.455
32	1	2	4	2	337.661
1	2	16	16	2	5217.18
16	4	1	16	2	1602.525
2	4	4	16	2	2937.955
1	32	1	2	2	1706.015
1	2	4	8	2	659.3485
32	2	1	16	2	1158.495
16	8	1	8	2	1458.67
1	1	16	32	2	5174.46
2	1	2	4	2	313.3915
32	8	1	4	2	734.0805
2	4	8	2	2	909.255
8	16	1	8	2	2863.585
1	2	2	32	2	1295.92
4	2	8	2	2	521.605
4	32	1	16	2	10852.5
4	4	2	4	2	311.183
8	2	16	2	2	818.2135
1	4	8	2	2	810.731
2	4	1	2	2	391.946
8	1	8	2	2	538.1885
8	2	4	2	2	458.568
4	1	32	8	2	2392.785
16	1	8	2	2	517.8195
1	1	4	16	2	693.428
4	1	16	2	2	464.867
8	1	16	2	2	492.8535
32	1	8	2	2	532.6355
16	1	32	2	2	1058.185
16	1	16	2	2	872.5635
4	2	16	2	2	741.316
1	2	4	32	2	2517.49
32	1	32	2	2	1521.335
4	1	32	4	2	1198.155
8	4	4	2	2	587.894
8	4	8	2	2	1486.22
8	32	1	8	2	5662.885
4	4	1	2	2	415.58
1	8	1	2	2	582.597
8	2	8	2	2	933.8955
32	1	16	2	2	915.256
4	16	1	16	2	5597.815
16	2	16	2	2	1521.37
1	2	16	4	2	1301.405
1	16	1	2	2	1075.715
8	4	2	4	2	319.818
4	1	32	16	2	4794.905
16	2	4	2	2	457.923
4	8	1	2	2	580.766
32	8	1	8	2	1465.48
4	1	8	2	2	410.0245
2	4	4	2	2	454.82
16	16	1	4	2	1450.755
4	4	4	2	2	555.378
2	8	4	4	2	1201.68
8	4	1	32	2	3148.57
2	2	16	2	2	709.078
32	2	16	2	2	1686.86
4	4	8	2	2	801.5535
2	2	4	2	2	401.0895
4	16	1	2	2	1154.6
2	16	1	2	2	1098.56
1	2	4	2	2	405.3865
2	4	2	8	2	580.1705
2	8	4	8	2	2387.49
16	2	8	2	2	913.4675
2	1	8	2	2	407.4025
16	4	4	2	2	611.7595
8	8	4	2	2	828.9705
16	4	8	2	2	1628.28
32	2	8	2	2	924.1105
8	4	1	2	2	422.6855
2	1	16	2	2	411.5625
8	1	32	2	2	654.803
1	4	4	2	2	455.0095
1	1	2	4	2	313.4295
2	32	1	2	2	1955.845
4	8	1	32	2	5670.85
1	32	1	32	2	17004.6
2	32	1	16	2	9797.615
1	4	1	2	2	374.2265
1	2	16	8	2	2604.57
4	8	4	2	2	715.5535
1	4	4	8	2	1084.78
16	4	1	2	2	430.1525
32	2	4	2	2	458.6045
1	2	8	2	2	491.1225
4	32	1	2	2	2204.535
2	8	1	2	2	563.934
2	16	1	32	2	10423
16	8	1	16	2	2912.11
1	2	16	32	2	10431.65
8	8	1	2	2	581.6525
8	2	2	2	2	328.26
2	2	8	2	2	573.3095
8	16	1	2	2	1159.655
1	4	4	16	2	2249.565
1	2	16	2	2	660.681
32	1	1	32	2	1114.21
1	4	2	2	2	351.7055
1	4	2	4	2	266.4485
8	16	1	16	2	5731.045
2	4	2	2	2	339.888
16	2	1	32	2	2294.175
4	4	2	2	2	378.505
16	1	4	2	2	320.337
1	1	16	2	2	359.474
8	1	4	2	2	314.0535
8	1	1	4	2	258.4655
4	2	2	2	2	327.839
1	2	2	2	2	311.128
2	8	2	4	2	518.972
4	1	32	2	2	594.8635
2	1	32	4	2	1040.295
2	4	2	4	2	280.141
4	1	1	4	2	255.2765
8	4	2	2	2	371.6965
1	4	4	32	2	4489.74
2	1	32	8	2	2081.3
16	2	2	2	2	330.207
16	8	1	2	2	587.093
4	8	2	4	2	531.596
32	4	8	2	2	1705.13
32	16	1	4	2	1470.855
32	4	1	16	2	1600.44
2	1	32	16	2	4161.94
32	1	4	2	2	314.8515
4	1	4	2	2	295.9875
1	8	2	8	2	999.4555
16	1	1	4	2	260.492
1	1	8	2	2	363.884
32	2	2	2	2	340.8765
16	4	2	2	2	371.7245
32	4	1	2	2	431.95
2	8	4	2	2	590.7085
4	2	4	2	2	427.684
32	1	1	4	2	261.9135
4	16	1	32	2	11186.95
2	2	2	2	2	308.9
16	32	1	4	2	2878.5
1	8	4	4	2	972.6145
16	16	1	8	2	2899.935
8	32	1	2	2	1900.46
1	8	4	8	2	1919.695
2	1	1	4	2	246.795
2	1	32	2	2	517.6
4	8	2	2	2	289.47
16	16	1	2	2	972.721
1	4	2	16	2	979.036
2	8	2	2	2	280.9875
1	4	2	8	2	497.2195
1	8	2	4	2	510.3915
16	4	1	32	2	3259.145
8	8	1	32	2	5768.58
8	2	1	2	2	245.4075
1	8	4	16	2	3861.705
1	8	4	2	2	469.718
1	1	4	2	2	278.5275
16	2	1	2	2	248.03
1	1	1	4	2	234.6675
2	2	1	2	2	231.7125
1	1	32	4	2	930.974
4	2	1	2	2	240.905
8	8	2	2	2	303.5265
2	1	4	2	2	276.5985
1	1	32	16	2	3733.785
32	2	1	2	2	249.4185
32	8	1	2	2	488.622
1	1	32	2	2	467.987
16	1	2	2	2	213.4895
1	8	2	2	2	283.986
1	2	1	2	2	221.6955
32	2	1	32	2	2303.025
8	1	2	2	2	212.4915
1	1	32	8	2	1864.085
32	1	2	2	2	210.647
1	1	32	32	2	7447.42
16	32	1	2	2	1432.53
4	1	2	2	2	203.9875
2	32	1	32	2	19638.55
32	16	1	2	2	730.1275
4	16	2	2	2	401.6435
1	16	2	2	2	371.967
32	16	1	8	2	1455.485
16	32	1	8	2	2887.335
1	16	2	4	2	753.891
2	1	2	2	2	190.054
2	16	2	2	2	382.5715
1	1	2	2	2	182.087
16	8	1	32	2	2902.25
32	8	1	16	2	1463.715
8	32	1	16	2	5661.49
8	1	32	1	2	326.5645
8	2	16	1	2	410.124
4	32	1	32	2	10838.35
32	32	1	2	2	1447.13
2	2	16	1	2	355.608
4	2	8	1	2	352.881
8	16	1	32	2	5749.24
8	1	16	1	2	325.1355
4	2	4	1	2	258.934
4	4	1	1	2	207.537
8	2	8	1	2	486.135
8	1	8	1	2	300.6225
4	1	32	1	2	297.505
4	4	4	1	2	356.641
2	2	4	1	2	248.9185
16	1	32	1	2	527.4685
4	1	8	1	2	254.787
4	1	16	1	2	310.5565
4	4	2	1	2	277.5185
16	1	8	1	2	289.088
8	4	4	1	2	377.236
16	2	4	1	2	280.242
4	8	4	1	2	359.382
32	32	1	4	2	1456.935
8	4	8	1	2	745.98
1	8	1	1	2	290.6485
16	2	16	1	2	761.5385
2	8	1	1	2	282.841
16	1	16	1	2	492.8235
2	4	4	1	2	333.103
4	4	8	1	2	402.6205
16	16	1	16	2	2899.805
4	2	16	1	2	371.8285
1	32	1	1	2	846.6505
8	2	4	1	2	276.306
1	8	2	1	2	246.483
1	4	2	1	2	268.108
8	4	2	1	2	277.4905
4	8	1	1	2	289.4295
2	1	32	1	2	257.2785
16	2	2	1	2	204.092
2	4	2	1	2	271.8775
8	1	4	1	2	195.056
4	2	2	1	2	195.0135
32	1	8	1	2	292.028
16	2	8	1	2	490.3625
8	2	2	1	2	200.0415
1	1	8	1	2	215.9975
16	1	4	1	2	200.2
1	2	16	1	2	326.9815
1	2	4	1	2	246.786
2	1	16	1	2	278.152
16	4	4	1	2	383.071
4	8	2	1	2	250.094
2	8	2	1	2	243.7915
32	1	4	1	2	197.6685
4	16	1	1	2	571.5625
32	4	1	32	2	1590.57
2	4	1	1	2	196.235
4	32	1	1	2	1098.87
32	2	16	1	2	840.8125
2	32	1	1	2	983.3745
32	4	8	1	2	852.348
2	16	1	1	2	549.783
32	1	32	1	2	762.4775
8	4	1	1	2	211.3525
16	4	8	1	2	811.771
2	4	8	1	2	450.897
16	4	1	1	2	214.1915
16	4	2	1	2	277.6225
8	8	2	1	2	252.6895
2	2	2	1	2	184.5615
1	2	8	1	2	322.1985
2	1	8	1	2	240.5735
8	32	1	1	2	1143.945
32	2	8	1	2	506.4845
32	2	4	1	2	272.491
32	2	2	1	2	205.434
1	4	4	1	2	332.903
4	1	4	1	2	185.217
2	16	2	1	2	192.405
32	4	4	1	2	379.074
4	16	2	1	2	200.91
8	8	1	1	2	292.803
8	8	4	1	2	419.4135
8	16	1	1	2	585.965
1	4	1	1	2	187.1665
16	16	1	1	2	587.1535
1	16	1	1	2	536.1695
32	4	1	1	2	216.143
32	1	16	1	2	498.9105
1	1	32	1	2	233.533
16	8	1	1	2	294.26
2	2	8	1	2	348.5285
2	8	4	1	2	296.4895
2	1	4	1	2	171.3115
32	8	1	1	2	293.9325
1	4	8	1	2	408.471
1	8	4	1	2	231.0335
1	1	4	1	2	157.624
1	1	16	1	2	244.2835
16	32	1	1	2	966.5575
16	1	1	2	2	130.222
8	1	1	2	2	129.1975
16	8	4	1	2	434.6295
32	1	1	2	2	130.8915
32	16	1	1	2	490.4445
4	1	1	2	2	127.376
1	2	2	1	2	175.4035
1	16	2	1	2	184.93
2	1	1	2	2	123.469
16	2	1	1	2	123.936
8	2	1	1	2	122.7915
32	2	1	1	2	125.09
4	2	1	1	2	120.4295
1	1	1	2	2	117.341
16	1	2	1	2	113.84
32	1	2	1	2	114.9875
8	1	2	1	2	111.782
2	2	1	1	2	115.8855
4	1	2	1	2	108.244
32	32	1	1	2	729.205
1	2	1	1	2	110.945
2	1	2	1	2	101.396
32	16	1	16	2	1452.285
32	32	1	8	2	1448.02
16	32	1	16	2	2888.11
1	1	2	1	2	94.67345
16	1	1	1	2	65.11795
32	1	1	1	2	65.4463
8	1	1	1	2	64.5708
4	1	1	1	2	63.714
2	1	1	1	2	61.7441
1	1	1	1	2	58.7103
