4	4	1	8	2	986.54825
2	4	1	8	2	903.49325
1	4	1	8	2	839.9025
8	4	1	8	2	1023.074
2	8	1	8	2	1647.0875
4	8	1	8	2	1808.6275
4	4	1	16	2	1909.115
8	2	1	8	2	818.919
4	2	1	8	2	771.275
4	1	1	16	2	799.4045
2	4	1	16	2	1697.135
1	4	1	16	2	1478.8025
2	2	1	8	2	719.5965
1	8	1	8	2	1446.9725
2	16	1	8	2	3198.7625
16	2	1	8	2	835.0905
2	8	1	4	2	896.1805
4	2	1	16	2	1507.615
8	1	1	16	2	864.80075
2	8	1	16	2	3323.4675
1	8	1	16	2	2868.76
4	4	1	4	2	727.148
2	1	1	16	2	720.60375
1	8	1	4	2	853.87325
4	1	1	32	2	1166.08
8	4	1	4	2	753.6995
2	2	1	16	2	1337.6625
16	1	1	16	2	887.613
1	16	1	8	2	2713.74
4	16	1	4	2	1785.06
8	2	1	16	2	1610.2425
4	8	1	4	2	944.522
2	16	1	4	2	1641.175
2	4	1	4	2	665.14825
1	4	1	32	2	2954.9075
1	2	1	8	2	644.81875
1	16	1	4	2	1306.4075
8	8	1	8	2	1555.6425
2	4	1	32	2	3498.415
1	1	1	16	2	602.8
2	2	1	32	2	2697.945
16	4	1	8	2	861.905
4	2	1	32	2	3024.5275
2	1	1	32	2	985.0245
1	2	1	16	2	1158.3975
4	16	1	8	2	2958.2925
32	1	8	4	2	639.23
4	8	1	16	2	2989.3875
1	4	1	4	2	583.31525
8	8	1	4	2	961.14775
16	4	1	4	2	771.29625
2	32	1	4	2	2903.7425
1	8	1	32	2	5832.59
8	1	1	32	2	1369.6125
1	16	1	16	2	5192.1275
1	2	1	32	2	2319.71
1	1	1	32	2	636.40775
32	1	8	8	2	1259.6425
32	1	16	4	2	1159.05
8	2	8	4	2	1059.015
16	2	8	4	2	1131.94
16	2	16	4	2	2247.435
32	2	16	4	2	2507.65
1	32	1	4	2	2277.5875
8	4	1	16	2	1718.8475
16	1	16	8	2	2121.14
32	2	8	4	2	1328.825
16	1	16	4	2	1011.29725
16	1	8	4	2	516.073
8	16	1	4	2	1560.435
16	1	8	8	2	1051.445
32	2	1	8	2	707.2845
16	4	8	4	2	2318.65
16	2	8	8	2	2247.38
1	32	1	8	2	4555.1325
4	4	1	32	2	3234.2825
4	32	1	4	2	2844.5475
8	4	8	4	2	2087.845
8	2	8	8	2	2075.3525
4	1	1	8	2	484.884
8	1	1	8	2	489.717
2	16	1	16	2	5349.2875
16	8	1	4	2	807.42775
8	4	8	8	2	4168.56
16	1	1	8	2	498.587
4	2	1	4	2	465.938
8	2	1	4	2	477.2745
8	1	8	8	2	921.25325
16	2	1	16	2	1391.9475
2	32	1	8	2	4830.9075
8	1	8	4	2	459.9235
2	1	1	8	2	453.19525
32	1	1	16	2	752.004
32	1	1	8	2	503.97475
8	2	1	32	2	2727.02
16	2	1	4	2	488.15875
16	1	1	32	2	1165.5075
2	8	1	32	2	5518.6375
2	2	1	4	2	433.808
16	1	4	8	2	449.538
32	2	1	4	2	493.8695
32	4	8	4	2	2303.96
32	4	1	4	2	649.2625
16	4	8	8	2	3863.0875
8	1	4	8	2	405.7615
1	1	1	8	2	403.92
8	16	1	8	2	2319.9975
16	2	4	4	2	416.6725
1	16	1	32	2	8755.615
1	32	1	16	2	7592.11
1	16	1	2	2	758.98825
16	1	32	4	2	1557.2575
16	8	1	8	2	1195.425
1	2	1	4	2	385.97675
32	4	1	8	2	641.18325
16	2	16	2	2	1130.0525
1	8	1	2	2	429.055
8	2	4	4	2	388.22675
32	1	4	4	2	405.48725
16	1	4	4	2	385.2085
8	1	4	4	2	377.5455
16	2	8	2	2	638.92475
2	8	1	2	2	450.32075
8	2	8	2	2	576.99275
32	1	32	2	2	1118.415
16	1	32	2	2	780.983
8	8	1	16	2	2326.9325
2	16	1	2	2	858.38
4	1	4	8	2	364.5755
32	1	16	2	2	648.342
4	16	1	16	2	4455.665
4	8	1	2	2	474.13525
8	4	8	2	2	1045.21
2	32	1	2	2	1443.495
16	4	1	16	2	1296.775
4	1	4	16	2	729.36425
4	2	4	4	2	359.543
4	2	4	8	2	720.8225
16	1	16	2	2	598.8785
16	4	8	2	2	1166.2575
4	32	1	8	2	4256.6975
8	2	4	8	2	744.82025
32	1	8	2	2	395.538
32	2	16	2	2	1261.695
8	8	1	2	2	482.178
4	32	1	2	2	1709.9775
8	4	1	2	2	377.528
4	1	2	16	2	702.6125
16	1	8	2	2	371.38175
1	32	1	2	2	1137.0925
32	2	8	2	2	745.46675
4	4	1	2	2	363.8365
4	8	1	32	2	4510.91
4	16	1	2	2	921.57725
16	4	1	2	2	386.2935
8	1	2	8	2	346.53025
16	2	4	2	2	354.80425
16	16	1	4	2	1182.725
8	1	16	4	2	672.2435
4	1	2	8	2	339.30325
4	1	4	4	2	333.664
16	4	4	2	2	386.5355
8	16	1	16	2	4649.4675
8	1	16	8	2	1346.1075
8	2	4	2	2	341.948
8	4	4	4	2	687.22725
4	2	8	2	2	339.27575
8	4	1	32	2	2487.905
8	32	1	4	2	2233.4225
8	32	1	8	2	4472.4025
8	4	4	2	2	353.3015
4	2	16	2	2	650.8145
4	32	1	16	2	8498.4425
4	2	8	4	2	648.2895
4	2	16	4	2	1300.0175
32	8	1	4	2	608.953
32	4	8	2	2	1388.7075
4	4	4	4	2	649.74525
32	2	4	2	2	362.42025
2	32	1	16	2	7276.765
4	2	8	8	2	1283.6325
4	1	8	4	2	319.73325
16	16	1	8	2	2368.305
4	2	16	8	2	2591.07
8	2	16	2	2	653.56575
8	2	16	4	2	1283.0175
4	4	4	8	2	1294.57
4	4	8	4	2	1289.79
16	8	1	2	2	488.089
8	16	1	2	2	947.41575
8	1	16	2	2	375.53975
4	4	8	2	2	653.92175
4	1	16	4	2	622.3875
4	4	4	2	2	331.5945
16	2	1	32	2	2081.3075
2	4	1	2	2	332.55525
2	1	2	16	2	623.50475
4	1	8	8	2	621.14775
2	1	2	8	2	311.275
16	1	2	4	2	321.18775
32	8	1	8	2	1211.24
4	1	16	8	2	1226.2025
8	1	2	4	2	314.42
2	2	4	8	2	610.30425
2	16	1	32	2	7946.4225
32	1	1	32	2	840.429
32	2	1	16	2	1071.4325
8	1	8	2	2	355.05875
4	1	8	2	2	327.89925
2	1	4	8	2	302.98075
32	4	1	2	2	391.63725
2	1	4	4	2	305.31925
1	1	2	8	2	308.2745
2	4	4	4	2	605.81625
4	1	16	2	2	332.567
16	8	1	16	2	2388.6125
32	4	1	16	2	1292.27
1	1	4	4	2	306.07825
2	2	8	4	2	592.642
4	1	2	4	2	302.90725
8	32	1	2	2	1492.2675
8	2	2	4	2	304.79675
2	2	4	4	2	293.6965
2	4	4	8	2	1185.4075
2	4	8	2	2	599.1565
2	4	8	4	2	1182.23
2	1	4	16	2	589.5485
16	16	1	2	2	795.505
8	8	4	2	2	635.0285
1	2	2	8	2	298.9885
4	2	2	8	2	298.214
2	4	8	8	2	2365.1325
4	2	4	2	2	318.80825
1	1	2	16	2	579.7415
2	2	8	8	2	1156.34
4	2	2	4	2	294.3405
2	2	4	16	2	1169.155
2	4	4	2	2	298.109
2	2	8	2	2	310.8825
2	2	8	16	2	2302.73
1	1	2	32	2	1176.9775
4	16	1	32	2	8870.3675
16	2	2	2	2	294.61425
1	4	8	4	2	1144.7725
1	4	8	8	2	2285.2325
8	8	1	32	2	4657.0775
8	2	2	2	2	292.99225
1	2	8	4	2	560.6005
1	2	2	16	2	563.64375
1	4	8	16	2	4589.41
1	2	2	32	2	1137.7925
1	2	2	4	2	287.23975
2	2	4	2	2	299.04475
8	1	32	4	2	1117.0975
2	2	2	16	2	560.1345
4	2	2	2	2	287.2865
2	2	2	8	2	280.89575
1	4	1	2	2	292.045
2	2	2	4	2	284.215
16	4	1	32	2	2522.7375
2	1	2	4	2	279.94275
1	2	8	8	2	1091.815
8	1	32	2	2	557.5405
1	4	8	2	2	584.72525
32	16	1	4	2	1201.1725
4	8	4	2	2	556.744
4	8	4	4	2	1115.59
2	1	8	4	2	271.823
1	2	8	16	2	2142.825
16	1	4	2	2	277.875
2	1	8	2	2	287.632
32	1	4	2	2	274.73
16	32	1	4	2	2291.065
2	1	8	8	2	522.053
8	1	4	2	2	271.344
1	2	4	2	2	292.101
1	2	8	2	2	299.80775
1	1	4	8	2	262.16175
1	2	4	4	2	261.33225
2	1	16	4	2	517.35025
4	4	2	2	2	264.793
2	1	8	16	2	1040.185
2	1	16	8	2	1028.56
2	1	16	16	2	2073.13
8	4	2	2	2	269.78675
4	4	2	4	2	260.69575
16	1	1	4	2	258.384
1	4	2	8	2	506.8365
8	1	1	4	2	254.71275
1	1	8	4	2	259.202
2	2	2	2	2	265.234
1	4	2	4	2	254.24625
4	1	1	4	2	252.7025
32	8	1	2	2	409.43975
4	1	32	8	2	2036.2675
4	1	32	4	2	1016.9875
1	1	2	4	2	257.195
1	4	4	4	2	499.835
1	1	4	16	2	497.6685
2	1	16	2	2	271.6455
2	32	1	32	2	14474.975
32	2	1	32	2	2104.8475
32	1	1	4	2	260.654
1	32	1	32	2	11407.875
2	2	16	2	2	502.01875
1	4	2	16	2	991.85975
4	1	32	2	2	509.0505
2	2	16	4	2	987.42775
1	1	8	8	2	486.072
2	2	16	8	2	1976.895
2	4	2	2	2	250.37825
1	1	4	32	2	1002.96525
2	8	4	2	2	491.20575
16	32	1	2	2	1143.6225
2	8	4	4	2	984.8945
1	4	4	8	2	967.48025
1	1	8	16	2	965.36775
1	1	8	2	2	267.3345
2	8	4	8	2	1966.715
2	4	2	8	2	481.05125
1	4	4	16	2	1920.63
1	2	4	8	2	471.907
1	4	2	2	2	246.64775
1	2	16	2	2	490.09575
2	1	1	4	2	238.685
8	2	1	2	2	238.52625
16	2	1	2	2	244.02325
4	1	4	2	2	244.002
1	4	4	2	2	245.558
1	2	4	16	2	937.38075
2	4	2	4	2	233.49575
1	2	16	4	2	947.15925
32	2	1	2	2	246.568
1	2	16	8	2	1892.2625
4	2	1	2	2	233.23975
1	2	16	16	2	3778.805
1	2	2	2	2	238.65775
1	1	16	8	2	900.4985
1	1	16	4	2	449.01175
2	1	4	2	2	230.513
1	1	4	2	2	235.3635
1	1	16	16	2	1790.1925
32	16	1	2	2	601.1355
1	1	16	2	2	237.40875
2	2	1	2	2	217.04625
2	1	32	4	2	867.06775
2	1	32	8	2	1733.43
2	1	32	16	2	3468.4375
1	8	2	2	2	211.9005
1	1	1	4	2	212.06625
2	1	32	2	2	429.13
1	8	4	4	2	831.844
1	8	4	8	2	1659.915
1	8	4	2	2	409.69875
32	1	2	2	2	208.6095
16	1	2	2	2	204.5715
8	1	2	2	2	201.893
1	8	2	4	2	401.18875
1	8	2	8	2	797.35725
4	2	8	1	2	295.10325
4	1	16	1	2	294.974
1	8	4	1	2	212.758
8	2	8	1	2	362.3865
4	2	4	1	2	230.70275
4	4	2	1	2	246.9425
2	2	8	1	2	263.1765
4	4	8	1	2	326.82325
1	32	1	1	2	566.77325
2	4	4	1	2	288.5745
4	1	8	1	2	228.3315
2	4	8	1	2	298.87225
2	8	1	1	2	225.27725
32	1	16	1	2	402.26525
1	16	1	1	2	380.94825
16	1	8	1	2	227.8405
2	2	16	1	2	251.268
16	1	16	1	2	374.61275
8	1	32	1	2	281.7495
4	1	2	2	2	193.1025
32	1	32	1	2	561.47525
32	1	8	1	2	225.082
8	4	4	1	2	322.346
1	2	1	2	2	193.53375
1	2	8	1	2	255.7425
1	4	4	1	2	270.9115
4	1	32	1	2	252.75425
1	4	8	1	2	301.552
8	4	8	1	2	520.088
16	2	16	1	2	562.9555
4	4	4	1	2	304.56025
1	1	32	2	2	395.17975
1	1	32	4	2	784.036
8	4	2	1	2	250.97025
32	32	1	2	2	1158.7375
1	1	32	8	2	1568.435
8	1	8	1	2	215.485
2	8	2	4	2	381.13625
16	1	32	1	2	388.1395
1	1	32	16	2	3142.5075
8	2	4	1	2	254.46875
8	2	16	1	2	330.057
32	2	4	1	2	264.91
2	8	2	1	2	195.4575
4	8	1	1	2	237.387
4	8	4	1	2	277.318
2	4	2	1	2	232.48025
8	1	16	1	2	307.27175
2	1	16	1	2	217.57975
4	32	1	1	2	850.407
2	16	1	1	2	430.9645
16	2	4	1	2	262.66425
8	32	1	16	2	4485.1075
4	16	1	1	2	464.02675
1	8	1	1	2	214.82775
32	1	4	1	2	197.81
1	2	16	1	2	247.71175
4	8	2	1	2	207.476
1	4	2	1	2	206.59675
32	2	8	1	2	406.85225
2	8	2	2	2	184.53425
8	8	1	1	2	241.54
8	32	1	1	2	890.22375
32	4	8	1	2	695.67025
4	2	16	1	2	325.19625
32	16	1	8	2	1196.7775
2	8	4	1	2	235.819
16	16	1	16	2	2370.435
16	2	8	1	2	389.36125
16	4	2	1	2	252.8475
16	4	4	1	2	327.792
4	8	2	2	2	183.568
16	16	1	1	2	484.541
2	1	32	1	2	218.67525
16	8	1	1	2	243.72325
8	16	1	1	2	475.395
1	8	2	1	2	192.25475
8	8	2	1	2	212.82425
2	2	4	1	2	216.87675
16	1	4	1	2	194.20875
8	1	4	1	2	186.29525
8	8	4	1	2	319.517
16	4	8	1	2	579.432
8	4	1	1	2	189.0195
32	2	2	1	2	200.645
1	2	4	1	2	202.63575
16	32	1	8	2	2292.975
2	32	1	1	2	720.169
32	4	4	1	2	330.3555
16	2	2	1	2	197.36875
2	1	8	1	2	203.962
4	2	2	1	2	181.3695
32	2	16	1	2	629.61325
16	8	4	1	2	333.63575
4	4	1	1	2	182.52775
2	1	2	2	2	176.40875
32	4	1	1	2	195.788
32	8	1	16	2	1209.0325
32	4	1	32	2	1275.23
16	4	1	1	2	193.86675
8	2	2	1	2	191.48625
1	1	32	1	2	199.77625
1	1	16	1	2	191.81025
2	16	2	2	2	335.5725
1	1	8	1	2	185.94425
16	32	1	1	2	764.2095
16	8	1	32	2	2387.8125
1	16	2	4	2	655.66225
4	16	2	1	2	172.5155
2	4	1	1	2	166.6575
32	8	1	1	2	245.94175
1	16	2	2	2	321.40925
2	2	2	1	2	164.62125
4	1	4	1	2	173.54275
32	32	1	4	2	1158.0425
1	16	2	1	2	159.36925
2	16	2	1	2	168.52
1	1	2	2	2	157.53325
32	16	1	1	2	408.003
2	1	4	1	2	155.585
1	4	1	1	2	146.32375
1	2	2	1	2	143.5255
32	32	1	1	2	577.21825
1	1	4	1	2	139.2925
16	1	1	2	2	129.2315
32	1	1	2	2	130.30925
8	1	1	2	2	127.25425
4	1	1	2	2	126.22225
16	2	1	1	2	122.0305
32	2	1	1	2	123.5235
8	2	1	1	2	119.30975
2	1	1	2	2	119.269
4	2	1	1	2	116.6555
32	1	2	1	2	115.143
16	1	2	1	2	113.42275
8	1	2	1	2	110.14125
2	2	1	1	2	108.61125
1	1	1	2	2	105.96825
4	1	2	1	2	104.28475
1	2	1	1	2	96.6715
32	32	1	8	2	1153.6125
2	1	2	1	2	94.3995
1	1	2	1	2	85.55275
32	1	1	1	2	65.16935
16	1	1	1	2	64.646225
8	1	1	1	2	63.64645
4	1	1	1	2	63.137825
2	1	1	1	2	59.663875
1	1	1	1	2	52.984875
