4	4	1	8	2	775.47525
2	4	1	8	2	773.93525
1	4	1	8	2	730.1885
8	4	1	8	2	717.93825
2	8	1	8	2	708.16525
4	8	1	8	2	705.98725
4	4	1	16	2	690.29925
8	2	1	8	2	679.3155
4	2	1	8	2	677.269
4	1	1	16	2	673.85175
2	4	1	16	2	667.31175
1	4	1	16	2	665.88625
2	2	1	8	2	654.27675
1	8	1	8	2	654.03
2	16	1	8	2	647.92725
16	2	1	8	2	637.681
2	8	1	4	2	636.60675
4	2	1	16	2	635.86425
8	1	1	16	2	633.62375
2	8	1	16	2	633.06375
1	8	1	16	2	624.0445
4	4	1	4	2	621.55325
2	1	1	16	2	618.99225
1	8	1	4	2	616.309
4	1	1	32	2	614.27225
8	4	1	4	2	610.2375
2	2	1	16	2	609.196
16	1	1	16	2	608.404
1	16	1	8	2	598.542
4	16	1	4	2	597.27275
8	2	1	16	2	596.71325
4	8	1	4	2	596.4285
2	16	1	4	2	590.5185
2	4	1	4	2	586.5385
1	4	1	32	2	581.5275
1	2	1	8	2	578.56725
1	16	1	4	2	578.21
8	8	1	8	2	562.2555
2	4	1	32	2	561.6815
1	1	1	16	2	560.352
2	2	1	32	2	555.19925
16	4	1	8	2	555.12075
4	2	1	32	2	552.926
2	1	1	32	2	550.22275
1	2	1	16	2	549.60525
4	16	1	8	2	542.8965
32	1	8	4	2	541.9535
4	8	1	16	2	538.689
1	4	1	4	2	533.4455
8	8	1	4	2	532.75575
16	4	1	4	2	531.57525
2	32	1	4	2	531.1355
1	8	1	32	2	530.52025
8	1	1	32	2	529.706
1	16	1	16	2	528.89075
1	2	1	32	2	523.63075
1	1	1	32	2	523.41
32	1	8	8	2	515.3755
32	1	16	4	2	509.43225
8	2	8	4	2	503.88375
16	2	8	4	2	503.66175
16	2	16	4	2	501.764
32	2	16	4	2	500.70375
1	32	1	4	2	500.06675
8	4	1	16	2	493.86225
16	1	16	8	2	486.76
32	2	8	4	2	486.648
16	1	16	4	2	478.96425
16	1	8	4	2	478.42525
8	16	1	4	2	478.127
16	1	8	8	2	477.99425
32	2	1	8	2	477.13175
16	4	8	4	2	475.898
16	2	8	8	2	474.34025
1	32	1	8	2	474.238
4	4	1	32	2	472.46
4	32	1	4	2	470.62875
8	4	8	4	2	469.274
8	2	8	8	2	468.61225
4	1	1	8	2	467.1235
8	1	1	8	2	465.23775
2	16	1	16	2	464.91325
16	8	1	4	2	456.152
8	4	8	8	2	452.8535
16	1	1	8	2	447.53825
4	2	1	4	2	446.478
8	2	1	4	2	446.32275
8	1	8	8	2	443.12175
16	2	1	16	2	441.50925
2	32	1	8	2	437.2675
8	1	8	4	2	434.829
2	1	1	8	2	430.766
32	1	1	16	2	430.02775
32	1	1	8	2	429.99925
8	2	1	32	2	427.59225
16	2	1	4	2	427.43875
16	1	1	32	2	426.6075
2	8	1	32	2	425.4005
2	2	1	4	2	414.737
16	1	4	8	2	403.618
32	2	1	4	2	403.57125
32	4	8	4	2	399.71475
32	4	1	4	2	395.4715
16	4	8	8	2	390.3725
8	1	4	8	2	387.1095
1	1	1	8	2	385.92975
8	16	1	8	2	384.15
16	2	4	4	2	381.14625
1	16	1	32	2	376.95775
1	32	1	16	2	375.03525
1	16	1	2	2	373.587
16	1	32	4	2	373.50075
16	8	1	8	2	372.26725
1	2	1	4	2	370.7145
32	4	1	8	2	370.27125
16	2	16	2	2	369.816
1	8	1	2	2	369.24
8	2	4	4	2	366.03375
32	1	4	4	2	364.7385
16	1	4	4	2	364.5455
8	1	4	4	2	364.521
16	2	8	2	2	362.42425
2	8	1	2	2	361.38275
8	2	8	2	2	360.67525
32	1	32	2	2	359.907
16	1	32	2	2	359.1585
8	8	1	16	2	357.438
2	16	1	2	2	357.027
4	1	4	8	2	356.144
32	1	16	2	2	354.9015
4	16	1	16	2	354.74075
4	8	1	2	2	354.5275
8	4	8	2	2	353.0175
2	32	1	2	2	351.89425
16	4	1	16	2	350.49425
4	1	4	16	2	349.54925
4	2	4	4	2	347.962
4	2	4	8	2	347.933
16	1	16	2	2	347.57275
16	4	8	2	2	347.193
4	32	1	8	2	346.98475
8	2	4	8	2	346.01775
32	1	8	2	2	345.19825
32	2	16	2	2	342.60225
8	8	1	2	2	341.36575
4	32	1	2	2	340.8165
8	4	1	2	2	340.3475
4	1	2	16	2	337.5305
16	1	8	2	2	336.10975
1	32	1	2	2	335.05275
32	2	8	2	2	335.00425
4	4	1	2	2	333.20625
4	8	1	32	2	331.4325
4	16	1	2	2	330.8355
16	4	1	2	2	330.74075
8	1	2	8	2	329.3535
16	2	4	2	2	328.715
16	16	1	4	2	328.301
8	1	16	4	2	328.085
4	1	2	8	2	327.7465
4	1	4	4	2	325.845
16	4	4	2	2	325.78375
8	16	1	16	2	324.994
8	1	16	8	2	324.561
8	2	4	2	2	324.15325
8	4	4	4	2	322.24175
4	2	8	2	2	320.74175
8	4	1	32	2	319.6545
8	32	1	4	2	318.73425
8	32	1	8	2	318.4445
8	4	4	2	2	317.77325
4	2	16	2	2	317.09125
4	32	1	16	2	316.3965
4	2	8	4	2	315.52475
4	2	16	4	2	314.684
32	8	1	4	2	313.59425
32	4	8	2	2	313.468
4	4	4	4	2	312.91525
32	2	4	2	2	312.7355
2	32	1	16	2	312.6965
4	2	8	8	2	312.6035
4	1	8	4	2	312.52225
16	16	1	8	2	311.34825
4	2	16	8	2	311.0705
8	2	16	2	2	309.93475
8	2	16	4	2	309.76975
4	4	4	8	2	309.30425
4	4	8	4	2	309.2555
16	8	1	2	2	309.2315
8	16	1	2	2	308.457
8	1	16	2	2	307.81625
4	4	8	2	2	306.613
4	1	16	4	2	304.95775
4	4	4	2	2	304.86925
16	2	1	32	2	304.55375
2	4	1	2	2	304.193
2	1	2	16	2	302.50875
4	1	8	8	2	301.927
2	1	2	8	2	301.25925
16	1	2	4	2	300.832
32	8	1	8	2	300.81625
4	1	16	8	2	300.47125
8	1	2	4	2	300.187
2	2	4	8	2	299.972
2	16	1	32	2	299.6615
32	1	1	32	2	298.98125
32	2	1	16	2	298.85175
8	1	8	2	2	297.8735
4	1	8	2	2	297.4645
2	1	4	8	2	296.68725
32	4	1	2	2	296.59975
2	1	4	4	2	296.3095
1	1	2	8	2	295.71375
2	4	4	4	2	295.5935
4	1	16	2	2	294.70475
16	8	1	16	2	294.5185
32	4	1	16	2	293.10425
1	1	4	4	2	292.6335
2	2	8	4	2	291.68475
4	1	2	4	2	291.3845
8	32	1	2	2	291.24875
8	2	2	4	2	288.317
2	2	4	4	2	288.12
2	4	4	8	2	287.9015
2	4	8	2	2	287.7475
2	4	8	4	2	287.747
2	1	4	16	2	287.546
16	16	1	2	2	287.2915
8	8	4	2	2	286.77625
1	2	2	8	2	286.4455
4	2	2	8	2	286.17275
2	4	8	8	2	285.645
4	2	4	2	2	285.01375
1	1	2	16	2	284.85875
2	2	8	8	2	283.80425
4	2	2	4	2	283.67025
2	2	4	16	2	283.26125
2	4	4	2	2	282.7315
2	2	8	2	2	281.58775
2	2	8	16	2	280.425
1	1	2	32	2	279.9735
4	16	1	32	2	279.91075
16	2	2	2	2	279.425
1	4	8	4	2	278.3895
1	4	8	8	2	277.4845
8	8	1	32	2	277.063
8	2	2	2	2	276.47925
1	2	8	4	2	275.956
1	2	2	16	2	274.95975
1	4	8	16	2	274.26575
1	2	2	32	2	274.04775
1	2	2	4	2	273.29675
2	2	4	2	2	273.02725
8	1	32	4	2	272.94925
2	2	2	16	2	272.74625
4	2	2	2	2	271.64925
2	2	2	8	2	271.34575
1	4	1	2	2	271.2
2	2	2	4	2	270.57575
16	4	1	32	2	270.4475
2	1	2	4	2	268.62975
1	2	8	8	2	268.09775
8	1	32	2	2	268.065
1	4	8	2	2	267.9115
32	16	1	4	2	267.61625
4	8	4	2	2	265.8355
4	8	4	4	2	265.16025
2	1	8	4	2	265.03325
1	2	8	16	2	261.02275
16	1	4	2	2	260.5415
2	1	8	2	2	260.2755
32	1	4	2	2	260.12225
16	32	1	4	2	259.14625
2	1	8	8	2	258.595
8	1	4	2	2	258.26375
1	2	4	2	2	258.2545
1	2	8	2	2	257.618
1	1	4	8	2	256.351
1	2	4	4	2	255.4075
2	1	16	4	2	254.41725
4	4	2	2	2	254.29375
2	1	8	16	2	253.88375
2	1	16	8	2	253.43875
2	1	16	16	2	253.08025
8	4	2	2	2	251.3195
4	4	2	4	2	251.0485
16	1	1	4	2	250.69075
1	4	2	8	2	250.10525
8	1	1	4	2	250.082
1	1	8	4	2	249.91525
2	2	2	2	2	249.8415
1	4	2	4	2	249.3235
4	1	1	4	2	249.11575
32	8	1	2	2	248.4005
4	1	32	8	2	247.68975
4	1	32	4	2	247.5425
1	1	2	4	2	247.171
1	4	4	4	2	246.99425
1	1	4	16	2	245.7645
2	1	16	2	2	245.52475
2	32	1	32	2	245.52025
32	2	1	32	2	244.8685
32	1	1	4	2	244.559
1	32	1	32	2	243.63975
2	2	16	2	2	242.59675
1	4	2	16	2	242.202
4	1	32	2	2	241.80925
2	2	16	4	2	241.3865
1	1	8	8	2	240.4865
2	2	16	8	2	240.4705
2	4	2	2	2	240.4165
1	1	4	32	2	240.181
2	8	4	2	2	240.05025
16	32	1	2	2	239.09725
2	8	4	4	2	238.773
1	4	4	8	2	238.3785
1	1	8	16	2	237.78025
1	1	8	2	2	237.44675
2	8	4	8	2	235.70075
2	4	2	8	2	234.68075
1	4	4	16	2	234.52725
1	2	4	8	2	233.84675
1	4	2	2	2	233.72325
1	2	16	2	2	233.59575
2	1	1	4	2	233.07775
8	2	1	2	2	232.433
16	2	1	2	2	232.141
4	1	4	2	2	231.26125
1	4	4	2	2	230.43425
1	2	4	16	2	229.94075
2	4	2	4	2	228.76125
1	2	16	4	2	228.6065
32	2	1	2	2	227.4555
1	2	16	8	2	227.4005
4	2	1	2	2	226.189
1	2	16	16	2	224.1635
1	2	2	2	2	223.16725
1	1	16	8	2	219.98025
1	1	16	4	2	219.7065
2	1	4	2	2	219.051
1	1	4	2	2	218.12075
1	1	16	16	2	217.43675
32	16	1	2	2	215.84775
1	1	16	2	2	212.44425
2	2	1	2	2	211.68825
2	1	32	4	2	209.9185
2	1	32	8	2	209.17425
2	1	32	16	2	208.2785
1	8	2	2	2	206.794
1	1	1	4	2	206.68
2	1	32	2	2	205.8385
1	8	4	4	2	204.355
1	8	4	8	2	201.79125
1	8	4	2	2	201.69775
32	1	2	2	2	200.69825
16	1	2	2	2	199.4975
8	1	2	2	2	198.83825
1	8	2	4	2	198.10825
1	8	2	8	2	195.3825
4	2	8	1	2	194.312
4	1	16	1	2	194.09475
1	8	4	1	2	193.55925
8	2	8	1	2	193.176
4	2	4	1	2	192.867
4	4	2	1	2	192.0595
2	2	8	1	2	191.3925
4	4	8	1	2	191.01375
1	32	1	1	2	190.45225
2	4	4	1	2	190.27175
4	1	8	1	2	190.254
2	4	8	1	2	190.0645
2	8	1	1	2	189.89325
32	1	16	1	2	189.712
1	16	1	1	2	189.64825
16	1	8	1	2	189.53675
2	2	16	1	2	189.465
16	1	16	1	2	188.94175
8	1	32	1	2	188.8765
4	1	2	2	2	188.64925
32	1	32	1	2	188.48825
32	1	8	1	2	187.58175
8	4	4	1	2	187.546
1	2	1	2	2	187.36075
1	2	8	1	2	186.93625
1	4	4	1	2	186.72025
4	1	32	1	2	186.59725
1	4	8	1	2	186.52625
8	4	8	1	2	186.28325
16	2	16	1	2	186.167
4	4	4	1	2	186.025
1	1	32	2	2	185.8565
1	1	32	4	2	185.85
8	4	2	1	2	185.632
32	32	1	2	2	185.60625
1	1	32	8	2	185.228
8	1	8	1	2	185.019
2	8	2	4	2	184.85875
16	1	32	1	2	184.81725
1	1	32	16	2	184.753
8	2	4	1	2	184.66525
8	2	16	1	2	184.54775
32	2	4	1	2	184.51125
2	8	2	1	2	184.22025
4	8	1	1	2	184.2065
4	8	4	1	2	184.05425
2	4	2	1	2	183.596
8	1	16	1	2	183.411
2	1	16	1	2	183.20275
4	32	1	1	2	183.008
2	16	1	1	2	182.8615
16	2	4	1	2	182.7935
8	32	1	16	2	182.44225
4	16	1	1	2	182.34175
1	8	1	1	2	181.9615
32	1	4	1	2	181.582
1	2	16	1	2	181.4785
4	8	2	1	2	181.3475
1	4	2	1	2	181.17875
32	2	8	1	2	181.0555
2	8	2	2	2	180.93375
8	8	1	1	2	180.8785
8	32	1	1	2	180.81575
32	4	8	1	2	180.63425
4	2	16	1	2	180.62575
32	16	1	8	2	180.56825
2	8	4	1	2	180.27725
16	16	1	16	2	179.005
16	2	8	1	2	178.75975
16	4	2	1	2	178.58825
16	4	4	1	2	178.4415
4	8	2	2	2	177.9555
16	16	1	1	2	177.191
2	1	32	1	2	176.92375
16	8	1	1	2	176.886
8	16	1	1	2	176.70375
1	8	2	1	2	176.25325
8	8	2	1	2	176.058
2	2	4	1	2	175.97575
16	1	4	1	2	175.737
8	1	4	1	2	175.57025
8	8	4	1	2	175.05775
16	4	8	1	2	174.48175
8	4	1	1	2	174.45475
32	2	2	1	2	174.34875
1	2	4	1	2	173.72575
16	32	1	8	2	173.6485
2	32	1	1	2	173.52475
32	4	4	1	2	173.45625
16	2	2	1	2	173.43
2	1	8	1	2	173.35275
4	2	2	1	2	172.96475
32	2	16	1	2	172.5965
16	8	4	1	2	172.225
4	4	1	1	2	171.965
2	1	2	2	2	171.467
32	4	1	1	2	170.80325
32	8	1	16	2	170.3455
32	4	1	32	2	169.41325
16	4	1	1	2	166.58125
8	2	2	1	2	166.53725
1	1	32	1	2	163.44525
1	1	16	1	2	162.95075
2	16	2	2	2	162.538
1	1	8	1	2	162.258
16	32	1	1	2	161.895
16	8	1	32	2	161.59075
1	16	2	4	2	160.87525
4	16	2	1	2	159.898
2	4	1	1	2	159.0805
32	8	1	1	2	158.9115
1	16	2	2	2	158.352
2	2	2	1	2	155.49175
4	1	4	1	2	155.17825
32	32	1	4	2	155.0705
1	16	2	1	2	154.78225
2	16	2	1	2	152.107
1	1	2	2	2	151.00475
32	16	1	1	2	145.98075
2	1	4	1	2	139.9925
1	4	1	1	2	135.0415
1	2	2	1	2	132.523
32	32	1	1	2	130.81425
1	1	4	1	2	127.589
16	1	1	2	2	127.16875
32	1	1	2	2	126.6605
8	1	1	2	2	125.9245
4	1	1	2	2	125.115
16	2	1	1	2	119.4985
32	2	1	1	2	118.657
8	2	1	1	2	117.891
2	1	1	2	2	117.2275
4	2	1	1	2	115.053
32	1	2	1	2	113.0675
16	1	2	1	2	111.8705
8	1	2	1	2	108.89025
2	2	1	1	2	106.152
1	1	1	2	2	103.79775
4	1	2	1	2	102.77725
1	2	1	1	2	93.996025
32	32	1	8	2	93.56885
2	1	2	1	2	91.684775
1	1	2	1	2	82.59395
32	1	1	1	2	64.53845
16	1	1	1	2	64.248725
8	1	1	1	2	63.35905
4	1	1	1	2	62.6874
2	1	1	1	2	58.996025
1	1	1	1	2	52.13195
