2	1	1	32	2	400.074	466.13
1	1	1	32	2	396.1836667	445.9723333
4	1	1	32	2	392.0723333	479.5906667
2	4	1	8	2	371.7256667	390.534
1	4	1	16	2	365.132	761.9973333
2	4	1	16	2	365.077	792.263
1	4	1	8	2	365.0646667	376.0836667
1	8	1	4	2	358.0126667	374.0873333
2	8	1	4	2	356.3756667	390.93
4	4	1	8	2	355.4466667	394.9066667
1	4	1	32	2	355.175	1570.83
2	8	1	8	2	354.883	777.586
1	8	1	8	2	353.7313333	743.437
2	4	1	32	2	352.496	1594.026667
1	8	1	16	2	346.9316667	1482.22
4	4	1	16	2	345.4143333	801.6713333
8	1	1	32	2	345.3046667	437.6446667
2	8	1	16	2	339.1473333	1530.84
1	16	1	8	2	330.6783333	1438.286667
1	16	1	4	2	330.31	711.9436667
1	8	1	32	2	329.5853333	2969.626667
2	16	1	4	2	324.331	763.9876667
4	8	1	4	2	323.5676667	384.4153333
2	16	1	8	2	320.6263333	1528.973333
2	8	1	32	2	320.1596667	3134.063333
4	8	1	8	2	319.7006667	771.4826667
1	16	1	16	2	317.9073333	2846.726667
4	4	1	32	2	316.0756667	1634.17
4	8	1	16	2	310.3623333	1539.446667
2	16	1	16	2	307.4126667	3063.556667
8	4	1	8	2	292.815	361.37
16	1	1	32	2	292.1733333	420.4333333
1	16	1	32	2	291.44	5667.373333
8	4	1	16	2	283.3546667	726.944
4	16	1	8	2	276.729	1524.583333
4	16	1	4	2	275.73	761.113
4	8	1	32	2	275.1636667	3173.85
1	32	1	4	2	273.283	1247.036667
2	32	1	4	2	272.2596667	1465.126667
2	32	1	8	2	270.9436667	2938.326667
1	32	1	8	2	270.8393333	2493.443333
2	1	1	16	2	270.5523333	285.4863333
4	1	1	16	2	269.0293333	281.5846667
1	1	1	16	2	268.8073333	276.8546667
2	16	1	32	2	266.754	6048.073333
2	2	2	16	2	265.3773333	548.4686667
4	2	2	8	2	262.5146667	283.428
1	32	1	16	2	261.628	4981.456667
4	16	1	16	2	260.3586667	3063.12
2	2	2	8	2	257.0396667	272.6626667
8	8	1	4	2	256.9216667	357.1506667
8	4	1	32	2	254.866	1495.263333
8	2	2	8	2	254	285.6046667
4	1	4	16	2	253.3936667	522.2573333
8	8	1	8	2	252.1293333	707.7903333
2	32	1	16	2	252.0666667	5866.943333
2	2	1	8	2	250.4	254.633
8	1	1	16	2	249.1666667	266.8663333
2	2	1	16	2	248.913	510.394
4	2	1	8	2	248.6133333	256.8973333
4	1	4	8	2	248.5826667	259.5086667
16	4	1	8	2	247.3666667	347.9396667
1	2	1	16	2	245.556	498.5526667
4	2	1	16	2	245.3373333	513.242
2	4	1	4	2	244.8566667	250.651
1	2	1	8	2	244.438	248.523
2	2	1	32	2	243.268	1022.473333
1	16	1	2	2	242.51	356.3346667
8	8	1	16	2	239.8093333	1430.023333
4	4	1	4	2	239.6963333	252.4476667
8	1	4	8	2	239.4183333	253.3133333
1	4	1	4	2	238.4446667	241.8503333
1	2	1	32	2	238.1936667	980.5393333
4	2	1	32	2	237.589	1031.056667
8	1	4	16	2	236.7743333	505.0136667
8	2	1	8	2	235.11	251.7893333
16	4	1	16	2	233.6103333	703.2773333
16	1	1	16	2	233.5746667	260.8886667
8	2	1	16	2	230.968	507.689
2	16	1	2	2	230.5506667	388.02
2	4	2	8	2	230.5266667	476.247
2	4	2	4	2	229.21	240.8053333
1	32	1	2	2	228.4433333	622.226
4	4	2	8	2	228.142	493.517
16	1	4	8	2	226.7156667	249.3606667
4	4	2	4	2	226.631	243.8293333
16	2	1	8	2	220.566	248.9526667
8	4	1	4	2	220.029	245.8133333
8	2	1	32	2	219.4386667	1026.646667
4	32	1	4	2	217.3093333	1487.23
4	32	1	8	2	216.4083333	2968.153333
16	2	1	16	2	215.2396667	502.834
4	2	4	16	2	213.6123333	894.942
4	2	4	8	2	213.2233333	439.673
4	2	4	4	2	212.9696667	221.311
8	16	1	4	2	209.0133333	707.7876667
2	32	1	2	2	208.1906667	736.503
2	1	2	16	2	207.774	422.3943333
8	4	2	4	2	207.613	237.1753333
4	16	1	2	2	205.9506667	386.235
8	2	4	8	2	205.4513333	439.3226667
4	1	2	16	2	204.273	419.9186667
8	16	1	8	2	203.959	1413.72
8	2	4	4	2	202.8593333	215.9036667
2	1	2	8	2	202.3363333	209.1693333
2	1	2	32	2	201.946	828.1636667
16	8	1	4	2	200.5276667	346.397
4	1	2	8	2	200.3556667	207.6113333
16	8	1	8	2	200.11	690.7093333
16	4	1	4	2	196.1713333	244.274
16	2	1	32	2	195.1456667	1016.363333
8	1	2	8	2	194.812	203.5023333
2	8	1	2	2	193.4526667	199.554
8	1	2	16	2	191.6096667	408.4326667
1	8	1	2	2	190.566	194.2126667
4	8	1	2	2	185.7923333	200.4476667
16	1	2	8	2	185.6356667	199.6636667
4	4	4	2	2	184.927	191.2013333
2	8	2	4	2	184.8093333	386.5266667
2	8	2	2	2	184.2893333	192.1936667
4	8	2	2	2	183.99	200.3196667
4	4	4	4	2	182.6636667	381.1863333
4	4	4	8	2	181.6266667	762.4923333
4	8	2	4	2	180.7356667	399.843
16	2	4	4	2	178.4756667	198.1483333
2	1	4	8	2	175.2923333	178.7676667
4	32	1	2	2	174.3406667	743.8673333
8	16	1	2	2	172.9113333	345.4183333
8	4	4	2	2	169.126	181.7223333
8	4	4	4	2	168.582	366.6273333
1	1	4	16	2	167.6213333	338.243
4	2	2	4	2	167.0496667	174.2563333
8	8	1	2	2	166.767	196.2096667
8	8	2	2	2	165.3936667	197.0326667
8	1	8	4	2	165.2686667	169.3193333
1	1	4	8	2	164.4893333	167.9193333
2	2	2	4	2	162.9813333	169.2206667
8	1	8	8	2	161.951	331.89
8	2	2	4	2	158.009	167.8153333
4	4	2	2	2	157.2833333	163.7123333
16	1	8	4	2	157.261	164.0953333
2	4	2	2	2	154.2033333	158.516
2	16	2	2	2	152.2356667	324.2006667
2	2	4	8	2	151.0913333	305.1673333
16	2	2	4	2	150.2476667	165.998
2	2	4	4	2	150.228	152.5866667
16	4	4	2	2	148.1863333	171.8016667
2	1	1	8	2	148.144	149.592
8	4	2	2	2	146.81	158.3476667
1	1	2	16	2	145.9593333	294.243
4	1	1	8	2	145.433	147.417
8	2	8	2	2	143.5826667	147.2646667
8	2	8	4	2	143.5183333	296.3396667
1	2	4	8	2	143.4506667	289.0026667
4	1	4	4	2	143.3843333	144.7263333
1	1	2	8	2	143.0966667	147.627
2	2	1	4	2	143.0303333	144.27
1	1	1	8	2	142.882	144.174
16	16	1	4	2	142.878	677.6096667
8	32	1	4	2	142.802	1311.526667
4	32	1	16	2	142.592	2975.306667
1	2	4	4	2	141.9396667	144.3236667
8	8	1	32	2	141.883	1483.053333
4	2	1	4	2	141.2916667	143.1253333
16	8	1	2	2	141.05	196.1596667
8	1	1	8	2	140.2563333	143.3086667
8	1	4	4	2	140.1856667	142.43
16	4	1	32	2	138.65	763.8523333
8	16	1	16	2	138.498	1460.73
1	2	2	8	2	137.789	142.689
1	2	1	4	2	136.613	137.5976667
16	1	1	8	2	135.7626667	141.2183333
8	2	1	4	2	135.2333333	139.5473333
16	1	4	4	2	135.0056667	139.2533333
16	4	2	2	2	134.5306667	155.628
4	1	8	4	2	133.6156667	135.7576667
8	32	1	2	2	132.807	655.1723333
16	2	8	2	2	132.3973333	139.745
1	16	1	1	2	132.226	193.087
16	8	1	16	2	131.8	707.443
16	2	1	4	2	130.0236667	138.8326667
1	2	2	4	2	128.6463333	131.0346667
16	16	1	2	2	128.318	353.539
4	2	4	2	2	128.0796667	129.9296667
4	8	4	2	2	128.0643333	269.6363333
4	8	4	4	2	126.9773333	538.256
1	32	1	1	2	126.2063333	310.2786667
2	4	1	2	2	125.8406667	127.4216667
4	2	8	2	2	125.518	127.3626667
2	1	8	4	2	125.253	126.3063333
2	1	8	8	2	124.6333333	250.79
2	16	1	1	2	124.3626667	197.616
4	8	4	1	2	123.937	134.0386667
4	4	1	2	2	123.7453333	126.187
4	2	8	4	2	123.396	249.8276667
1	1	8	8	2	123.1346667	247.581
1	1	8	16	2	122.3723333	492.895
1	1	8	4	2	121.9713333	123.549
8	2	4	2	2	121.7273333	124.126
1	4	1	2	2	120.795	121.8653333
2	4	4	2	2	120.2606667	122.8923333
2	16	2	1	2	120.0333333	162.548
2	1	4	4	2	119.1133333	120.112
1	4	2	4	2	119.014	122.0316667
2	4	4	4	2	118.9393333	241.5146667
8	8	4	2	2	118.5826667	265.37
2	32	1	1	2	118.2856667	366.327
1	1	4	4	2	118.1923333	119.081
16	2	4	2	2	118.15	124.1753333
2	8	2	1	2	117.542	121.1426667
16	16	1	8	2	117.532	700.7863333
4	16	1	1	2	117.5146667	199.782
4	16	2	1	2	117.0983333	178.173
8	4	1	2	2	117.056	122.944
1	4	4	2	2	116.9816667	119.1733333
8	32	1	8	2	115.2136667	1314.41
4	8	2	1	2	115.0973333	119.7813333
1	4	4	4	2	113.2073333	228.176
8	8	4	1	2	112.5886667	132.4633333
8	4	8	1	2	111.9846667	115.925
4	1	2	4	2	111.1123333	112.7726667
8	4	8	2	2	110.7593333	231.5693333
8	4	8	4	2	110.244	464.5833333
1	4	2	2	2	109.8613333	112.139
16	4	1	2	2	109.7313333	122.1116667
4	32	1	1	2	109.438	371.491
2	1	2	4	2	109.3003333	110.9226667
8	8	2	1	2	108.4053333	118.833
2	2	8	4	2	107.4786667	216.6006667
16	4	8	1	2	107.4763333	117.6176667
2	2	8	2	2	107.1903333	108.2616667
4	4	4	1	2	107.02	109.236
16	4	8	2	2	106.494	235.1256667
8	1	2	4	2	105.9833333	108.011
1	2	8	4	2	105.5673333	212.709
8	16	1	1	2	105.486	196.0626667
1	2	8	8	2	105.354	424.5426667
16	1	2	4	2	105.2826667	108.86
1	2	8	2	2	104.9883333	106.455
2	2	4	2	2	104.6536667	105.566
8	4	4	1	2	104.5836667	107.9906667
8	16	2	1	2	103.9783333	148.31
1	2	4	2	2	103.1456667	104.084
16	8	4	1	2	101.7916667	133.035
16	1	16	2	2	99.60683333	101.2563333
16	4	4	1	2	99.48446667	108.0283333
2	8	1	1	2	99.31226667	101.1393333
16	1	16	4	2	98.91376667	202.1286667
4	8	1	1	2	97.85203333	100.7906667
16	8	2	1	2	97.19643333	118.94
1	8	1	1	2	96.69636667	97.89116667
8	32	1	1	2	95.31813333	328.073
2	8	4	1	2	94.1623	95.98333333
4	4	8	1	2	93.99276667	95.7982
2	8	4	2	2	93.5338	190.01
4	2	2	2	2	93.4176	94.2858
4	4	8	2	2	93.15936667	189.1923333
16	32	1	2	2	92.46956667	649.4213333
8	1	8	2	2	92.41556667	93.34046667
2	2	2	2	2	92.0128	92.68136667
16	1	8	2	2	91.62016667	92.99146667
8	8	1	1	2	91.47913333	98.56
1	1	2	4	2	91.23266667	92.4775
16	16	1	1	2	91.16423333	195.955
2	4	2	1	2	91.09983333	92.16953333
4	4	2	1	2	90.9738	92.5003
1	8	4	1	2	90.48723333	91.80486667
1	8	4	2	2	90.40476667	182.7086667
1	8	2	2	2	90.0224	92.71883333
16	32	1	4	2	89.43376667	650.8673333
4	1	16	2	2	89.17546667	89.96953333
4	1	16	4	2	88.9705	179.0913333
8	1	16	2	2	88.639	89.52393333
8	2	2	2	2	88.5351	89.79646667
2	4	4	1	2	87.31196667	88.3975
16	2	2	2	2	86.84446667	90.06376667
16	2	16	1	2	85.49726667	87.8306
8	4	2	1	2	85.20726667	87.44636667
1	4	4	1	2	85.00333333	85.76006667
2	4	8	2	2	84.95533333	171.6146667
16	2	16	2	2	84.8072	175.6903333
2	4	8	1	2	84.6613	85.8211
16	8	1	1	2	83.53403333	98.0752
8	2	8	1	2	83.15153333	84.52353333
16	4	2	1	2	82.47173333	88.14676667
16	2	8	1	2	82.29446667	85.20396667
4	1	8	2	2	81.04586667	81.6319
1	2	2	2	2	80.9828	81.3854
2	1	16	4	2	79.93963333	160.8416667
2	1	16	2	2	79.7689	80.3498
2	1	16	8	2	79.2662	318.8533333
8	2	16	1	2	79.2238	80.54753333
8	2	16	2	2	78.1443	158.337
2	1	8	2	2	77.8812	78.33136667
2	1	1	4	2	77.87843333	78.29306667
4	1	1	4	2	77.7126	78.15613333
1	1	16	4	2	76.46036667	154.1526667
1	8	2	1	2	76.2262	77.05576667
1	1	16	2	2	76.05146667	76.84846667
1	1	16	8	2	76.03723333	306.6406667
1	1	16	16	2	75.88246667	612.648
4	2	16	1	2	75.693	76.6185
4	2	16	2	2	75.44313333	152.27
16	32	1	1	2	75.40056667	325.6443333
4	1	4	2	2	75.0386	75.4777
8	1	4	2	2	74.82526667	75.39136667
1	4	2	1	2	74.7265	75.23233333
4	2	8	1	2	74.2945	75.0847
8	1	1	4	2	73.98773333	74.55983333
1	1	1	4	2	73.94903333	74.27783333
1	1	8	2	2	73.2987	73.79216667
16	1	4	2	2	72.8523	73.72813333
16	1	1	4	2	72.74736667	73.9877
4	2	1	2	2	72.15673333	72.67133333
2	2	1	2	2	71.9115	72.55943333
1	4	8	1	2	71.89193333	72.63
1	4	8	2	2	71.85633333	144.9813333
1	4	8	4	2	71.3691	287.8023333
2	2	16	2	2	69.18083333	139.5566667
4	2	4	1	2	69.04893333	69.71846667
8	2	4	1	2	69.01896667	69.94573333
2	2	16	1	2	68.96973333	69.68823333
8	2	1	2	2	68.82573333	69.69756667
2	2	16	4	2	68.48473333	276.1116667
1	2	1	2	2	68.47823333	68.7782
16	2	4	1	2	68.23006667	69.69316667
16	2	1	2	2	67.35386667	69.2949
2	2	8	1	2	67.2414	67.7547
1	2	16	2	2	67.2391	136.0733333
1	2	16	1	2	67.13673333	68.11956667
1	2	16	4	2	66.2346	267.899
1	2	16	8	2	65.75773333	531.735
1	1	4	2	2	65.2718	65.57646667
1	2	8	1	2	63.84896667	64.4051
2	1	4	2	2	63.75973333	64.02456667
2	4	1	1	2	63.69916667	64.23423333
4	4	1	1	2	63.3385	64.09596667
1	4	1	1	2	60.6569	60.97603333
1	16	2	1	2	60.54166667	61.3005
8	4	1	1	2	60.3887	61.50736667
2	2	4	1	2	58.63633333	58.9929
16	4	1	1	2	58.42133333	61.23213333
4	1	2	2	2	57.9113	58.17203333
1	2	4	1	2	57.83156667	58.1777
2	1	2	2	2	57.09416667	57.30093333
16	1	16	1	2	56.86183333	57.51213333
8	1	2	2	2	56.0821	56.41476667
16	1	2	2	2	55.55986667	56.0866
4	2	2	1	2	54.80246667	55.2557
2	2	2	1	2	53.8914	54.15133333
8	1	16	1	2	52.66746667	53.08933333
8	2	2	1	2	52.4114	52.9332
16	2	2	1	2	51.9035	52.73026667
4	1	32	2	2	51.80826667	104.3893333
2	1	32	2	2	51.72516667	104.502
4	1	32	1	2	51.66323333	52.09523333
2	1	32	4	2	51.6335	208.6073333
2	1	32	1	2	51.61706667	52.22183333
16	1	32	1	2	51.4933	52.05953333
4	1	32	4	2	51.39633333	206.9676667
8	1	32	1	2	51.34893333	51.80346667
2	1	32	8	2	51.24673333	413.9573333
8	1	32	2	2	51.09053333	102.862
4	1	16	1	2	50.67473333	50.9785
16	1	8	1	2	49.50143333	49.97926667
1	1	2	2	2	49.3272	49.50193333
1	1	32	2	2	49.1975	100.101
1	1	32	8	2	49.05563333	399.1753333
1	1	32	4	2	49.0496	199.5906667
1	1	32	1	2	49.02853333	50.03866667
8	1	8	1	2	48.91583333	49.254
2	1	16	1	2	47.57843333	47.91073333
1	2	2	1	2	46.12823333	46.3106
1	1	16	1	2	45.27606667	45.7936
4	1	8	1	2	45.0241	45.2339
2	1	8	1	2	42.52746667	42.72306667
1	1	8	1	2	40.6801	40.9615
16	1	4	1	2	40.2872	40.60546667
8	1	4	1	2	40.2242	40.44643333
4	1	4	1	2	39.80976667	39.9543
4	1	1	2	2	39.23726667	39.36566667
2	1	1	2	2	39.0106	39.10866667
8	1	1	2	2	37.69896667	37.85036667
1	1	1	2	2	37.00706667	37.10393333
16	1	1	2	2	36.76053333	36.986
4	2	1	1	2	36.4237	36.60546667
2	2	1	1	2	36.13966667	36.25966667
2	1	4	1	2	35.7544	35.86846667
1	1	4	1	2	35.50453333	35.67113333
8	2	1	1	2	35.10816667	35.341
16	2	1	1	2	34.30383333	34.6702
1	2	1	1	2	34.22166667	34.37873333
4	1	2	1	2	30.13323333	30.2175
2	1	2	1	2	29.6512	29.77323333
16	1	2	1	2	29.2959	29.46423333
8	1	2	1	2	29.19243333	29.31406667
1	1	2	1	2	25.54243333	25.65526667
4	1	1	1	2	19.6402	19.67533333
2	1	1	1	2	19.48893333	19.5467
8	1	1	1	2	19.02346667	19.07306667
16	1	1	1	2	18.7233	18.79076667
1	1	1	1	2	18.50833333	18.54553333
