2	1	1	32	2	407.9213333
1	1	1	32	2	406.287
4	1	1	32	2	394.165
2	4	1	8	2	385.804
2	4	1	16	2	377.5543333
2	8	1	4	2	372.0923333
1	4	1	8	2	370.267
4	4	1	8	2	365.6
2	8	1	8	2	365.532
1	4	1	16	2	361.9703333
8	1	1	32	2	360.1513333
1	8	1	4	2	358.018
2	4	1	32	2	357.484
1	4	1	32	2	357.1093333
2	8	1	16	2	356.569
1	8	1	8	2	353.467
4	4	1	16	2	351.923
1	8	1	16	2	345.5126667
2	16	1	4	2	342.0353333
4	8	1	8	2	337.074
4	8	1	4	2	336.7956667
1	16	1	4	2	335.1123333
1	16	1	8	2	334.3436667
2	16	1	8	2	333.3656667
1	8	1	32	2	331.7653333
4	4	1	32	2	327.9343333
2	8	1	32	2	323.0313333
4	8	1	16	2	321.529
2	16	1	16	2	320.0183333
1	16	1	16	2	319.9516667
16	1	1	32	2	309.8326667
8	4	1	8	2	309.6933333
1	16	1	32	2	302.4623333
8	4	1	16	2	300.935
1	32	1	4	2	294.5433333
4	16	1	4	2	291.7693333
2	32	1	4	2	290.131
4	16	1	8	2	290.0393333
1	32	1	8	2	289.811
2	32	1	8	2	288.4716667
2	16	1	32	2	283.7933333
1	32	1	16	2	280.1563333
4	8	1	32	2	276.6706667
2	1	1	16	2	276.4213333
2	2	2	16	2	270.0486667
4	16	1	16	2	269.8263333
4	1	1	16	2	269.1716667
8	8	1	4	2	269.0576667
2	32	1	16	2	268.978
4	2	2	8	2	268.7466667
4	2	2	16	2	267.291
8	8	1	8	2	265.967
2	2	2	8	2	265.3566667
8	4	1	32	2	264.9403333
16	4	1	8	2	264.898
1	1	1	16	2	262.918
4	1	4	16	2	256.6216667
2	2	1	8	2	254.3426667
4	1	4	8	2	254.174
4	1	4	32	2	253.0266667
4	2	1	8	2	252.0836667
2	2	1	16	2	251.95
8	8	1	16	2	250.4933333
2	4	1	4	2	250.35
1	32	1	32	2	249.999
4	2	1	16	2	248.6376667
2	2	1	32	2	248.1333333
16	4	1	16	2	247.4823333
8	1	1	16	2	244.343
8	1	4	8	2	243.3996667
4	4	1	4	2	243.2516667
8	1	4	16	2	242.2586667
1	2	1	8	2	241.7193333
8	2	2	8	2	241.0026667
1	2	1	16	2	240.5896667
4	2	1	32	2	240.4976667
1	2	1	32	2	236.8783333
2	4	2	8	2	235.4553333
1	16	1	2	2	235.2936667
4	4	2	4	2	233.76
2	4	2	4	2	233.4963333
8	2	1	8	2	232.01
1	4	1	4	2	231.7916667
4	4	2	8	2	230.7563333
1	32	1	2	2	230.598
2	16	1	2	2	230.4703333
16	1	1	16	2	229.7333333
16	1	4	8	2	229.4506667
4	32	1	4	2	227.9956667
8	2	1	16	2	226.222
4	32	1	8	2	223.5863333
8	4	2	4	2	218.2533333
16	2	1	8	2	217.3666667
8	4	1	4	2	215.7646667
8	2	1	32	2	214.5636667
4	2	4	4	2	214.033
8	16	1	4	2	212.598
4	2	4	8	2	212.2826667
16	2	1	16	2	211.906
16	8	1	4	2	210.7756667
8	16	1	8	2	210.741
2	1	2	16	2	210.4913333
2	1	2	8	2	209.818
4	2	4	16	2	209.725
2	32	1	2	2	209.4
4	16	1	2	2	207.528
16	8	1	8	2	207.4426667
2	1	2	32	2	206.9606667
4	1	2	16	2	206.8336667
8	2	4	4	2	206.648
8	2	4	8	2	205.719
4	1	2	8	2	204.8026667
2	8	1	2	2	197.8973333
8	1	2	8	2	195.5853333
16	2	1	32	2	194.2186667
8	1	2	16	2	194.1966667
16	4	1	4	2	193.999
16	2	4	4	2	190.144
4	4	4	2	2	189.296
1	8	1	2	2	186.699
2	8	2	4	2	186.6396667
4	8	1	2	2	186.581
16	1	2	8	2	185.258
4	4	4	4	2	185.164
4	4	4	8	2	184.7673333
2	8	2	2	2	182.9996667
4	32	1	2	2	182.247
4	8	2	2	2	180.486
2	1	4	16	2	179.2543333
4	8	2	4	2	178.3463333
8	16	1	2	2	178.0453333
2	1	4	8	2	176.3893333
8	4	4	2	2	174.9146667
8	4	4	4	2	172.6026667
1	1	4	16	2	172.2146667
1	1	4	8	2	172.001
8	8	2	2	2	169.4773333
4	2	2	4	2	166.8663333
8	1	8	4	2	165.4746667
8	1	8	8	2	165.1206667
8	8	1	2	2	164.505
2	2	2	4	2	162.324
8	2	2	4	2	159.2343333
4	4	2	2	2	158.5333333
16	1	8	4	2	158.1213333
2	16	2	2	2	157.0883333
2	4	2	2	2	156.0023333
16	4	4	2	2	154.547
2	2	4	4	2	152.734
16	2	2	4	2	151.214
4	32	1	16	2	150.8756667
2	2	4	8	2	150.657
2	1	1	8	2	150.2673333
1	1	2	16	2	149.3766667
8	32	1	4	2	148.2903333
16	16	1	4	2	148.1283333
4	1	1	8	2	147.8083333
1	1	2	8	2	147.4313333
1	2	4	8	2	147.3353333
8	4	2	2	2	147.249
8	8	1	32	2	146.2773333
4	1	4	4	2	146.006
2	2	1	4	2	145.8706667
1	2	4	4	2	145.736
16	4	1	32	2	145.6296667
4	2	1	4	2	143.694
8	2	8	2	2	143.285
1	2	2	8	2	141.9303333
8	16	1	16	2	140.9393333
8	2	8	4	2	140.916
8	1	4	4	2	140.9136667
8	2	8	8	2	140.7486667
16	8	1	2	2	140.239
1	1	1	8	2	139.8206667
16	8	1	16	2	138.1376667
8	1	1	8	2	137.2086667
16	2	8	2	2	136.3713333
16	4	2	2	2	136.2223333
4	1	8	4	2	136.0753333
4	1	8	8	2	135.467
8	32	1	2	2	135.1306667
16	1	4	4	2	134.9166667
4	8	4	2	2	133.615
16	1	1	8	2	133.0726667
4	8	4	4	2	132.795
1	2	1	4	2	132.365
1	2	2	4	2	132.3626667
8	2	1	4	2	131.8336667
4	2	4	2	2	131.5576667
16	16	1	2	2	129.954
1	16	1	1	2	129.5353333
2	4	1	2	2	127.992
4	2	8	2	2	127.5776667
2	1	8	4	2	127.574
16	2	1	4	2	126.8523333
2	1	8	8	2	126.4263333
1	1	8	16	2	126.335
1	1	8	8	2	125.9936667
4	2	8	4	2	125.663
4	4	1	2	2	125.652
4	8	4	1	2	124.5213333
1	1	8	4	2	124.51
8	2	4	2	2	124.4193333
2	16	2	1	2	123.132
1	32	1	1	2	123.016
1	4	2	4	2	122.6716667
2	16	1	1	2	122.3633333
8	32	1	8	2	122.1596667
1	1	4	4	2	121.613
16	16	1	8	2	121.34
2	4	4	2	2	121.3346667
8	8	4	2	2	121.1183333
2	1	4	4	2	120.21
2	4	4	4	2	120.0496667
2	32	1	1	2	119.182
2	8	2	1	2	118.9163333
16	2	4	2	2	118.5146667
1	4	1	2	2	117.4636667
4	16	1	1	2	117.07
4	16	2	1	2	117.0426667
4	8	2	1	2	116.4826667
1	4	4	2	2	116.3513333
1	4	4	4	2	114.9676667
8	4	1	2	2	114.5533333
8	4	8	1	2	114.5073333
8	8	4	1	2	113.8303333
8	4	8	2	2	113.8136667
8	4	8	4	2	113.0266667
4	1	2	4	2	113.021
1	4	2	2	2	112.2553333
2	1	2	4	2	111.3673333
16	4	8	1	2	109.7713333
16	4	8	2	2	109.564
2	2	8	2	2	109.3793333
1	2	8	2	2	109.213
1	2	8	4	2	109.0946667
4	32	1	1	2	109.026
2	2	8	4	2	108.9623333
1	2	8	8	2	108.4663333
4	4	4	1	2	108.3093333
8	8	2	1	2	108.1303333
16	4	1	2	2	107.9213333
8	1	2	4	2	107.072
2	2	4	2	2	105.361
16	1	2	4	2	104.943
8	4	4	1	2	104.918
16	1	16	2	2	103.2966667
16	8	4	1	2	103.206
8	16	2	1	2	102.9185667
16	1	16	4	2	102.6163333
1	2	4	2	2	102.547
2	8	1	1	2	101.3636667
8	16	1	1	2	101.2757
16	4	4	1	2	99.4622
4	8	1	1	2	98.76433333
16	8	2	1	2	98.3485
4	4	8	1	2	95.3117
2	8	4	1	2	95.23196667
4	2	2	2	2	94.73973333
1	8	1	1	2	94.655
8	32	1	1	2	94.60956667
2	8	4	2	2	94.5287
4	4	8	2	2	94.4585
16	32	1	2	2	94.24113333
8	1	16	2	2	94.11403333
2	2	2	2	2	93.78813333
1	1	2	4	2	93.13883333
16	32	1	4	2	93.06893333
8	1	16	4	2	92.92596667
8	1	8	2	2	92.8608
4	4	2	1	2	92.3435
16	1	8	2	2	92.16896667
2	4	2	1	2	91.94696667
4	1	16	2	2	91.26486667
1	8	4	1	2	91.24486667
4	1	16	4	2	90.91666667
1	8	4	2	2	90.88106667
8	8	1	1	2	90.3528
16	16	1	1	2	90.2255
8	2	2	2	2	89.84753333
1	8	2	2	2	89.39663333
2	4	4	1	2	88.5751
16	2	16	1	2	88.1162
16	2	16	2	2	87.7163
16	2	2	2	2	87.60856667
1	4	4	1	2	86.9249
2	4	8	2	2	86.19316667
2	4	8	1	2	85.98333333
8	4	2	1	2	85.63626667
1	2	2	2	2	83.03866667
16	2	8	1	2	83.01656667
16	8	1	1	2	82.71766667
16	4	2	1	2	82.6506
8	2	8	1	2	82.37376667
4	1	8	2	2	82.27163333
8	2	16	1	2	81.9455
2	1	16	4	2	81.86483333
2	1	16	2	2	81.5305
2	1	16	8	2	81.30736667
8	2	16	2	2	81.05426667
2	1	8	2	2	80.11603333
2	1	1	4	2	79.37
1	1	16	4	2	79.03326667
4	1	1	4	2	79.03093333
1	1	16	8	2	78.79176667
1	1	16	2	2	78.687
1	1	16	16	2	78.6205
1	8	2	1	2	78.02146667
4	2	16	1	2	77.08026667
4	2	16	2	2	76.85306667
1	1	8	2	2	76.2843
1	4	2	1	2	76.23556667
16	32	1	1	2	76.1852
4	2	8	1	2	75.75543333
4	1	4	2	2	75.5023
8	1	4	2	2	74.60746667
2	2	1	2	2	73.68243333
4	2	1	2	2	73.31746667
1	4	8	2	2	73.14643333
16	1	4	2	2	73.06826667
1	4	8	4	2	72.6066
1	4	8	1	2	72.35786667
8	1	1	4	2	71.74583333
2	2	16	2	2	70.83786667
16	1	1	4	2	70.6774
2	2	16	1	2	70.6249
1	1	1	4	2	70.42443333
2	2	16	4	2	70.08006667
4	2	4	1	2	69.6176
1	2	16	2	2	69.09936667
1	2	16	1	2	68.8321
8	2	4	1	2	68.6801
2	2	8	1	2	68.6769
1	2	16	4	2	68.4788
16	2	4	1	2	68.1717
1	2	16	8	2	67.96176667
8	2	1	2	2	66.99926667
1	1	4	2	2	66.6701
1	2	1	2	2	66.23636667
1	2	8	1	2	65.80383333
16	2	1	2	2	65.74596667
2	1	4	2	2	65.19763333
2	4	1	1	2	65.0603
4	4	1	1	2	64.39146667
1	16	2	1	2	61.14263333
1	2	4	1	2	59.30463333
8	4	1	1	2	59.1232
2	2	4	1	2	58.96936667
1	4	1	1	2	58.89896667
4	1	2	2	2	58.7042
2	1	2	2	2	57.96256667
16	1	16	1	2	57.6171
16	4	1	1	2	57.22973333
8	1	2	2	2	56.1497
4	2	2	1	2	55.7801
16	1	2	2	2	55.4481
2	2	2	1	2	54.95406667
8	1	16	1	2	53.82296667
2	1	32	2	2	53.32163333
2	1	32	4	2	53.2773
2	1	32	1	2	53.11853333
4	1	32	2	2	53.029
4	1	32	1	2	52.87533333
2	1	32	8	2	52.85556667
4	1	32	4	2	52.6133
8	2	2	1	2	52.6052
8	1	32	1	2	52.22803333
16	1	32	1	2	52.2124
8	1	32	2	2	51.84866667
4	1	16	1	2	51.84153333
16	2	2	1	2	51.8271
1	1	32	2	2	51.6169
1	1	32	8	2	51.5672
1	1	32	4	2	51.5283
1	1	32	1	2	51.4647
1	1	2	2	2	50.27506667
16	1	8	1	2	49.20433333
2	1	16	1	2	49.03136667
8	1	8	1	2	48.02846667
1	1	16	1	2	46.89646667
1	2	2	1	2	46.8461
4	1	8	1	2	45.89496667
2	1	8	1	2	43.48763333
1	1	8	1	2	41.90076667
16	1	4	1	2	39.98183333
4	1	4	1	2	39.9441
4	1	1	2	2	39.93383333
8	1	4	1	2	39.77486667
2	1	1	2	2	39.77306667
2	2	1	1	2	36.90893333
4	2	1	1	2	36.8913
8	1	1	2	2	36.57393333
1	1	4	1	2	36.54003333
2	1	4	1	2	36.09873333
1	1	1	2	2	35.80443333
16	1	1	2	2	35.6825
8	2	1	1	2	34.26516667
16	2	1	1	2	33.46646667
1	2	1	1	2	33.1668
4	1	2	1	2	30.6991
2	1	2	1	2	30.32286667
8	1	2	1	2	29.25576667
16	1	2	1	2	29.2016
1	1	2	1	2	25.96303333
4	1	1	1	2	19.9603
2	1	1	1	2	19.88053333
8	1	1	1	2	18.4731
16	1	1	1	2	18.1828
1	1	1	1	2	17.9072
