1	2	1	8	2	870.4546
1	1	1	16	2	946.445
1	4	1	8	2	1315.24
1	1	1	32	2	1701.356
1	2	1	16	2	1695.112
1	8	1	8	2	2124.52
8	1	4	8	2	828.1922
4	1	2	8	2	689.9546
8	1	8	8	2	1269.846
8	2	4	8	2	1432.644
4	2	4	8	2	1367.182
1	4	1	16	2	2561.928
8	2	8	8	2	2657.78
4	1	4	8	2	814.3034
8	2	2	8	2	898.6548
1	2	1	32	2	3332.384
4	2	2	8	2	892.6286
4	2	1	8	2	896.487
8	2	1	8	2	902.748
16	1	4	8	2	840.9834
2	2	2	8	2	906.579
2	1	2	16	2	1353.222
2	8	1	8	2	2154.5
4	4	2	8	2	1528.83
8	1	2	8	2	712.1858
4	4	4	8	2	2917.376
8	1	1	16	2	988.3166
4	2	2	16	2	1692.498
4	8	4	8	2	5596.826
1	8	1	16	2	4198.94
16	1	2	8	2	709.9768
1	16	1	8	2	3972.222
4	2	1	16	2	1771.486
1	16	1	16	2	7891.638
16	2	8	8	2	2734.882
2	1	2	8	2	701.318
16	1	8	8	2	1287.64
8	1	4	16	2	1618.726
4	4	1	8	2	1341.274
4	1	1	16	2	979.5802
4	2	4	16	2	2741.88
2	2	1	8	2	884.516
1	32	1	8	2	7037.014
16	1	1	16	2	963.6992
4	1	4	16	2	1608.586
4	1	1	8	2	502.1024
16	2	4	8	2	1528.47
2	4	2	8	2	1518.716
1	1	1	8	2	504.2042
2	8	2	8	2	3007.816
4	1	2	16	2	1390.288
2	1	1	16	2	976.432
4	4	4	16	2	5802.688
8	4	1	8	2	1238.272
4	8	1	8	2	2181.538
16	2	1	16	2	1745.308
8	1	8	16	2	2523.03
1	4	1	32	2	4947.44
2	4	1	8	2	1354.986
32	1	8	8	2	1372.67
16	2	2	8	2	883.7272
16	1	2	16	2	1443.688
8	2	4	16	2	2870.168
8	4	2	8	2	1593.338
8	2	2	16	2	1761.492
8	1	2	16	2	1434.41
8	4	4	8	2	2949.298
2	16	1	8	2	4216.16
16	2	1	8	2	886.6072
4	4	1	16	2	2519.304
4	8	2	8	2	2986.624
8	4	8	8	2	5363.782
16	1	4	16	2	1644.238
4	4	2	16	2	3024.222
2	2	2	16	2	1808.956
8	8	1	8	2	2199.21
8	1	1	8	2	507.9732
16	1	8	16	2	2607.05
2	1	1	32	2	1855.224
2	1	4	8	2	475.0944
32	1	2	16	2	1395.776667
16	1	16	8	2	2203.89
2	16	1	32	2	16561.62
16	2	2	16	2	1711.228
2	2	1	16	2	1752.72
8	2	1	16	2	1786.816
8	1	8	4	2	649.322
4	8	2	16	2	5906.268
1	8	1	32	2	8478.942
16	4	1	8	2	1179.2
4	8	1	16	2	4341.996
1	4	1	4	2	790.6442
2	1	1	8	2	509.7394
8	2	8	16	2	5339.932
4	1	4	32	2	3399.11
2	16	2	8	2	5385.87
1	1	4	16	2	901.3584
1	1	4	8	2	475.7712
2	4	1	16	2	2598.1
1	8	1	4	2	1100.408
1	1	2	8	2	448.858
16	1	2	32	2	2789.046667
4	2	1	4	2	485.1608
1	2	1	4	2	480.982
2	4	2	16	2	3042.546
1	32	1	16	2	14009.68
16	2	8	16	2	5400.266
4	16	1	8	2	4329.706
4	2	2	32	2	3653.678
1	1	2	16	2	889.9366
4	2	2	4	2	508.61
1	32	1	32	2	28024.52
8	8	2	8	2	3088.212
16	1	16	16	2	4409.622
4	2	4	4	2	747.6844
16	1	1	8	2	506.2672
2	2	2	4	2	530.9868
2	4	2	4	2	833.579
8	1	4	4	2	478.3136
4	2	4	32	2	5628.936
16	1	4	32	2	3071.866667
8	1	2	32	2	2930.316
8	4	2	16	2	3126.7
16	2	16	8	2	4359.686
4	1	2	32	2	2867.842
2	1	4	16	2	957.1872
4	1	4	4	2	496.6368
8	1	8	32	2	5098.36
4	1	1	32	2	1944.494
4	1	8	16	2	1800.496
4	1	8	8	2	886.948
4	4	4	4	2	1485.694
8	1	1	32	2	1967.546
2	32	1	8	2	7914.618
8	4	1	32	2	4642.924
8	1	4	32	2	3309.488
4	8	1	32	2	8678.902
1	2	2	8	2	458.9368
16	2	4	16	2	3006.334
2	2	1	32	2	3489.342
1	1	4	32	2	1820.802
2	4	1	4	2	794.4704
16	1	1	32	2	1871.624
1	1	2	32	2	1777.006
4	2	1	32	2	3588.828
16	1	8	4	2	662.1732
2	4	2	32	2	5923.31
8	2	8	4	2	1356.056
1	2	4	4	2	458.6982
4	16	1	16	2	8583.622
1	16	1	4	2	2024.572
2	2	1	4	2	483.3792
4	1	8	4	2	470.7532
32	1	2	8	2	705.6946667
16	4	4	8	2	3025.844
16	4	1	16	2	2314.622
32	1	1	16	2	962.017
8	4	1	16	2	2474.376
2	8	1	16	2	4310.888
2	16	1	4	2	2120.014
4	8	4	16	2	11201
8	8	1	16	2	4367.136
1	2	4	16	2	1663.85
8	4	8	16	2	10648.06
1	16	1	32	2	15757.18
8	2	4	4	2	776.5112
16	4	8	8	2	5418.93
16	4	2	8	2	1614.908
32	1	16	8	2	2304.4
1	2	2	16	2	872.648
8	4	4	16	2	5799.124
1	2	4	8	2	829.2952
2	2	4	8	2	824.0374
16	1	4	4	2	491.5224
32	2	2	8	2	870.4423333
2	1	2	32	2	2759.112
16	2	16	4	2	2186.012
2	4	1	32	2	5165.058
1	4	4	4	2	843.9966
8	8	4	8	2	5717.036
2	1	8	8	2	804.5052
32	1	4	8	2	865.4153333
2	8	2	16	2	6020.298
8	2	1	32	2	3558.356
4	2	8	4	2	824.9558
4	4	1	4	2	813.756
16	2	8	4	2	1345.786
16	2	16	16	2	8723.16
2	2	4	16	2	1672.854
2	8	1	4	2	1095.426
8	4	1	4	2	817.1866
2	1	8	4	2	436.8542
2	2	4	4	2	466.0836
16	1	8	32	2	5041.996667
4	2	8	8	2	1631.15
16	2	1	32	2	3477.644
32	1	4	16	2	1635.246667
2	16	2	4	2	2706.064
1	32	1	4	2	3545.62
2	2	2	32	2	3623.038
1	1	8	16	2	1595.414
4	8	4	4	2	2807.838
4	4	2	4	2	842.3282
2	8	2	4	2	1574.534
1	1	4	4	2	393.5302
4	16	2	8	2	5526.672
8	4	4	32	2	11653.66667
8	4	8	4	2	2680.632
16	1	16	32	2	8835.38
4	4	1	32	2	5171.348
1	4	4	8	2	1574.81
4	4	2	32	2	5983.596667
8	4	4	4	2	1519.702
2	1	2	4	2	392.725
8	2	1	4	2	490.138
4	8	2	32	2	11832.1
8	2	2	4	2	508.4962
8	2	4	32	2	5872.236
1	1	8	4	2	408.7512
4	4	4	32	2	11746.6
1	1	8	8	2	806.1828
32	2	8	8	2	2714.606667
8	4	2	4	2	862.1268
2	1	8	16	2	1621.454
1	2	2	32	2	1674.114
2	1	4	4	2	391.7658
8	2	2	32	2	3586.546667
2	8	2	32	2	12103.72
2	8	1	32	2	8609.434
2	1	4	32	2	1969.716
4	8	2	4	2	1593.244
16	2	2	32	2	3368.99
2	16	1	16	2	8299.754
1	2	8	4	2	772.259
8	4	2	32	2	6191.623333
16	2	2	4	2	499.5258
1	2	8	16	2	3042.284
1	2	8	8	2	1526.746
2	16	2	16	2	10775.44
16	4	4	16	2	5944.203333
1	2	4	32	2	3296.602
2	4	8	8	2	3124.424
8	1	2	4	2	386.0312
4	4	8	4	2	1616.298
1	4	4	16	2	3127.37
2	32	1	16	2	15696.7
2	2	8	8	2	1500.088
4	1	16	4	2	753.7844
4	8	1	4	2	1106.974
32	1	8	4	2	700.086
4	1	8	32	2	3749.446667
1	4	2	4	2	400.2446
1	4	4	32	2	6331.456667
1	8	4	8	2	3060.442
16	2	1	4	2	490.9684
32	1	16	4	2	1143.17
4	4	8	8	2	3232.226
8	1	16	8	2	1504.156
32	2	1	8	2	862.8653333
32	2	16	8	2	4591.843333
8	8	4	16	2	11461.63333
4	8	4	32	2	22402.03333
2	4	8	16	2	6231.543333
1	1	8	32	2	3209.964
4	1	2	4	2	395.2806
1	4	8	4	2	1520.278
1	8	4	16	2	6148.966667
16	1	16	4	2	945.3252
4	1	16	8	2	1469.224
1	8	4	4	2	1527.932
2	2	8	4	2	784.4352
8	1	16	4	2	761.7544
16	4	2	16	2	3240.976667
1	2	2	4	2	378.956
32	1	4	4	2	477.6086667
32	1	32	4	2	1715.59
8	4	8	32	2	21396.46667
32	2	4	8	2	1552.926667
16	2	8	32	2	10915.96667
8	1	16	16	2	3021.443333
32	1	1	8	2	509.9523333
1	4	8	8	2	2995.57
1	4	8	16	2	5993.656
2	1	8	32	2	3165.548
1	2	8	32	2	6000.866667
2	4	4	4	2	792.2984
1	4	2	8	2	747.6234
4	2	8	16	2	3328.943333
16	1	2	4	2	391.2292
1	4	2	16	2	1487.914
16	4	8	16	2	10791.13333
16	4	4	4	2	1509.386
16	2	4	4	2	805.707
4	4	8	16	2	6465.9
32	2	1	16	2	1751.396667
32	1	1	32	2	1295.2
2	2	8	16	2	3016.568
32	1	32	8	2	3427.103333
16	2	4	32	2	5780.826667
4	2	16	8	2	2870.75
4	1	16	16	2	2858.268
4	16	2	4	2	2781.142
8	2	16	8	2	2964.726667
2	16	2	32	2	21650.96667
16	4	8	4	2	2722.472
8	2	8	32	2	10878.83333
8	8	2	16	2	6285.643333
1	4	8	32	2	11980
4	2	16	4	2	1436.516
8	8	2	4	2	1621.714
4	2	16	16	2	5741.026667
32	2	8	4	2	1388.173333
2	4	4	8	2	1464.508
8	16	1	8	2	4381.558
16	1	32	4	2	1444.566
2	2	4	32	2	3548.52
16	1	32	8	2	2878.893333
16	4	1	4	2	815.1452
32	2	16	4	2	2284.32
8	8	1	4	2	1112.258
8	8	4	4	2	2864.308
32	2	4	4	2	781.179
16	8	1	8	2	2203.508
2	2	16	4	2	1356.948
4	32	1	8	2	8352.186
2	32	1	4	2	3942.004
4	16	2	16	2	11004.53333
4	1	16	32	2	5849.24
2	1	16	16	2	2686.878
2	1	16	4	2	692.4332
2	1	16	8	2	1340.736
2	2	8	32	2	6053.843333
32	1	2	4	2	383.2896667
2	8	4	4	2	1395.808
1	4	2	32	2	2911.006667
8	2	16	4	2	1484.74
2	2	16	16	2	5352.232
2	4	4	16	2	2974.693333
2	2	16	8	2	2673.87
2	8	4	8	2	2794.203333
32	2	2	4	2	499.247
1	1	2	4	2	325.3702
2	1	16	32	2	5304.91
32	2	1	4	2	491.7653333
2	4	8	4	2	1557.81
8	16	2	8	2	5840.983333
32	4	1	8	2	1122.24
16	8	2	8	2	3151.426667
8	1	32	4	2	1236.844
16	8	4	8	2	5931.41
16	4	2	4	2	862.2004
1	8	2	16	2	2479.876667
1	8	2	4	2	623.6542
8	1	32	16	2	4947.3
2	2	16	32	2	10694.06667
4	1	32	4	2	1203.288
1	1	16	16	2	2377.612
1	1	16	4	2	599.9982
8	1	32	8	2	2471.26
1	2	16	4	2	1196.674
4	1	32	8	2	2366.456
4	32	1	4	2	4183.92
2	8	4	16	2	5593.11
1	8	2	8	2	1237.418
1	1	16	32	2	4742.1
1	2	16	8	2	2374.89
1	1	16	8	2	1195.598
4	1	32	16	2	4731.883333
1	2	16	16	2	4748.816
4	16	1	4	2	2170.86
8	8	1	32	2	4365.56
1	2	16	32	2	9346.266667
8	16	1	16	2	4345.546
4	16	1	32	2	8575.772
1	1	8	2	2	323.8274
2	1	8	2	2	352.6806
1	2	4	2	2	396.524
32	4	1	16	2	1163.263333
1	2	8	2	2	453.4574
16	4	1	32	2	2300.196667
1	1	16	2	2	323.2814
2	1	1	4	2	266.4774
32	4	4	4	2	1554.186667
2	1	16	2	2	394.621
4	32	1	16	2	8282.002
1	4	2	2	2	391.6692
16	8	4	4	2	2968.504
16	8	1	4	2	1105.262
8	1	1	4	2	266.1798
1	2	2	2	2	274.5324
1	2	16	2	2	602.5856
1	1	1	4	2	263.5794
1	4	4	2	2	562.548
1	4	8	2	2	771.9828
2	32	1	32	2	15702.13333
4	1	1	4	2	268.2412
4	1	16	2	2	456.8612
32	4	1	4	2	818.02
16	8	2	4	2	1604.952
2	2	4	2	2	382.9874
2	2	8	2	2	516.2996
16	8	1	16	2	2187.052
1	4	1	2	2	397.4288
4	1	32	2	2	608.532
16	1	1	4	2	266.4622
2	1	32	4	2	1047.23
2	1	32	8	2	2078.892
2	1	32	16	2	4157.518
2	2	16	2	2	685.7698
2	1	32	2	2	524.5374
8	16	1	4	2	2188.956
8	16	2	4	2	2899.094
32	4	8	4	2	2742.23
4	2	16	2	2	737.2452
2	2	2	2	2	325.8484
2	4	8	2	2	803.279
4	1	4	2	2	282.1874
2	4	2	2	2	494.0376
2	4	4	2	2	535.9388
2	4	1	2	2	402.2116
4	1	8	2	2	353.344
8	1	8	2	2	414.9052
2	1	32	32	2	8185.33
1	8	2	2	2	417.3118
4	2	4	2	2	464.42
1	8	4	2	2	782.1464
8	1	16	2	2	450.8018
1	1	4	2	2	247.124
4	2	1	2	2	246.3222
2	2	1	2	2	244.2472
8	1	32	2	2	632.9362
8	1	4	2	2	283.295
2	1	4	2	2	243.2358
1	2	1	2	2	241.2164
1	16	1	2	2	1038.996
1	8	1	2	2	556.236
32	1	1	4	2	267.66
16	1	16	2	2	603.1728
4	4	4	2	2	786.1384
8	2	2	2	2	300.2386
8	2	8	2	2	705.9994
8	2	4	2	2	456.9078
32	4	2	4	2	845.5873333
4	2	2	2	2	323.1718
1	32	1	2	2	1764.546
2	8	4	2	2	701.9826
8	2	16	2	2	747.6426
4	4	8	2	2	811.0036
2	8	2	2	2	866.1936
8	4	4	2	2	772.0706
16	1	32	2	2	718.7486
2	16	2	2	2	1346.726
8	4	8	2	2	1348.204
16	1	8	2	2	408.3796
8	2	1	2	2	244.714
8	4	2	2	2	485.5978
4	2	8	2	2	516.97
4	4	1	2	2	405.582
2	16	1	2	2	1068.772
16	2	4	2	2	466.7782
16	2	8	2	2	718.986
16	1	4	2	2	283.6686
2	8	1	2	2	549.2284
16	2	16	2	2	1094.918
4	8	1	2	2	554.2014
4	8	2	2	2	852.5594
8	4	1	2	2	407.949
4	4	2	2	2	489.8266
32	1	8	2	2	406.949
4	8	4	2	2	1398.262
16	2	2	2	2	333.691
1	16	2	2	2	455.883
32	1	4	2	2	287.6403333
1	16	2	4	2	929.8374
32	1	16	2	2	593.219
32	1	32	2	2	862.45
4	16	1	2	2	1091.87
16	2	1	2	2	245.3282
8	8	4	2	2	1425.56
2	32	1	2	2	1971.238
16	16	1	8	2	2188.704
1	16	2	8	2	1857.3
8	32	1	8	2	4270.936
16	4	4	2	2	798.326
1	1	32	2	2	453.3076
16	4	8	2	2	1354.246
1	1	32	4	2	887.978
4	16	2	2	2	1369.328
32	2	8	2	2	704.4843333
1	1	32	8	2	1777.34
1	1	32	16	2	3555.854
1	1	32	32	2	7115.226667
32	8	1	8	2	1099.826667
8	8	2	2	2	883.6596
16	4	2	2	2	485.0572
2	1	2	2	2	208.8562
32	2	4	2	2	461.8503333
32	2	16	2	2	1147.89
8	8	1	2	2	555.249
4	1	2	2	2	207.924
8	1	2	2	2	207.2026
16	4	1	2	2	407.904
16	16	1	4	2	2189.604
16	1	2	2	2	205.0602
8	32	1	4	2	4263.552
32	2	1	2	2	245.539
32	2	2	2	2	296.385
32	8	1	4	2	1098.67
16	16	2	4	2	3015.57
32	1	2	2	2	203.6213333
4	32	1	2	2	2080.5
16	8	4	2	2	1473.1
8	16	1	2	2	1094.928
1	1	2	2	2	187.0882
8	16	2	2	2	1445.698
16	8	2	2	2	870.6892
32	4	8	2	2	1363.113333
32	4	4	2	2	812.1446667
16	8	1	2	2	553.9228
32	4	2	2	2	481.7696667
32	4	1	2	2	409.016
16	8	1	32	2	2179.726667
4	32	1	32	2	8297.34
16	16	1	16	2	2170.523333
8	16	1	32	2	4333.793333
8	32	1	16	2	4254.33
8	32	1	2	2	2142.09
32	8	2	2	2	827.3896667
16	16	1	2	2	1098.864
16	16	2	2	2	1479.384
32	8	4	2	2	1503.44
2	1	16	1	2	242.706
1	2	4	1	2	237.3442
1	1	8	1	2	192.3744
32	8	1	2	2	553.3206667
2	1	4	1	2	159.2392
2	1	32	1	2	261.7598
2	1	8	1	2	204.7874
1	2	16	1	2	303.9074
1	2	8	1	2	293.708
1	1	16	1	2	219.8554
2	2	16	1	2	344.727
1	2	2	1	2	175.7544
2	2	8	1	2	321.0206
16	32	1	4	2	2145.474
1	4	1	1	2	199.4616
1	1	32	1	2	224.532
2	2	4	1	2	230.3492
2	2	2	1	2	197.4232
1	1	4	1	2	152.3868
1	4	8	1	2	385.1104
1	4	2	1	2	259.2656
32	16	1	4	2	1093.553333
8	1	1	2	2	135.1446
4	1	1	2	2	135.0666
2	4	8	1	2	403.2352
2	1	1	2	2	133.0794
4	1	32	1	2	303.558
4	1	8	1	2	199.03
4	1	16	1	2	268.0694
2	4	4	1	2	324.1892
4	1	4	1	2	175.2394
16	1	1	2	2	133.3892
1	8	1	1	2	280.6452
2	4	1	1	2	202.6752
1	8	4	1	2	393.12
16	32	1	8	2	2140.65
1	1	1	2	2	131.7302
8	1	8	1	2	225.8112
2	4	2	1	2	277.472
8	1	32	1	2	322.108
1	8	2	1	2	275.8736
1	4	4	1	2	348.554
2	8	2	1	2	452.7632
8	1	16	1	2	267.354
4	2	16	1	2	372.814
4	2	4	1	2	254.9098
16	1	32	1	2	368.075
32	1	1	2	2	133.708
8	2	8	1	2	404.2408
8	1	4	1	2	179.163
4	2	8	1	2	303.6996
8	2	16	1	2	379.041
1	16	1	1	2	524.963
2	8	1	1	2	278.7108
4	2	2	1	2	200.89
16	1	8	1	2	223.4966
16	1	4	1	2	179.3
8	2	4	1	2	251.8472
1	16	2	1	2	230.0898
2	8	4	1	2	355.914
16	2	16	1	2	548.2368
4	4	1	1	2	206.5718
8	4	8	1	2	674.3512
16	2	8	1	2	400.678
8	4	4	1	2	435.718
8	2	2	1	2	199.1762
2	2	1	1	2	122.4234
8	4	2	1	2	271.1228
1	32	1	1	2	879.094
8	4	1	1	2	204.2916
16	2	4	1	2	249.8732
8	2	1	1	2	124.2012
4	8	2	1	2	445.6428
4	8	4	1	2	688.505
4	4	2	1	2	275.9388
32	1	32	1	2	429.7023333
16	2	2	1	2	196.8994
4	4	8	1	2	413.0378
1	2	1	1	2	120.5798
4	2	1	1	2	124.2836
4	8	1	1	2	277.0366
2	16	2	1	2	681.7522
4	4	4	1	2	443.245
2	16	1	1	2	534.7542
32	1	8	1	2	219.612
2	32	1	1	2	984.6746
8	8	4	1	2	711.023
8	8	2	1	2	453.9208
32	1	16	1	2	331.0236667
32	1	4	1	2	177.262
32	2	8	1	2	406.1696667
32	2	16	1	2	573.822
16	4	2	1	2	272.4234
16	4	8	1	2	679.5364
4	16	1	1	2	545.9706
8	8	1	1	2	277.5206
16	2	1	1	2	122.6364
8	1	2	1	2	116.2542
4	16	2	1	2	672.0876
4	1	2	1	2	115.3418
16	4	4	1	2	454.0498
16	4	1	1	2	204.3902
32	2	4	1	2	252.4836667
2	1	2	1	2	113.8014
32	16	1	2	2	1094.61
16	1	2	1	2	115.9906
32	2	2	1	2	196.9486667
32	2	1	1	2	123.023
32	1	2	1	2	114.5463333
16	32	1	2	2	2154.818
16	8	2	1	2	464.8062
4	32	1	1	2	1045.94
8	16	2	1	2	717.26
8	16	1	1	2	548.6354
32	4	4	1	2	449.199
32	4	8	1	2	680.5703333
32	4	1	1	2	204.6946667
32	4	2	1	2	268.5676667
16	8	4	1	2	736.4466
16	8	1	1	2	277.1514
16	1	16	1	2	333.4606
1	1	2	1	2	101.3296
8	32	1	1	2	1072.664
32	8	4	1	2	747.928
16	16	2	1	2	737.34
16	16	1	1	2	548.2952
32	8	2	1	2	465.7826667
32	8	1	1	2	276.8483333
16	32	1	1	2	1073.112
32	16	1	1	2	549.813
8	1	1	1	2	68.11336
4	1	1	1	2	67.55298
16	1	1	1	2	67.7642
2	1	1	1	2	66.59226
32	1	1	1	2	66.8839
1	1	1	1	2	65.88728
