1	2	1	8	2	641.588
1	1	1	16	2	620.6388
1	4	1	8	2	596.6782
1	1	1	32	2	575.0904
1	2	1	16	2	570.5168
1	8	1	8	2	566.4438
8	1	4	8	2	560.0774
4	1	2	8	2	556.8326
8	1	8	8	2	540.5544
8	2	4	8	2	538.968
4	2	4	8	2	530.064
1	4	1	16	2	529.5596
8	2	8	8	2	528.7704
4	1	4	8	2	524.3302
8	2	2	8	2	518.0442
1	2	1	32	2	515.3746
4	2	2	8	2	514.8098
4	2	1	8	2	514.7138
8	2	1	8	2	513.3224
16	1	4	8	2	512.8278
2	2	2	8	2	512.247
2	1	2	16	2	510.848
2	8	1	8	2	510.4858
4	4	2	8	2	510.0854
8	1	2	8	2	509.9346
4	4	4	8	2	507.4838
8	1	1	16	2	506.4852
4	2	2	16	2	503.1186
4	8	4	8	2	501.055
1	8	1	16	2	500.8964
16	1	2	8	2	500.102
1	16	1	8	2	499.7956
4	2	1	16	2	495.9858
1	16	1	16	2	495.6922
16	2	8	8	2	495.229
2	1	2	8	2	494.9672
16	1	8	8	2	494.5476
8	1	4	16	2	493.2368
4	4	1	8	2	492.749
4	1	1	16	2	492.7258
4	2	4	16	2	490.4674
2	2	1	8	2	488.583
1	32	1	8	2	487.518
16	1	1	16	2	484.2418
4	1	4	16	2	482.8086
4	1	1	8	2	481.8054
16	2	4	8	2	481.6668
2	4	2	8	2	479.6912
1	1	1	8	2	478.3498
2	8	2	8	2	477.3368
4	1	2	16	2	477.2076
2	1	1	16	2	477.1802
4	4	4	16	2	475.7958
8	4	1	8	2	475.7122
4	8	1	8	2	475.271
16	2	1	16	2	474.783
8	1	8	16	2	472.0224
1	4	1	32	2	470.5864
2	4	1	8	2	468.869
32	1	8	8	2	468.17
16	2	2	8	2	466.8466
16	1	2	16	2	466.6574
8	2	4	16	2	466.2656
8	4	2	8	2	466.0402
8	2	2	16	2	464.6776
8	1	2	16	2	461.9226
8	4	4	8	2	460.7956
2	16	1	8	2	460.25
16	2	1	8	2	459.933
4	4	1	16	2	459.7254
4	8	2	8	2	459.1128
8	4	8	8	2	458.1604
16	1	4	16	2	457.5772
4	4	2	16	2	455.7686
2	2	2	16	2	455.2866
8	8	1	8	2	454.8304
8	1	1	8	2	453.621
16	1	8	16	2	451.5078
2	1	1	32	2	449.3912
2	1	4	8	2	448.5776
32	1	2	16	2	448.1126667
16	1	16	8	2	448.0408
2	16	1	32	2	447.9986
16	2	2	16	2	443.8552
2	2	1	16	2	442.7988
8	2	1	16	2	441.8294
8	1	8	4	2	441.7738
4	8	2	16	2	441.453
1	8	1	32	2	441.0918
16	4	1	8	2	439.6688
4	8	1	16	2	439.494
1	4	1	4	2	438.6596
2	1	1	8	2	438.2416
8	2	8	16	2	437.4128
4	1	4	32	2	437.4118
2	16	2	8	2	436.951
1	1	4	16	2	436.2102
1	1	4	8	2	436.1764
2	4	1	16	2	434.5508
1	8	1	4	2	433.127
1	1	2	8	2	431.884
16	1	2	32	2	431.164
4	2	1	4	2	430.8418
1	2	1	4	2	430.4666
2	4	2	16	2	430.115
1	32	1	16	2	429.8326
16	2	8	16	2	428.5324
4	16	1	8	2	427.6834
4	2	2	32	2	427.246
1	1	2	16	2	426.1224
4	2	2	4	2	425.3388
1	32	1	32	2	425.1988
8	8	2	8	2	424.9492
16	1	16	16	2	423.5792
4	2	4	4	2	422.5454
16	1	1	8	2	422.1432
2	2	2	4	2	421.4354
2	4	2	4	2	421.4176
8	1	4	4	2	421.3594
4	2	4	32	2	420.6736
16	1	4	32	2	420.1673333
8	1	2	32	2	420.088
8	4	2	16	2	419.0824
16	2	16	8	2	418.2828
4	1	2	32	2	416.8372
2	1	4	16	2	416.8156
4	1	4	4	2	416.8072
8	1	8	32	2	416.7122
4	1	1	32	2	415.804
4	1	8	16	2	414.9012
4	1	8	8	2	414.748
4	4	4	4	2	414.0848
8	1	1	32	2	413.8854
2	32	1	8	2	412.9136
8	4	1	32	2	412.8144
8	1	4	32	2	412.7988
4	8	1	32	2	412.7344
1	2	2	8	2	411.9804
16	2	4	16	2	411.7594
2	2	1	32	2	411.6068
1	1	4	32	2	411.5046
2	4	1	4	2	411.4438
16	1	1	32	2	410.2116
1	1	2	32	2	410.21
4	2	1	32	2	409.9054
16	1	8	4	2	409.5956
2	4	2	32	2	409.2784
8	2	8	4	2	409.0508
1	2	4	4	2	408.8594
4	16	1	16	2	408.664
1	16	1	4	2	408.3284
2	2	1	4	2	407.8446
4	1	8	4	2	407.5984
32	1	2	8	2	407.411
16	4	4	8	2	407.1012
16	4	1	16	2	406.854
32	1	1	16	2	405.7323333
8	4	1	16	2	405.4398
2	8	1	16	2	405.3196
2	16	1	4	2	404.7
4	8	4	16	2	404.2746
8	8	1	16	2	403.4054
1	2	4	16	2	403.3026
8	4	8	16	2	403.1952
1	16	1	32	2	403.1242
8	2	4	4	2	401.7626
16	4	8	8	2	401.451
16	4	2	8	2	400.8864
32	1	16	8	2	400.2973333
1	2	2	16	2	400.224
8	4	4	16	2	399.5144
1	2	4	8	2	398.1198
2	2	4	8	2	397.4336
16	1	4	4	2	396.8978
32	2	2	8	2	396.8923333
2	1	2	32	2	396.7598
16	2	16	4	2	396.359
2	4	1	32	2	396.335
1	4	4	4	2	396.3058
8	8	4	8	2	394.7884
2	1	8	8	2	394.6364
32	1	4	8	2	394.589
2	8	2	16	2	393.9192
8	2	1	32	2	393.5754
4	2	8	4	2	393.1026
4	4	1	4	2	393.015
16	2	8	4	2	392.5288
16	2	16	16	2	392.293
2	2	4	16	2	390.1788
2	8	1	4	2	390.029
8	4	1	4	2	388.873
2	1	8	4	2	388.717
2	2	4	4	2	388.6932
16	1	8	32	2	388.4463333
4	2	8	8	2	387.954
16	2	1	32	2	386.9732
32	1	4	16	2	386.7996667
2	16	2	4	2	386.647
1	32	1	4	2	386.139
2	2	2	32	2	386.0972
1	1	8	16	2	385.0628
4	8	4	4	2	384.651
4	4	2	4	2	384.4186
2	8	2	4	2	384.402
1	1	4	4	2	383.6812
4	16	2	8	2	383.66
8	4	4	32	2	382.459
8	4	8	4	2	381.6366
16	1	16	32	2	381.4683333
4	4	1	32	2	381.4646
1	4	4	8	2	381.2454
4	4	2	32	2	380.9846667
8	4	4	4	2	380.483
2	1	2	4	2	380.4128
8	2	1	4	2	379.9542
4	8	2	32	2	379.486
8	2	2	4	2	378.8538
8	2	4	32	2	377.8764
1	1	8	4	2	376.9932
4	4	4	32	2	376.8312
1	1	8	8	2	376.6028
32	2	8	8	2	376.2816667
8	4	2	4	2	375.558
2	1	8	16	2	375.126
1	2	2	32	2	374.7968
2	1	4	4	2	373.0598
8	2	2	32	2	372.918
2	8	2	32	2	372.384
2	8	1	32	2	372.1544
2	1	4	32	2	370.9668
4	8	2	4	2	370.445
16	2	2	32	2	370.2676667
2	16	1	16	2	369.6722
1	2	8	4	2	368.4586
8	4	2	32	2	368.1143333
16	2	2	4	2	367.4116
1	2	8	16	2	367.3866
1	2	8	8	2	367.3458
2	16	2	16	2	366.519
16	4	4	16	2	365.894
1	2	4	32	2	365.795
2	4	8	8	2	365.1616
8	1	2	4	2	365.0394
4	4	8	4	2	364.9954
1	4	4	16	2	364.2632
2	32	1	16	2	363.9162
2	2	8	8	2	363.8736
4	1	16	4	2	363.8386
4	8	1	4	2	363.4094
32	1	8	4	2	363.085
4	1	8	32	2	362.7073333
1	4	2	4	2	362.2754
1	4	4	32	2	361.7913333
1	8	4	8	2	361.7292
16	2	1	4	2	361.6132
32	1	16	4	2	361.064
4	4	8	8	2	360.212
8	1	16	8	2	359.6868
32	2	1	8	2	359.683
32	2	16	8	2	359.34
8	8	4	16	2	359.1576667
4	8	4	32	2	358.948
2	4	8	16	2	358.8696667
1	1	8	32	2	357.863
4	1	2	4	2	357.7626
1	4	8	4	2	357.6352
1	8	4	16	2	357.3906667
16	1	16	4	2	357.311
4	1	16	8	2	357.0606
1	8	4	4	2	356.6776
2	2	8	4	2	356.5006
8	1	16	4	2	356.1538
16	4	2	16	2	356.0996667
1	2	2	4	2	355.4858
32	1	4	4	2	355.2163333
32	1	32	4	2	354.6983333
8	4	8	32	2	354.4963333
32	2	4	8	2	354.347
16	2	8	32	2	354.2813333
8	1	16	16	2	354.2216667
32	1	1	8	2	354.198
1	4	8	8	2	353.9026
1	4	8	16	2	353.2706
2	1	8	32	2	353.0716
1	2	8	32	2	352.7533333
2	4	4	4	2	351.828
1	4	2	8	2	350.8556
4	2	8	16	2	350.5406667
16	1	2	4	2	350.3782
1	4	2	16	2	350.3426
16	4	8	16	2	347.0236667
16	4	4	4	2	346.283
16	2	4	4	2	345.1426
4	4	8	16	2	344.7893333
32	2	1	16	2	344.091
32	1	1	32	2	343.3163333
2	2	8	16	2	343.2042
32	1	32	8	2	342.665
16	2	4	32	2	342.3823333
4	2	16	8	2	341.5716
4	1	16	16	2	340.8116
4	16	2	4	2	340.693
8	2	16	8	2	339.5823333
2	16	2	32	2	338.4803333
16	4	8	4	2	338.146
8	2	8	32	2	338.0723333
8	8	2	16	2	337.8993333
1	4	8	32	2	336.937
4	2	16	4	2	336.5894
8	8	2	4	2	336.366
4	2	16	16	2	334.873
32	2	8	4	2	334.2906667
2	4	4	8	2	333.5654
8	16	1	8	2	332.7664
16	1	32	4	2	331.9148
2	2	4	32	2	331.0576667
16	1	32	8	2	329.466
16	4	1	4	2	328.8568
32	2	16	4	2	328.288
8	8	1	4	2	328.1886
8	8	4	4	2	327.075
32	2	4	4	2	326.9636667
16	8	1	8	2	326.3042
2	2	16	4	2	326.1634
4	32	1	8	2	326.1464
2	32	1	4	2	323.9666
4	16	2	16	2	323.9403333
4	1	16	32	2	323.5976667
2	1	16	16	2	323.5312
2	1	16	4	2	323.5264
2	1	16	8	2	323.0918
2	2	8	32	2	321.8916667
32	1	2	4	2	321.156
2	8	4	4	2	317.3538
1	4	2	32	2	317.2026667
8	2	16	4	2	316.972
2	2	16	16	2	316.4892
2	4	4	16	2	314.2783333
2	2	16	8	2	314.111
2	8	4	8	2	311.6603333
32	2	2	4	2	311.4513333
1	1	2	4	2	308.9458
2	1	16	32	2	305.798
32	2	1	4	2	305.4003333
2	4	8	4	2	303.19578
8	16	2	8	2	298.9486667
32	4	1	8	2	298.6343333
16	8	2	8	2	298.5836667
8	1	32	4	2	298.0722
16	8	4	8	2	296.825
16	4	2	4	2	292.9374
1	8	2	16	2	292.6963333
1	8	2	4	2	292.3242
8	1	32	16	2	291.2043333
2	2	16	32	2	288.984
4	1	32	4	2	288.772
1	1	16	16	2	288.3878
1	1	16	4	2	285.9538
8	1	32	8	2	285.7478
1	2	16	4	2	285.3848
4	1	32	8	2	284.9682
4	32	1	4	2	284.4036
2	8	4	16	2	284.398
1	8	2	8	2	284.3724
1	1	16	32	2	283.7602
1	2	16	8	2	283.5348
1	1	16	8	2	283.439
4	1	32	16	2	282.724
1	2	16	16	2	282.6082
4	16	1	4	2	282.36901
8	8	1	32	2	276.4848
1	2	16	32	2	274.03
8	16	1	16	2	270.4848
4	16	1	32	2	270.3466
1	1	8	2	2	269.461
2	1	8	2	2	268.8018
1	2	4	2	2	268.0084
32	4	1	16	2	267.5753333
1	2	8	2	2	267.2016
16	4	1	32	2	265.4606667
1	1	16	2	2	264.1762
2	1	1	4	2	262.4796
32	4	4	4	2	261.9366667
2	1	16	2	2	261.8796
4	32	1	16	2	261.7784
1	4	2	2	2	261.5234
16	8	4	4	2	261.1092
16	8	1	4	2	259.8326
8	1	1	4	2	259.6592
1	2	2	2	2	259.3616
1	2	16	2	2	258.9968
1	1	1	4	2	258.7904
1	4	4	2	2	258.4964
1	4	8	2	2	257.2458
2	32	1	32	2	256.9523333
4	1	1	4	2	256.4088
4	1	16	2	2	255.9554
32	4	1	4	2	254.8103333
16	8	2	4	2	253.763
2	2	4	2	2	253.2104
2	2	8	2	2	253.1024
16	8	1	16	2	253.0226
1	4	1	2	2	252.9502
4	1	32	2	2	251.607
16	1	1	4	2	251.2376
2	1	32	4	2	250.883
2	1	32	8	2	249.3664
2	1	32	16	2	248.4054
2	2	16	2	2	247.8792
2	1	32	2	2	247.4382
8	16	1	4	2	245.3738
8	16	2	4	2	244.1416
32	4	8	4	2	243.9303333
4	2	16	2	2	243.427
2	2	2	2	2	243.3506
2	4	8	2	2	243.225
4	1	4	2	2	242.5384
2	4	2	2	2	242.4868
2	4	4	2	2	242.0872
2	4	1	2	2	241.7374
4	1	8	2	2	241.5884
8	1	8	2	2	241.4328
2	1	32	32	2	240.644
1	8	2	2	2	240.3176
4	2	4	2	2	239.3756
1	8	4	2	2	238.985
8	1	16	2	2	238.8004
1	1	4	2	2	237.129
4	2	1	2	2	236.483
2	2	1	2	2	236.3548
8	1	32	2	2	236.081
8	1	4	2	2	235.7776
2	1	4	2	2	235.6772
1	2	1	2	2	235.3466
1	16	1	2	2	234.7526
1	8	1	2	2	233.7056
32	1	1	4	2	233.5393333
16	1	16	2	2	233.4532
4	4	4	2	2	233.143
8	2	2	2	2	232.3024
8	2	8	2	2	232.1026
8	2	4	2	2	231.7846
32	4	2	4	2	231.186
4	2	2	2	2	230.8194
1	32	1	2	2	229.1752
2	8	4	2	2	228.8326
8	2	16	2	2	228.6454
4	4	8	2	2	228.4996
2	8	2	2	2	227.8494
8	4	4	2	2	227.4026
16	1	32	2	2	227.3958
2	16	2	2	2	226.7322
8	4	8	2	2	226.7208
16	1	8	2	2	226.4112
8	2	1	2	2	226.0268
8	4	2	2	2	225.7402
4	2	8	2	2	225.629
4	4	1	2	2	225.5774
2	16	1	2	2	225.4354
16	2	4	2	2	224.968
16	2	8	2	2	224.7164
16	1	4	2	2	223.5948
2	8	1	2	2	223.5748
16	2	16	2	2	223.2574
4	8	1	2	2	223.1088
4	8	2	2	2	222.7074
8	4	1	2	2	221.7908
4	4	2	2	2	220.906
32	1	8	2	2	220.282
4	8	4	2	2	218.831
16	2	2	2	2	218.047
1	16	2	2	2	217.1518
32	1	4	2	2	216.784
1	16	2	4	2	216.6344
32	1	16	2	2	216.482
32	1	32	2	2	214.3923333
4	16	1	2	2	213.2926
16	2	1	2	2	213.227
8	8	4	2	2	212.476
2	32	1	2	2	212.056
16	16	1	8	2	211.78
1	16	2	8	2	211.577
8	32	1	8	2	210.75
16	4	4	2	2	210.4372
1	1	32	2	2	210.2732
16	4	8	2	2	209.8358
1	1	32	4	2	209.6042
4	16	2	2	2	209.3342
32	2	8	2	2	209.083
1	1	32	8	2	208.9844
1	1	32	16	2	208.6792
1	1	32	32	2	207.46
32	8	1	8	2	206.6963333
8	8	2	2	2	206.4416
16	4	2	2	2	206.2564
2	1	2	2	2	206.2476
32	2	4	2	2	206.2416667
32	2	16	2	2	206.1573333
8	8	1	2	2	205.906
4	1	2	2	2	203.9196
8	1	2	2	2	202.5454
16	4	1	2	2	202.0298
16	16	1	4	2	201.1022
16	1	2	2	2	198.5076
8	32	1	4	2	198.4238
32	2	1	2	2	193.6473333
32	2	2	2	2	190.9736667
32	8	1	4	2	189.3753333
16	16	2	4	2	187.8433333
32	1	2	2	2	187.7146667
4	32	1	2	2	187.7094
16	8	4	2	2	186.5768
8	16	1	2	2	186.1742
1	1	2	2	2	182.2096
8	16	2	2	2	181.9746
16	8	2	2	2	181.1908
32	4	8	2	2	180.1993333
32	4	4	2	2	179.6173333
16	8	1	2	2	178.5562
32	4	2	2	2	175.4696667
32	4	1	2	2	171.9453333
16	8	1	32	2	160.438
4	32	1	32	2	157.28
16	16	1	16	2	153.6496667
8	16	1	32	2	153.2806667
8	32	1	16	2	152.565
8	32	1	2	2	151.1924
32	8	2	2	2	146.7813333
16	16	1	2	2	145.1618
16	16	2	2	2	143.4178
32	8	4	2	2	141.169
2	1	16	1	2	140.1044
1	2	4	1	2	139.4188
1	1	8	1	2	139.3346
32	8	1	2	2	139.2776667
2	1	4	1	2	139.1328
2	1	32	1	2	138.97
2	1	8	1	2	138.9574
1	2	16	1	2	138.909
1	2	8	1	2	138.671
1	1	16	1	2	138.5428
2	2	16	1	2	137.9416
1	2	2	1	2	137.9232
2	2	8	1	2	137.7386
16	32	1	4	2	137.307
1	4	1	1	2	136.8008
1	1	32	1	2	136.7518
2	2	4	1	2	136.6022
2	2	2	1	2	136.416
1	1	4	1	2	135.801
1	4	8	1	2	135.5818
1	4	2	1	2	135.4792
32	16	1	4	2	135.0583333
8	1	1	2	2	133.3086
4	1	1	2	2	133.0096
2	4	8	1	2	132.0146
2	1	1	2	2	131.8208
4	1	32	1	2	131.4802
4	1	8	1	2	131.3624
4	1	16	1	2	131.3622
2	4	4	1	2	130.9256
4	1	4	1	2	130.7604
16	1	1	2	2	129.9816
1	8	1	1	2	129.8978
2	4	1	1	2	129.8908
1	8	4	1	2	129.4232
16	32	1	8	2	128.8563333
1	1	1	2	2	128.6598
8	1	8	1	2	128.5594
2	4	2	1	2	128.4438
8	1	32	1	2	128.4154
1	8	2	1	2	127.735
1	4	4	1	2	127.44276
2	8	2	1	2	127.3816
8	1	16	1	2	127.1696
4	2	16	1	2	127.0244
4	2	4	1	2	126.9394
16	1	32	1	2	126.6968
32	1	1	2	2	126.5843333
8	2	8	1	2	126.2382
8	1	4	1	2	125.8026
4	2	8	1	2	125.38
8	2	16	1	2	125.1548
1	16	1	1	2	124.7122
2	8	1	1	2	124.6238
4	2	2	1	2	124.2304
16	1	8	1	2	123.8416
16	1	4	1	2	123.3722
8	2	4	1	2	123.0982
1	16	2	1	2	122.9528
2	8	4	1	2	122.6706
16	2	16	1	2	121.9568
4	4	1	1	2	121.916
8	4	8	1	2	121.5748
16	2	8	1	2	121.428
8	4	4	1	2	121.4178
8	2	2	1	2	121.4098
2	2	1	1	2	121.2274
8	4	2	1	2	120.9438
1	32	1	1	2	120.5658
8	4	1	1	2	120.4686
16	2	4	1	2	120.4226
8	2	1	1	2	120.0166
4	8	2	1	2	119.963
4	8	4	1	2	119.712
4	4	2	1	2	119.6256
32	1	32	1	2	119.5913333
16	2	2	1	2	119.5362
4	4	8	1	2	119.3642
1	2	1	1	2	119.1102
4	2	1	1	2	118.721
4	8	1	1	2	118.5148
2	16	2	1	2	118.3898
4	4	4	1	2	118.1998
2	16	1	1	2	117.7322
32	1	8	1	2	117.322
2	32	1	1	2	117.1834
8	8	4	1	2	116.7062
8	8	2	1	2	116.6706
32	1	16	1	2	116.6533333
32	1	4	1	2	115.8063333
32	2	8	1	2	115.744
32	2	16	1	2	115.675
16	4	2	1	2	115.4058
16	4	8	1	2	115.2286
4	16	1	1	2	114.9188
8	8	1	1	2	114.8714
16	2	1	1	2	114.6324
8	1	2	1	2	113.9878
4	16	2	1	2	113.9746
4	1	2	1	2	113.7838
16	4	4	1	2	113.7694
16	4	1	1	2	113.7486
32	2	4	1	2	113.4043333
2	1	2	1	2	111.8654
32	16	1	2	2	110.949
16	1	2	1	2	110.5012
32	2	2	1	2	110.192
32	2	1	1	2	110.1263333
32	1	2	1	2	109.7306667
16	32	1	2	2	109.5174
16	8	2	1	2	108.299
4	32	1	1	2	107.83
8	16	2	1	2	107.2126
8	16	1	1	2	106.15894
32	4	4	1	2	105.4566667
32	4	8	1	2	105.2356667
32	4	1	1	2	104.917
32	4	2	1	2	104.645
16	8	4	1	2	104.58482
16	8	1	1	2	102.82408
16	1	16	1	2	100.347558
1	1	2	1	2	99.87954
8	32	1	1	2	98.81504
32	8	4	1	2	97.12693333
16	16	2	1	2	96.03696
16	16	1	1	2	95.10724
32	8	2	1	2	93.52563333
32	8	1	1	2	90.6659
16	32	1	1	2	81.5118
32	16	1	1	2	76.8642
8	1	1	1	2	67.20164
4	1	1	1	2	67.1344
16	1	1	1	2	66.86246
2	1	1	1	2	65.95712
32	1	1	1	2	65.52606667
1	1	1	1	2	65.14764
