5880.473636,9844.108636,15993.91818,16054.77619,14380.635,11383.41
6906.818095,12001.5025,19922.93,19984.56,18918.685,16210.1
7304.22,13635.66,23264.765,23397.445,23241.85,19704.315
7943.185,15278.495,26438.64,25460.145,24162.7,21445.56
8157.2375,15655.735,26991.375,25393.615,23528.85,18098.13
8168.2335,15821.75,25712.845,23252.105,18447.88,12611.1575
8164.4,15309.87,23021.99,17714.72,13006.575,11452.514
8031.998,14403.325,18389.695,13287.365,11959.9105,
7798.203,11848.07,13280.69,11937.295,,
6330.6275,8311.871,11187.794,,,
4521.133,7365.6365,,,,
