2243.965455,4521.713182,9005.641818,15993.91818,15502.94091,15224.51818,14750.67727,12829.27273
3092.686,6195.456,12237.235,19922.93,11336.6555,7383.269,6813.097,6778.5985
3588.9805,7209.2135,14243.385,23264.765,17144.1065,12518.81,12343.4165,11487.959
3873.0655,7734.3275,15238.69,26438.64,25177.255,21548.865,19928.885,14127.8655
4018.994,7947.4465,15498.89,26991.375,25862.7,22993.21,17440.525,11198.8985
4060.743,7914.4405,15309.495,25712.845,24516.355,18049.56,12260.1715,9688.2055
4015.853,7832.0675,14616.255,23021.99,17860.39,11839.969,9372.2055,
3989.127,7643.847,13863.315,18389.695,13606.23,10897.293,,
3896.51,7292.0905,11125.87,13280.69,12221.3075,,,
3720.5895,5745.8135,7797.3375,11187.794,,,,
2938.992,4011.632,6647.6695,,,,,
