1	4	1	8	2	629.569
1	8	1	8	2	612.358
1	4	1	16	2	611.168
1	8	1	4	2	595.6998333
2	8	1	8	2	591.602
1	1	1	32	2	589.144
2	4	1	8	2	586.658
1	16	1	4	2	584.6005
4	4	1	8	2	568.518
2	8	1	4	2	564.8115
1	4	1	32	2	561.418
1	16	1	8	2	543.92
8	4	1	8	2	534.96
4	8	1	8	2	528.945
2	4	1	16	2	528.838
1	32	1	8	2	524.811
1	1	1	16	2	515.876
1	2	1	8	2	493.1085
1	2	1	16	2	486.651
1	4	1	4	2	483.3903333
2	16	1	8	2	482.812
16	1	16	8	2	474.551
2	4	1	4	2	472.1705
2	2	1	8	2	471.218
8	1	8	8	2	469.817
2	1	1	32	2	467.205
4	4	1	4	2	463.8853333
2	1	1	16	2	462.962
2	2	1	16	2	459.413
8	2	8	8	2	459.038
1	8	1	32	2	456.516
1	2	1	32	2	453.988
1	16	1	16	2	453.608
1	8	1	16	2	452.422
4	1	1	16	2	452.159
4	2	1	16	2	448.835
16	1	8	8	2	443.281
16	2	16	8	2	433.996
4	2	1	8	2	430.424
2	8	1	16	2	429.503
32	1	32	8	2	428.409
8	2	1	8	2	426.306
1	32	1	4	2	424.644
4	4	1	16	2	422.376
8	4	8	8	2	421.045
16	2	8	8	2	419.982
16	1	16	4	2	418.107
4	1	1	32	2	416.027
32	1	32	4	2	415.833
16	2	16	4	2	413.622
8	1	8	4	2	413.151
8	2	8	4	2	411.065
8	1	8	16	2	411.015
2	16	1	4	2	410.751
16	2	1	8	2	409.702
32	1	8	8	2	409.062
2	2	1	32	2	408.962
32	1	16	8	2	408.192
2	32	1	4	2	403.691
16	1	32	4	2	402.155
8	4	8	4	2	400.196
32	1	8	4	2	397.061
32	1	16	4	2	395.853
4	16	1	4	2	392.962
16	1	8	4	2	388.991
4	8	1	4	2	388.655
8	2	8	16	2	387.304
2	4	1	32	2	386.199
8	4	1	4	2	384.989
4	16	1	8	2	381.531
8	1	1	16	2	381.506
2	32	1	8	2	380.879
16	1	32	8	2	380.877
16	4	8	4	2	378.921
16	2	8	4	2	378.462
16	1	16	16	2	375.688
16	1	1	16	2	366.74
8	8	1	4	2	364.226
32	2	16	4	2	362.974
32	2	8	4	2	362.252
8	8	1	8	2	361.955
8	2	1	16	2	359.852
16	4	1	4	2	350.302
4	8	1	16	2	348.763
4	1	4	8	2	347.995
8	1	4	8	2	342.841
1	32	1	16	2	340.938
16	1	8	16	2	339.336
1	1	4	8	2	337.92
1	16	1	2	2	336.8571667
2	1	4	8	2	335.917
16	4	1	8	2	335.349
8	1	8	32	2	335.264
4	2	1	32	2	333.663
8	1	32	4	2	332.507
1	1	4	16	2	329.066
1	1	4	32	2	325.921
8	1	1	32	2	324.887
32	2	16	8	2	324.532
32	2	8	8	2	324.364
16	1	4	8	2	323.15
4	1	4	32	2	321.585
2	1	4	16	2	318.655
8	1	4	16	2	317.866
8	1	32	8	2	315.989
2	1	4	32	2	314.98
1	16	1	32	2	314.444
4	2	4	4	2	314.254
2	16	1	16	2	313.898
4	32	1	4	2	313.492
1	1	1	8	2	312.7516667
8	1	1	8	2	309.472
8	2	4	4	2	309.471
16	2	4	4	2	309.261
4	1	1	8	2	308.949
4	2	4	8	2	308.115
2	1	1	8	2	305.283
1	8	1	2	2	304.8825
8	16	1	4	2	302.474
1	2	4	4	2	302.174
2	2	4	16	2	301.051
16	8	1	4	2	301.025
1	2	4	16	2	300.764
16	1	32	16	2	299.932
2	1	8	8	2	299.608
8	2	4	8	2	299.376
2	1	8	4	2	298.807
2	2	4	32	2	297.43
4	1	8	4	2	297.202
8	4	1	16	2	297.153
4	2	4	16	2	297.069
4	2	1	4	2	297.0555
32	4	8	4	2	295.619
32	1	1	16	2	295.53
16	1	1	8	2	295.462
8	4	8	16	2	294.925
2	2	4	4	2	294.917
4	1	8	16	2	294.895
2	2	1	4	2	294.8618333
2	8	1	2	2	294.4595
8	2	1	4	2	294.3486667
1	2	4	8	2	293.335
2	1	8	16	2	292.876
2	2	4	8	2	291.819
32	1	8	16	2	290.578
1	2	4	32	2	290.474
1	2	1	4	2	290.0253333
16	1	1	32	2	289.984
1	1	8	8	2	288.295
4	1	8	8	2	288.184
2	4	8	4	2	287.891
1	1	8	16	2	287.529
1	4	4	16	2	287.448
32	1	1	8	2	286.948
32	1	32	16	2	286.43
16	2	16	16	2	285.721
1	1	8	4	2	285.174
2	4	8	8	2	284.354
16	2	1	16	2	284.013
16	2	1	4	2	283.547
4	4	1	32	2	282.613
16	4	8	8	2	282.021
1	1	8	32	2	281.969
1	4	8	4	2	281.604
2	2	8	4	2	281.295
1	4	8	8	2	280.848
1	1	4	4	2	279.902
2	1	4	4	2	278.883
2	1	8	32	2	278.521
32	1	16	16	2	278.48
1	8	4	4	2	277.816
4	2	8	4	2	277.39
32	4	1	8	2	276.787
16	1	16	32	2	276.625
4	4	8	4	2	276.014
8	1	4	4	2	275.879
2	4	8	16	2	275.699
4	4	4	8	2	275.468
4	4	4	4	2	274.827
2	8	1	32	2	273.97
16	2	8	16	2	273.682
4	32	1	8	2	273.438
2	2	8	16	2	273.416
1	4	8	16	2	273.236
4	4	8	8	2	272.83
2	2	8	8	2	272.8
4	2	8	8	2	272.148
4	8	4	4	2	271.741
16	1	4	4	2	271.38
1	2	8	4	2	271.303
1	2	8	8	2	270.879
32	1	4	4	2	270.629
1	4	4	4	2	269.403
8	2	8	32	2	267.859
1	8	4	8	2	266.876
32	4	1	4	2	266.537
4	1	16	4	2	265.978
1	2	8	16	2	265.445
32	2	1	4	2	265.352
8	4	4	4	2	264.887
1	4	4	8	2	263.267
4	1	16	8	2	262.655
1	4	4	32	2	262.189
1	2	8	32	2	261.935
8	1	16	8	2	261.636
8	2	1	32	2	260.491
8	1	16	4	2	258.969
1	1	2	8	2	258.691
1	8	4	16	2	256.226
2	8	4	4	2	256.225
2	1	2	16	2	255.131
1	1	2	16	2	254.375
4	1	16	16	2	253.639
8	16	1	8	2	252.492
2	1	2	8	2	250.557
2	1	16	4	2	248.353
32	2	1	8	2	247.667
1	2	2	16	2	247.478
1	4	1	2	2	246.389
2	1	16	8	2	245.502
2	8	4	8	2	245.309
4	2	16	4	2	244.793
2	16	1	32	2	244.786
1	2	2	8	2	244.636
2	4	1	2	2	244.0066667
4	1	2	8	2	243.647
2	1	16	16	2	243.513
2	1	2	32	2	243.207
4	1	2	16	2	242.325
2	4	4	4	2	241.882
1	1	2	32	2	241.223
2	4	4	8	2	240.813
2	2	16	8	2	240.789
4	4	1	2	2	240.7566667
4	2	16	8	2	240.448
1	2	2	4	2	239.895
2	2	16	4	2	239.534
16	8	1	8	2	238.743
8	2	16	4	2	238.6
2	2	2	4	2	235.717
8	1	2	8	2	235.533
2	1	16	32	2	235.309
2	4	4	16	2	234.669
2	2	2	8	2	233.779
8	4	1	32	2	233.535
2	2	16	16	2	231.916
2	32	1	16	2	231.403
4	2	2	8	2	230.206
1	2	2	32	2	229.894
4	2	2	4	2	227.26
1	1	16	8	2	227.078
32	2	16	16	2	226.157
8	32	1	4	2	225.622
4	2	4	2	2	225.258
4	1	16	2	2	225.223
1	1	16	4	2	224.591
2	2	4	2	2	224.283
2	4	8	2	2	224.046
2	2	16	2	2	223.242
1	2	4	2	2	223.217
1	1	16	16	2	223.07
4	4	4	2	2	223.048
4	1	8	2	2	223.034
1	2	8	2	2	223.022
32	4	8	8	2	222.942
1	32	1	2	2	222.806
4	2	16	2	2	222.525
4	8	1	32	2	222.145
4	2	8	2	2	221.869
8	2	16	2	2	221.868
8	2	8	2	2	221.73
8	1	16	2	2	221.628
1	4	8	2	2	221.586
2	16	1	2	2	221.008
16	16	1	4	2	220.98
16	2	16	2	2	220.945
8	2	4	2	2	220.912
2	8	4	2	2	220.837
16	1	16	2	2	220.836
16	1	32	2	2	220.83
4	4	8	2	2	220.685
8	1	32	2	2	220.529
1	2	16	2	2	220.429
8	4	4	2	2	220.018
8	1	8	2	2	219.982
1	4	4	2	2	219.489
32	1	16	2	2	219.192
2	4	4	2	2	219.014
1	2	16	4	2	218.796
1	32	1	32	2	218.749
1	2	16	8	2	218.747
1	8	4	2	2	218.098
32	1	32	2	2	217.873
2	1	8	2	2	217.43
8	32	1	8	2	217.423
8	4	8	2	2	217.194
1	4	2	8	2	216.965
32	8	1	4	2	216.868
32	2	16	2	2	216.677
8	2	2	4	2	216.421
8	8	1	16	2	216.355
16	2	8	2	2	216.08
4	8	4	2	2	215.856
1	1	16	32	2	215.706
4	8	1	2	2	215.596
2	32	1	2	2	215.576
8	2	2	2	2	215.315
4	16	1	16	2	215.309
16	2	4	2	2	215.285
16	4	8	16	2	215.155
1	2	16	16	2	214.678
16	1	8	2	2	214.54
4	16	1	2	2	214.194
4	1	2	4	2	212.909
2	1	16	2	2	212.527
2	2	8	2	2	212.237
8	8	4	2	2	211.962
32	1	8	2	2	211.801
16	4	8	2	2	211.601
32	2	8	16	2	211.354
32	2	8	2	2	211.175
4	32	1	2	2	211.053
1	4	2	2	2	210.385
8	4	1	2	2	210.02
4	2	2	2	2	209.87
1	4	2	4	2	209.68
1	1	2	4	2	209.365
32	4	8	2	2	208.935
16	4	4	2	2	208.867
1	1	16	2	2	208.748
8	1	2	4	2	208.49
16	2	2	2	2	208.111
16	4	1	16	2	208.03
8	8	1	2	2	207.625
32	1	1	32	2	207.391
1	2	16	32	2	207.094
2	1	2	4	2	206.721
16	1	2	4	2	206.521
2	4	2	2	2	206.497
8	16	1	2	2	206.113
1	4	2	16	2	205.92
2	2	2	16	2	205.91
32	2	1	16	2	205.46
32	8	1	8	2	204.721
2	2	2	2	2	203.979
1	1	8	2	2	203.927
4	4	2	2	2	202.824
32	4	1	16	2	202.6
32	2	4	2	2	202.47
1	2	2	2	2	201.559
2	4	2	8	2	200.901
16	4	1	2	2	200.42
2	4	2	4	2	199.973
4	32	1	16	2	199.504
8	4	2	2	2	199.301
2	32	1	32	2	197.531
8	16	1	16	2	193.503
16	8	1	2	2	192.897
8	4	8	32	2	191.974
8	32	1	2	2	190.828
16	1	8	32	2	190.667
4	1	4	16	2	189.853
16	16	1	8	2	187.989
8	1	4	2	2	187.762
32	4	8	16	2	187.232
2	1	4	2	2	187.104
16	1	4	2	2	186.946
4	1	4	4	2	185.971
4	16	1	32	2	185.148
16	2	8	32	2	185.013
32	4	1	2	2	184.629
32	16	1	4	2	184.588
16	16	1	2	2	183.823
32	1	4	2	2	183.46
8	8	1	32	2	183.439
4	1	4	2	2	181.966
4	4	2	4	2	181.613
16	2	1	32	2	180.428
8	2	8	1	2	180.2246667
4	1	32	4	2	178.614
4	1	32	2	2	178.47
1	1	4	2	2	178.4546667
4	1	32	8	2	177.244
1	16	1	1	2	176.8345
16	32	1	4	2	176.581
1	8	2	4	2	176.315
1	8	2	8	2	174.919
1	8	2	2	2	173.615
8	1	1	4	2	173.068
4	1	32	16	2	172.461
16	1	1	4	2	172.4288333
4	1	1	4	2	172.2525
1	2	8	1	2	169.8806667
2	1	1	4	2	169.7238333
32	1	1	4	2	168.911
2	8	2	2	2	168.34
2	8	2	4	2	167.451
1	1	1	4	2	167.1103333
32	2	1	32	2	166.355
16	4	8	32	2	166.192
16	8	1	16	2	165.607
32	8	1	2	2	161.628
4	8	2	2	2	160.788
8	1	8	1	2	159.822
2	1	32	4	2	158.261
2	1	32	2	2	157.71
2	1	32	8	2	157.671
2	1	32	16	2	156.782
1	2	4	1	2	154.8268333
16	32	1	2	2	154.232
1	8	1	1	2	153.7266667
2	1	32	32	2	152.948
16	1	8	1	2	152.6696667
16	4	1	32	2	151.286
8	2	1	2	2	150.6633333
4	2	1	2	2	150.2336667
2	8	1	1	2	150.1828333
32	16	1	2	2	149.835
2	2	1	2	2	149.205
16	2	1	2	2	148.225
1	2	1	2	2	144.7266667
8	1	2	2	2	142.639
1	1	32	2	2	141.972
1	1	32	4	2	141.939
32	2	1	2	2	141.88
1	1	32	8	2	141.421
16	1	2	2	2	141.412
1	1	32	16	2	141.363
32	1	2	2	2	141.351
4	1	2	2	2	140.063
1	1	32	32	2	138.993
2	1	8	1	2	135.1811667
2	1	2	2	2	133.811
1	16	2	2	2	133.293
1	16	2	4	2	132.189
4	32	1	32	2	131.278
1	1	16	1	2	130.4138333
1	1	2	2	2	128.956
32	32	1	2	2	127.707
2	16	2	2	2	126.871
1	4	1	1	2	124.15
1	1	32	1	2	123.7808333
2	4	1	1	2	123.68
8	16	1	32	2	122.224
4	4	1	1	2	121.8718333
32	16	1	8	2	120.919
1	1	8	1	2	120.7651667
4	1	8	1	2	118.166
1	4	4	1	2	117.999
2	2	2	1	2	117.886
2	4	4	1	2	117.724
1	8	4	1	2	117.672
2	4	8	1	2	117.57
4	4	4	1	2	117.562
2	16	1	1	2	117.413
2	8	4	1	2	117.329
2	2	16	1	2	117.293
4	2	4	1	2	117.193
2	4	2	1	2	117.109
2	2	8	1	2	117.062
1	32	1	1	2	116.97
4	2	8	1	2	116.953
1	4	8	1	2	116.898
1	4	2	1	2	116.813
4	1	32	1	2	116.669
16	1	16	1	2	116.646
4	4	2	1	2	116.63
2	2	4	1	2	116.579
8	32	1	16	2	116.522
2	1	32	1	2	116.505
16	1	32	1	2	116.491
1	16	2	1	2	116.482
16	32	1	8	2	116.414
4	1	16	1	2	116.297
1	8	2	1	2	116.218
4	2	2	1	2	116.217
2	1	4	1	2	116.1963333
2	8	2	1	2	116.084
4	4	8	1	2	115.71
8	1	16	1	2	115.482
2	1	16	1	2	115.432
16	2	16	1	2	115.315
2	16	2	1	2	115.279
4	8	2	1	2	115.236
4	8	4	1	2	115.158
1	2	2	1	2	115.132
16	4	8	1	2	115.069
8	2	2	1	2	115.024
32	1	16	1	2	114.814
32	4	1	32	2	114.605
8	4	2	1	2	114.233
8	2	4	1	2	114.105
32	2	16	1	2	114.105
4	8	1	1	2	114.019
8	2	16	1	2	113.92
16	4	2	1	2	113.868
4	2	16	1	2	113.689
8	4	8	1	2	113.676
32	1	8	1	2	113.655
2	32	1	1	2	113.544
16	2	2	1	2	113.369
4	1	4	1	2	113.282
4	32	1	1	2	113.254
16	1	4	1	2	113.225
16	16	1	16	2	113.155
16	8	1	32	2	113.125
32	4	8	1	2	113.025
4	16	1	1	2	112.904
8	4	1	1	2	112.831
8	8	4	1	2	112.831
32	1	4	1	2	112.777
8	1	32	1	2	112.766
32	1	32	1	2	112.685
32	2	8	1	2	112.462
8	8	2	1	2	112.452
16	2	8	1	2	112.3
1	2	16	1	2	112.241
16	2	4	1	2	112.051
32	32	1	4	2	111.837
8	4	4	1	2	111.61
32	2	4	1	2	110.96
8	8	1	1	2	110.931
32	2	2	1	2	110.711
8	32	1	1	2	110.481
16	8	4	1	2	110.422
8	16	1	1	2	110.237
16	4	1	1	2	109.913
32	4	4	1	2	109.891
4	16	2	1	2	109.206
16	4	4	1	2	108.36
32	8	1	16	2	108.287
16	8	1	1	2	106.487
16	16	1	1	2	106.235
32	4	1	1	2	105.225
1	1	4	1	2	104.0125
8	1	4	1	2	103.988
16	32	1	1	2	100.242
32	8	1	1	2	99.3076
32	16	1	1	2	94.9285
16	1	1	2	2	87.40136667
32	32	1	1	2	86.8315
32	1	1	2	2	86.5496
4	1	1	2	2	86.51155
8	1	1	2	2	85.95
2	1	1	2	2	85.11855
1	1	1	2	2	83.62731667
32	1	2	1	2	77.2778
16	1	2	1	2	77.0154
8	2	1	1	2	76.0434
4	2	1	1	2	75.88345
16	2	1	1	2	75.3943
2	2	1	1	2	74.80683333
4	1	2	1	2	74.5642
8	1	2	1	2	74.5045
32	2	1	1	2	74.0538
8	32	1	32	2	73.9157
1	2	1	1	2	73.19291667
2	1	2	1	2	71.6047
16	16	1	32	2	69.3066
32	32	1	8	2	67.922
1	1	2	1	2	67.74388333
32	8	1	32	2	67.4983
16	32	1	16	2	65.008
32	16	1	16	2	61.0112
32	1	1	1	2	43.7503
8	1	1	1	2	43.73371667
16	1	1	1	2	43.5491
4	1	1	1	2	43.19918333
2	1	1	1	2	42.56876667
1	1	1	1	2	41.64615
