6278.535455,10720.58182,17518.24545,34054.47619,62135.725,102103.595
7251.251429,13181.62,23126.385,44459.065,84229.675,149860.3
7851.6105,14878.245,26265.56,50153.7,100449.87,188603.05
8164.5625,15811.515,27972.96,53984.415,108295.1,212062.3
8296.9665,16139.645,28923.33,56062.365,111651.55,184240.7
8292.08,16449.865,29630.28,57278.51,94623.085,135972.6
8340.2835,16601.66,29831.07,48595.94,71928.385,140578.8
8376.273,16696.05,24938.12,36710.68,72481.025,
8382.4195,13920.89,18793.67,37132.135,,
6991.337,10493.175,18899.235,,,
5248.154,10500.975,,,,
