16	4	1	8	4	36.70832353
8	4	1	8	4	35.95660283
8	8	1	4	4	35.24436979
16	4	1	16	4	35.17332329
32	4	1	8	4	34.96952019
8	8	1	8	4	34.62584769
16	8	1	8	4	34.53536676
16	1	1	32	4	34.53395235
32	1	1	32	4	34.38729654
16	8	1	4	4	34.32672205
8	4	1	16	4	34.24111673
4	8	1	4	4	33.78201406
32	4	1	16	4	33.34229142
8	16	1	4	4	33.18465359
8	16	1	8	4	32.86131992
16	8	1	16	4	32.36655119
32	8	1	4	4	32.24772102
4	16	1	4	4	32.14439487
8	8	1	16	4	32.14279007
32	1	1	64	4	32.10014721
16	16	1	4	4	32.05016713
16	16	1	8	4	31.99928266
4	8	1	8	4	31.8205716
16	1	1	64	4	31.79188916
4	4	1	8	4	31.64012654
32	8	1	8	4	31.62290891
4	16	1	8	4	31.60896209
64	1	1	32	4	31.45458146
64	4	1	8	4	31.30995205
16	4	1	32	4	31.2708112
8	32	1	4	4	30.40091993
2	8	1	4	4	30.0403834
8	16	1	16	4	29.41202169
16	32	1	4	4	29.31812035
8	4	1	32	4	29.30649913
32	16	1	4	4	29.2144678
8	32	1	8	4	29.16600413
4	32	1	4	4	28.3231837
2	16	1	4	4	27.95487476
64	8	1	4	4	27.68228956
16	1	1	128	4	27.40616156
2	8	1	8	4	27.17904123
8	4	1	64	4	27.10332312
2	4	1	8	4	27.09522431
8	1	1	32	4	26.80635989
4	32	1	8	4	26.79790747
8	8	1	32	4	26.58595661
2	16	1	8	4	25.72944912
128	2	16	4	4	25.1010126
32	16	1	8	4	25.08915338
64	4	8	4	4	25.02009248
128	4	1	8	4	25.01002167
32	8	1	16	4	24.9662908
256	2	16	4	4	24.74443368
128	2	16	8	4	24.69365121
64	1	1	64	4	24.65281715
16	32	1	8	4	24.61349269
128	4	8	4	4	24.58406225
32	4	8	4	4	24.57147543
32	4	1	32	4	24.54743739
64	4	1	16	4	24.29016582
16	16	1	16	4	24.26475418
64	4	8	8	4	24.23298453
32	4	8	8	4	24.15775602
64	8	1	8	4	24.09205433
256	1	32	4	4	23.98564097
512	1	32	4	4	23.96577814
256	1	32	8	4	23.75952024
16	4	1	64	4	23.71914859
64	2	8	4	4	23.50064387
128	1	1	32	4	23.47569463
32	1	1	128	4	23.44892299
64	1	8	8	4	23.43868218
256	1	16	4	4	23.38173889
4	16	1	2	4	23.32692401
4	4	1	16	4	23.31601884
128	1	8	8	4	23.3147588
64	1	8	4	4	23.31016199
128	1	16	4	4	23.19169222
32	1	8	4	4	23.1831922
32	4	8	16	4	23.1779834
16	8	1	32	4	23.17544563
2	32	1	4	4	23.09448607
32	2	8	8	4	23.07227044
32	2	8	4	4	23.0457504
4	8	1	16	4	23.00647423
64	2	16	4	4	22.9746699
256	1	8	4	4	22.96228708
128	1	8	4	4	22.94175785
64	1	8	16	4	22.89450458
64	2	8	8	4	22.88327777
32	1	8	8	4	22.83146169
64	2	16	8	4	22.80053525
128	2	8	4	4	22.71006111
128	1	16	8	4	22.70630071
64	16	1	4	4	22.7038323
128	8	1	4	4	22.68628828
256	1	16	8	4	22.62608779
32	2	8	16	4	22.57106211
8	1	1	64	4	22.50171493
128	1	8	16	4	22.46441076
32	2	8	2	4	22.45505394
32	1	8	16	4	22.45085154
8	16	1	2	4	22.30423652
64	1	16	8	4	22.26346366
128	2	8	8	4	22.17049393
128	1	32	4	4	22.11712745
32	32	1	4	4	22.04804615
2	32	1	8	4	22.04576815
64	1	16	4	4	22.02270931
128	1	32	8	4	21.99837208
4	32	1	2	4	21.97215804
32	1	8	32	4	21.95885042
256	1	8	8	4	21.89582793
64	2	8	16	4	21.85060786
1	8	1	8	4	21.83452746
256	2	8	4	4	21.82699143
64	1	16	16	4	21.8114262
64	2	16	16	4	21.75816853
1	4	1	8	4	21.75176044
8	32	1	16	4	21.70453209
32	1	1	16	4	21.68991003
128	1	16	16	4	21.63170194
32	4	8	2	4	21.61600752
2	32	1	2	4	21.61092111
4	16	1	16	4	21.58971392
64	1	16	2	4	21.54385941
32	2	1	8	4	21.51761138
8	32	1	2	4	21.47808292
2	16	1	2	4	21.46965091
64	1	8	32	4	21.42915005
16	1	1	16	4	21.40880442
16	16	1	2	4	21.3974892
1	8	1	4	4	21.38826547
256	2	16	8	4	21.37709597
32	1	8	64	4	21.34706713
512	1	8	4	4	21.3288091
32	2	8	32	4	21.3277483
16	2	8	4	4	21.30515187
16	2	1	8	4	21.29183065
16	2	1	16	4	21.28125663
1	1	1	32	4	21.20755565
32	2	1	16	4	21.1890009
64	2	8	2	4	21.18349289
64	1	1	16	4	21.16550686
1	8	1	16	4	21.12913976
16	2	8	2	4	21.10742798
16	1	8	4	4	21.08405634
1	4	1	16	4	21.08403038
16	4	1	4	4	21.07852114
16	1	8	8	4	21.07718833
16	2	8	8	4	21.02975826
128	1	32	16	4	21.01768825
128	4	8	8	4	20.90903089
64	4	8	2	4	20.85919362
16	4	8	2	4	20.83088517
64	2	1	8	4	20.82145356
32	4	1	4	4	20.82094356
1	16	1	4	4	20.80536474
64	1	16	32	4	20.80381433
8	2	1	8	4	20.7787835
16	2	1	32	4	20.73670504
8	4	1	4	4	20.72464862
1	4	1	32	4	20.70537492
8	1	1	128	4	20.64914947
16	4	8	4	4	20.61838486
1	8	1	32	4	20.57960829
512	1	16	4	4	20.54433956
8	8	1	64	4	20.51273991
512	1	32	8	4	20.51033951
16	4	8	8	4	20.5072523
16	2	8	16	4	20.49986069
16	2	8	32	4	20.48094986
8	2	1	16	4	20.42116418
16	1	8	16	4	20.35515648
32	1	16	2	4	20.33115925
128	1	16	2	4	20.27338636
128	2	16	16	4	20.21278467
8	1	1	16	4	20.20221066
128	1	32	2	4	20.17622782
64	2	16	2	4	20.17108701
32	1	16	4	4	20.165341
16	4	8	16	4	20.0915813
8	16	1	32	4	20.07513411
1	4	1	64	4	20.06095034
16	1	8	32	4	20.05552764
128	2	16	2	4	20.0254036
32	2	16	2	4	19.93014226
128	1	1	16	4	19.92795946
64	4	1	4	4	19.87813578
16	2	1	64	4	19.85436295
64	2	1	16	4	19.79969767
32	1	16	8	4	19.79622287
1	1	1	64	4	19.77782884
32	2	1	32	4	19.7516012
128	2	8	2	4	19.7490512
16	32	1	2	4	19.74415519
8	2	1	32	4	19.69753432
32	2	16	4	4	19.69203311
16	1	8	64	4	19.67132708
32	1	16	16	4	19.60208938
128	2	1	8	4	19.58855056
32	2	16	8	4	19.57479414
1	16	1	8	4	19.55769212
16	2	8	64	4	19.47112799
256	4	8	4	4	19.46005078
512	2	16	4	4	19.45902397
1	8	1	64	4	19.42176737
256	1	32	2	4	19.39126867
256	2	16	2	4	19.37878386
4	4	1	4	4	19.37103185
32	1	16	32	4	19.35140022
256	1	16	2	4	19.3381946
32	16	1	2	4	19.23862885
64	4	8	16	4	19.23714645
256	1	32	16	4	19.21821522
8	4	1	128	4	19.2139251
32	2	16	16	4	19.16620875
1	16	1	16	4	19.10613066
1024	1	32	4	4	18.94531042
8	2	1	64	4	18.94348802
128	4	8	2	4	18.89671755
256	1	16	16	4	18.8617451
128	4	1	4	4	18.85413589
16	4	8	32	4	18.79661461
1	16	1	32	4	18.7937858
64	1	32	2	4	18.73921572
256	2	8	8	4	18.65000639
4	32	1	16	4	18.64210138
32	1	16	64	4	18.62842316
512	1	32	2	4	18.59342351
32	32	1	2	4	18.57959909
4	2	1	8	4	18.54452464
16	1	8	128	4	18.53820063
512	2	16	2	4	18.52160181
128	4	1	16	4	18.50449978
512	1	16	2	4	18.48544615
16	8	1	2	4	18.4473729
8	8	1	2	4	18.40685844
128	2	8	16	4	18.379706
1	16	1	64	4	18.29137387
64	1	32	4	4	18.26790024
256	4	8	2	4	18.25489182
64	1	32	8	4	18.20610175
256	2	8	2	4	18.18676252
128	8	1	8	4	18.07084275
256	4	1	8	4	18.06176474
1	16	1	2	4	18.0380531
32	2	16	32	4	17.95728938
32	4	8	32	4	17.91216452
256	1	8	16	4	17.91051892
64	1	32	16	4	17.86740685
32	8	1	2	4	17.81155837
128	1	8	32	4	17.80768917
512	1	16	8	4	17.70152741
64	16	1	8	4	17.68896779
1	8	1	128	4	17.66443109
128	1	16	32	4	17.66220975
4	8	1	2	4	17.66068655
32	16	1	16	4	17.61553177
64	2	8	32	4	17.60071046
1	1	1	128	4	17.5928002
512	1	8	8	4	17.53297557
64	16	1	2	4	17.52680116
512	2	8	2	4	17.51088913
8	2	1	128	4	17.49939712
1	4	1	128	4	17.44783635
16	32	1	16	4	17.40947787
1024	1	32	2	4	17.35934139
1	16	1	128	4	17.33774728
128	1	8	2	4	17.26481717
64	2	16	32	4	17.25918677
64	1	8	2	4	17.17250704
32	32	1	8	4	17.15119921
4	4	1	32	4	17.02560643
512	2	8	4	4	16.99264678
256	1	8	2	4	16.98033196
64	1	32	32	4	16.89467903
32	2	8	64	4	16.88552622
64	8	1	2	4	16.85241017
1024	1	16	2	4	16.8012809
4	4	1	64	4	16.78707092
4	8	1	32	4	16.73657744
256	1	1	32	4	16.69543466
64	8	1	16	4	16.68350813
64	1	8	64	4	16.68001632
32	4	1	64	4	16.67385755
2	1	1	16	4	16.66489504
2	4	1	4	4	16.64266387
256	4	1	16	4	16.62100244
128	1	1	64	4	16.56149215
4	16	1	32	4	16.52937026
32	1	8	2	4	16.51358608
1024	1	8	4	4	16.49605565
128	1	32	32	4	16.49470925
1	32	1	2	4	16.47513202
64	1	1	128	4	16.45842032
2	2	1	8	4	16.3220672
512	1	8	2	4	16.28667655
4	1	1	16	4	16.27115621
128	8	1	16	4	16.27100593
128	16	1	8	4	16.265502
256	8	1	8	4	16.23474487
256	1	1	16	4	16.22092045
256	2	1	8	4	16.1133987
128	2	1	16	4	16.10631988
64	4	1	32	4	16.10238132
32	8	1	32	4	16.09477211
64	32	1	2	4	16.09097226
256	8	1	4	4	15.95558407
4	8	1	64	4	15.93403347
128	16	1	2	4	15.92848603
1	32	1	4	4	15.910058
16	8	1	64	4	15.89815118
32	2	1	64	4	15.89162929
256	2	16	16	4	15.84091686
128	8	1	2	4	15.80193104
128	16	1	4	4	15.79202343
1024	1	16	4	4	15.71533971
16	1	16	2	4	15.71352411
64	2	1	32	4	15.70935231
2	8	1	2	4	15.70014169
4	4	1	128	4	15.62364702
64	32	1	8	4	15.57544175
16	1	16	4	4	15.54982747
256	4	8	8	4	15.53743106
1	32	1	8	4	15.48146017
64	16	1	16	4	15.42539137
2	4	1	16	4	15.41787396
32	32	1	16	4	15.39491713
1	32	1	16	4	15.39462405
16	1	16	8	4	15.38655924
512	2	16	8	4	15.37489994
64	32	1	4	4	15.27473987
16	4	1	128	4	15.23052417
512	4	1	8	4	15.21542203
16	16	1	32	4	15.2103397
1024	2	16	2	4	15.19833496
128	4	8	16	4	15.18971799
512	1	32	16	4	15.13831127
256	4	1	4	4	15.13120526
512	4	8	2	4	15.12981806
4	1	1	32	4	15.09208005
4	2	1	16	4	15.08784364
1	32	1	32	4	15.06508197
1024	1	8	2	4	14.98327921
1024	1	32	8	4	14.95398
16	2	1	128	4	14.95272608
16	1	16	16	4	14.92802777
128	4	1	32	4	14.82034009
16	4	8	64	4	14.81921673
2	8	1	16	4	14.80288378
16	1	16	32	4	14.78696156
32	1	4	32	4	14.77042394
1	32	1	64	4	14.76384153
16	1	8	2	4	14.72490467
16	2	16	2	4	14.64964896
1	1	1	16	4	14.64905118
32	1	4	16	4	14.57278845
16	1	16	64	4	14.55557082
32	1	4	8	4	14.2650608
256	1	1	64	4	14.21878265
32	1	4	64	4	14.13314265
16	1	4	16	4	14.08777774
16	2	16	4	4	14.08227653
16	1	4	8	4	14.07938109
128	2	16	32	4	14.06412527
16	1	4	32	4	14.02777581
8	16	1	64	4	13.98806648
512	1	1	32	4	13.96984789
64	8	1	32	4	13.9224831
16	2	16	8	4	13.89165866
256	2	8	16	4	13.87691419
16	1	4	64	4	13.87299943
1024	2	8	2	4	13.7054635
16	2	16	16	4	13.67249298
64	1	4	8	4	13.62547635
128	1	1	128	4	13.60052371
32	1	32	2	4	13.55769725
64	1	4	32	4	13.55746673
512	4	8	4	4	13.55423264
512	2	8	8	4	13.55374168
8	8	1	128	4	13.54994796
1024	2	16	4	4	13.53136013
64	1	4	16	4	13.51846051
256	16	1	4	4	13.51222218
1	2	1	16	4	13.42415303
1	2	1	8	4	13.38800727
16	2	16	32	4	13.38720332
128	32	1	4	4	13.37975935
32	16	1	32	4	13.37683739
64	1	4	4	4	13.32462351
1	2	1	32	4	13.31392981
32	1	4	4	4	13.28940966
512	1	8	16	4	13.28829106
64	4	8	32	4	13.2605239
512	1	16	16	4	13.22607641
4	16	1	64	4	13.18040686
32	4	1	128	4	13.17597869
128	1	4	4	4	13.16221887
8	32	1	32	4	13.1390152
1	2	1	64	4	13.10774239
256	1	16	32	4	13.06380641
32	1	32	4	4	13.03483293
2	2	1	16	4	13.01410922
32	8	1	64	4	12.98139573
256	1	8	32	4	12.93611242
16	1	4	4	4	12.88710203
128	1	4	16	4	12.87131173
256	1	4	4	4	12.84788977
128	1	4	8	4	12.83128755
16	2	16	64	4	12.81699869
16	32	1	32	4	12.7943329
1024	1	16	8	4	12.75605088
64	4	1	64	4	12.74621807
32	1	32	8	4	12.74567474
4	32	1	32	4	12.74420186
512	8	1	4	4	12.72484291
128	2	8	32	4	12.69590751
32	4	8	64	4	12.619965
32	1	32	16	4	12.60351918
64	2	8	64	4	12.5916858
16	16	1	64	4	12.52890811
128	1	8	64	4	12.46678322
8	1	4	8	4	12.45056247
32	1	32	32	4	12.43927922
16	2	4	4	4	12.41158346
1	32	1	1	4	12.39977048
64	2	16	1	4	12.37736445
256	1	4	8	4	12.37716385
8	1	4	16	4	12.36427239
1024	1	8	8	4	12.35159649
32	4	8	1	4	12.34296932
2	1	1	32	4	12.33098968
4	8	1	128	4	12.32272705
256	8	1	2	4	12.3009065
16	2	4	16	4	12.29899637
16	8	1	128	4	12.29640557
16	2	4	8	4	12.28358347
128	1	32	1	4	12.25974264
1	4	1	4	4	12.24769073
32	2	4	4	4	12.233243
256	16	1	2	4	12.21618517
16	2	4	32	4	12.21149521
32	2	8	1	4	12.17719052
16	4	8	1	4	12.17091479
64	2	8	1	4	12.12053759
4	2	1	32	4	12.10572581
32	2	4	8	4	12.10537697
64	2	4	4	4	12.08137498
256	1	32	1	4	12.08090986
8	1	4	32	4	12.06686851
256	2	1	16	4	12.0593341
512	1	4	4	4	12.05536154
128	2	16	1	4	11.99198681
64	1	16	1	4	11.98247155
64	2	4	8	4	11.95980236
1	8	1	2	4	11.92418653
8	2	4	4	4	11.91334673
16	16	1	1	4	11.91281157
64	2	4	16	4	11.91020445
64	4	8	1	4	11.90706556
32	2	16	1	4	11.90675548
4	1	1	128	4	11.88392377
64	2	4	2	4	11.87857216
32	2	4	16	4	11.87048695
128	1	16	1	4	11.8533652
64	1	32	1	4	11.8525866
128	32	1	2	4	11.84765184
128	2	4	2	4	11.83750894
4	2	1	128	4	11.83270609
32	2	4	2	4	11.82039196
1024	2	8	4	4	11.81499683
128	2	8	1	4	11.74346548
1	2	1	128	4	11.72154738
8	32	1	1	4	11.71810621
32	2	4	32	4	11.71235136
8	2	4	8	4	11.68986713
4	32	1	1	4	11.67497306
4	16	1	1	4	11.62115303
16	2	4	2	4	11.61969646
8	16	1	1	4	11.61628014
8	1	4	64	4	11.61197981
8	2	4	16	4	11.60393268
16	2	4	64	4	11.5911405
1	32	1	128	4	11.57538352
256	1	16	1	4	11.57276007
128	2	4	4	4	11.46671664
8	1	4	4	4	11.4244165
512	1	1	16	4	11.38200416
256	2	4	4	4	11.37756239
16	2	8	1	4	11.34732547
4	2	1	64	4	11.32590747
8	2	4	32	4	11.32348735
16	2	16	1	4	11.31187361
512	2	1	8	4	11.30416104
2	1	1	128	4	11.30346738
256	2	4	2	4	11.29247455
32	1	16	1	4	11.28696314
2	1	1	64	4	11.26892138
128	2	4	8	4	11.24101887
8	2	4	64	4	11.20066965
4	1	1	64	4	11.19955037
128	2	1	32	4	11.18674187
2	16	1	16	4	11.12061314
32	1	1	8	4	11.10881376
64	1	1	8	4	11.10360019
2	32	1	1	4	11.0945453
16	1	1	8	4	11.09385918
64	2	1	64	4	11.0855992
256	2	8	1	4	11.06894666
32	2	1	128	4	11.05267696
32	2	1	4	4	11.0148043
16	2	1	4	4	10.99925472
32	1	32	1	4	10.99817896
64	2	1	4	4	10.96827183
512	1	16	1	4	10.94220808
128	1	1	8	4	10.92353321
512	1	32	1	4	10.84370857
16	4	1	2	4	10.808543
128	4	8	1	4	10.808475
8	1	1	8	4	10.80274735
32	16	1	1	4	10.78128312
8	2	4	2	4	10.77577171
1024	4	8	2	4	10.77513047
128	2	1	4	4	10.76537994
32	4	1	2	4	10.76365477
8	2	1	4	4	10.70295925
2	16	1	1	4	10.66044422
64	4	1	2	4	10.65162733
512	2	1	16	4	10.62685218
256	1	1	8	4	10.60557154
512	4	1	4	4	10.60439446
8	16	1	128	4	10.5351282
512	2	16	1	4	10.52204294
8	4	1	2	4	10.51870074
512	2	4	2	4	10.51749374
8	32	1	64	4	10.50282475
1	16	1	1	4	10.49685095
256	2	16	1	4	10.49555758
256	2	1	4	4	10.44030818
128	4	1	2	4	10.39564708
256	2	1	32	4	10.3826543
16	32	1	1	4	10.37472957
16	1	32	2	4	10.28545224
512	2	8	1	4	10.28055283
2	32	1	16	4	10.2493265
256	4	8	1	4	10.23561632
4	2	4	4	4	10.21696186
4	2	4	8	4	10.20416356
1024	2	16	1	4	10.18383153
1024	1	1	16	4	10.16114534
32	4	4	1	4	10.14010475
512	4	8	1	4	10.13108045
16	4	4	1	4	10.07655253
1024	1	32	1	4	10.05843595
1024	1	16	1	4	10.05266274
2	4	1	32	4	10.04126048
1024	2	1	8	4	10.01728025
4	2	1	4	4	9.990767688
4	2	4	16	4	9.97864871
128	2	1	64	4	9.948629386
4	1	1	8	4	9.933753685
256	4	1	2	4	9.917257541
64	4	4	4	4	9.901775278
64	32	1	1	4	9.893292946
2	2	1	32	4	9.874878519
64	4	4	1	4	9.815761273
16	1	2	8	4	9.804978497
4	4	1	2	4	9.804544656
16	1	32	4	4	9.800933851
16	1	32	8	4	9.781223342
128	1	8	1	4	9.75945039
8	1	2	8	4	9.758154989
2	8	1	32	4	9.73855736
64	1	8	1	4	9.718413011
8	1	2	32	4	9.698386981
8	1	2	16	4	9.69082197
256	1	8	1	4	9.675676988
16	1	2	32	4	9.674298626
1024	2	8	1	4	9.673851866
32	32	1	1	4	9.66995206
128	4	4	1	4	9.648895149
16	1	32	1	4	9.629682401
64	16	1	1	4	9.623709953
64	4	4	2	4	9.62183655
16	1	32	16	4	9.620513268
32	4	4	4	4	9.592195987
16	1	2	16	4	9.591484706
64	2	1	128	4	9.588973462
16	8	1	1	4	9.558123857
128	16	1	1	4	9.547130961
16	2	2	4	4	9.536883346
2	8	1	64	4	9.534867143
16	1	32	32	4	9.530368256
512	1	8	1	4	9.514080193
16	1	2	64	4	9.510969868
8	4	4	1	4	9.489622597
8	2	2	4	4	9.461968317
32	4	4	16	4	9.430888871
16	1	32	64	4	9.420872457
8	8	1	1	4	9.408453599
2	1	1	8	4	9.393286306
32	8	1	1	4	9.390181972
16	1	16	1	4	9.387447688
2	2	1	64	4	9.355405361
32	1	2	8	4	9.35418136
4	1	4	16	4	9.323000594
1024	4	8	1	4	9.289754666
32	2	2	4	4	9.279542411
128	32	1	1	4	9.27930441
2	8	1	128	4	9.274724604
2	4	1	64	4	9.265825431
256	4	4	1	4	9.254406174
128	4	4	4	4	9.240739514
16	4	4	4	4	9.238545151
8	4	4	4	4	9.232773982
64	8	1	1	4	9.230697939
8	1	2	64	4	9.22431681
2	4	1	128	4	9.218907402
2	2	1	128	4	9.213238914
32	4	4	8	4	9.211889792
64	4	4	8	4	9.207966866
8	1	8	8	4	9.207135225
8	1	8	4	4	9.186540035
16	4	4	16	4	9.174957578
4	2	2	4	4	9.172479655
128	4	4	2	4	9.167661168
32	1	2	32	4	9.159180195
32	4	4	2	4	9.148284539
8	2	8	2	4	9.146249296
32	1	8	1	4	9.145667895
4	1	2	16	4	9.143944093
4	1	4	8	4	9.142960132
16	4	4	2	4	9.134368999
32	1	2	16	4	9.124610985
8	4	4	8	4	9.111400606
8	4	4	2	4	9.108179441
4	16	1	128	4	9.102522513
8	4	4	16	4	9.096520824
32	2	2	2	4	9.094853461
8	1	8	16	4	9.092600618
16	4	4	8	4	9.090552455
8	4	4	32	4	9.087410171
4	2	4	32	4	9.069170504
64	2	2	4	4	9.062730215
1024	4	1	4	4	9.040843703
1024	1	8	1	4	9.005878732
64	2	2	2	4	8.994483955
8	2	8	4	4	8.975363687
4	1	2	8	4	8.954654937
8	1	8	32	4	8.953554695
8	1	2	128	4	8.944718082
2	2	1	4	4	8.942225199
4	32	1	64	4	8.942202759
128	8	1	1	4	8.934083547
4	4	4	4	4	8.910115552
32	1	2	4	4	8.902623301
4	1	4	32	4	8.899347056
4	1	2	32	4	8.894636689
16	2	2	2	4	8.886055757
16	1	2	4	4	8.882865192
4	8	1	1	4	8.879555627
256	16	1	1	4	8.877249744
128	2	2	4	4	8.876544583
8	2	8	8	4	8.870181134
4	4	4	8	4	8.855115032
16	4	4	32	4	8.822963905
128	2	2	2	4	8.816964936
4	2	4	64	4	8.811257008
64	1	2	8	4	8.808045363
2	16	1	32	4	8.795287185
2	2	2	4	4	8.787492333
4	2	4	2	4	8.773164712
4	4	4	2	4	8.772381351
2	16	1	64	4	8.762013376
64	1	2	4	4	8.757160209
2	1	2	8	4	8.740743755
2	1	2	16	4	8.73329742
8	2	8	16	4	8.713278385
8	1	8	64	4	8.700119686
128	1	4	2	4	8.69592884
4	4	4	16	4	8.687562788
8	2	8	32	4	8.687310507
64	1	4	2	4	8.674353768
2	32	1	32	4	8.667480998
4	1	4	4	4	8.635894272
64	1	2	16	4	8.63468455
256	4	4	2	4	8.615088282
128	1	2	4	4	8.61354808
512	1	1	8	4	8.609665954
8	2	8	64	4	8.60018402
256	2	2	2	4	8.59356625
4	1	2	128	4	8.580767952
256	1	2	4	4	8.580434751
512	4	4	1	4	8.568531334
256	1	4	2	4	8.562977766
32	1	4	2	4	8.499839674
4	4	4	32	4	8.499256233
8	2	2	2	4	8.489422059
4	4	2	2	4	8.474765997
512	2	1	4	4	8.471687633
16	8	4	2	4	8.458284813
8	8	4	2	4	8.455313889
2	4	1	2	4	8.425832446
8	1	2	4	4	8.422471881
16	4	2	1	4	8.418015834
16	8	4	1	4	8.415681391
4	4	4	64	4	8.410069343
16	8	4	4	4	8.379062658
4	1	4	128	4	8.375471572
256	8	1	1	4	8.358576948
32	8	4	2	4	8.351503577
8	2	2	32	4	8.346723851
16	8	4	8	4	8.340285601
512	1	4	2	4	8.336231435
512	8	1	2	4	8.335029193
32	4	2	1	4	8.327787183
8	4	2	2	4	8.31916341
1	2	2	128	4	8.315541107
8	4	8	2	4	8.307997794
8	8	4	1	4	8.299365181
32	8	4	4	4	8.287163244
8	8	4	4	4	8.285559801
4	1	2	64	4	8.270428419
4	2	2	8	4	8.261870607
8	2	2	8	4	8.260533045
32	8	4	1	4	8.258327802
8	8	4	8	4	8.256718239
32	8	4	8	4	8.24315494
16	8	4	16	4	8.223754511
16	1	8	1	4	8.18873922
8	2	2	16	4	8.187812379
8	4	2	1	4	8.18197729
2	1	2	32	4	8.172122392
8	8	4	16	4	8.162392582
8	4	8	1	4	8.140274189
1	2	2	64	4	8.139136486
2	4	4	2	4	8.117655997
8	1	16	2	4	8.079337941
64	4	2	1	4	8.075497975
16	1	4	2	4	8.074052973
4	1	4	64	4	8.042958568
8	4	8	4	4	8.033201913
16	2	2	32	4	8.026971744
64	2	4	1	4	8.026084343
16	4	2	2	4	8.02426602
8	1	16	4	4	8.017816211
1	2	2	32	4	7.99828479
4	8	4	2	4	7.997837782
1	1	1	8	4	7.997455807
8	1	16	8	4	7.990316971
64	8	4	2	4	7.987478647
128	2	4	1	4	7.986161485
64	8	4	4	4	7.981368838
4	4	4	1	4	7.964307613
16	2	2	8	4	7.957731323
1024	1	4	2	4	7.952146475
8	2	2	64	4	7.949516911
2	2	4	4	4	7.946928828
8	4	8	8	4	7.944541344
256	2	4	1	4	7.940775499
128	4	2	1	4	7.930941324
8	1	8	2	4	7.923823754
4	8	4	1	4	7.912957338
8	8	4	32	4	7.901523121
16	2	2	16	4	7.899728599
8	4	8	16	4	7.891873907
8	1	16	16	4	7.885016777
64	8	4	1	4	7.883181455
2	8	1	1	4	7.86645955
1	2	2	16	4	7.856079273
8	4	8	32	4	7.843285796
32	2	4	1	4	7.836727867
2	4	2	2	4	7.83186518
2	2	4	8	4	7.82484349
4	2	2	16	4	7.824020008
4	8	4	4	4	7.821908605
512	4	1	2	4	7.814317754
128	1	2	8	4	7.808738346
8	1	16	32	4	7.804225859
4	2	2	32	4	7.7632524
32	4	2	2	4	7.761476917
2	2	2	8	4	7.742426689
512	2	4	1	4	7.726164466
4	8	4	8	4	7.720258657
2	4	4	8	4	7.686033527
1	4	2	128	4	7.658776986
256	4	2	1	4	7.657300085
4	8	4	16	4	7.649911194
128	4	2	2	4	7.649121033
128	8	4	2	4	7.646269109
64	4	2	2	4	7.643933306
1	2	2	8	4	7.637258663
2	4	4	4	4	7.616721706
128	8	4	1	4	7.607303012
8	2	8	1	4	7.581562255
8	1	16	64	4	7.570271518
4	2	2	64	4	7.545577282
16	2	4	1	4	7.512009033
2	1	2	128	4	7.511055866
2	2	4	16	4	7.490065401
4	2	2	2	4	7.48229367
4	1	2	4	4	7.429940394
1	1	2	32	4	7.420407583
1	1	2	64	4	7.383355566
32	2	2	8	4	7.381943884
1	4	2	64	4	7.364763721
1	1	2	16	4	7.364445975
32	2	2	16	4	7.356262966
4	8	4	32	4	7.355143005
8	2	16	2	4	7.33137629
4	32	1	128	4	7.315151466
4	4	2	1	4	7.300022804
1	2	1	4	4	7.271014457
2	1	2	64	4	7.239218022
2	4	4	16	4	7.226210737
2	16	1	128	4	7.220103648
1	1	2	8	4	7.175214062
8	1	4	2	4	7.17392138
1	4	2	32	4	7.164575756
1	2	2	4	4	7.163922955
4	2	2	128	4	7.159463199
1024	2	4	1	4	7.155234953
2	2	2	16	4	7.13963097
8	2	16	1	4	7.099371512
8	2	16	4	4	7.095152786
8	2	16	8	4	7.078934082
256	8	4	1	4	7.069783309
2	32	1	64	4	7.055769848
1	4	2	4	4	6.961796369
1	4	2	16	4	6.95982993
8	2	16	16	4	6.913831201
2	2	2	128	4	6.886885482
8	2	16	32	4	6.877247148
1	1	2	128	4	6.87389635
2	1	4	8	4	6.828987477
1	4	2	8	4	6.787904043
2	1	4	16	4	6.785215814
8	4	2	16	4	6.780313687
16	4	2	4	4	6.730689934
8	4	2	8	4	6.706678419
8	2	4	1	4	6.685165228
2	8	4	2	4	6.65227018
8	4	2	32	4	6.643432207
32	4	2	8	4	6.633606873
4	2	8	4	4	6.632636511
4	4	2	16	4	6.628519105
4	2	8	8	4	6.623137577
32	4	2	4	4	6.60466875
2	4	2	4	4	6.600511224
1	4	2	2	4	6.594279943
16	4	2	16	4	6.585130962
2	2	4	2	4	6.571314702
2	2	4	128	4	6.565079773
8	4	2	4	4	6.558170963
2	2	2	64	4	6.549023589
4	4	2	4	4	6.533997607
2	8	4	1	4	6.527863998
4	2	8	2	4	6.519983467
4	1	8	8	4	6.511376014
4	2	8	16	4	6.504924845
16	4	2	8	4	6.502693082
4	1	8	4	4	6.491508425
4	1	8	16	4	6.476067643
2	2	4	64	4	6.47416704
4	4	2	8	4	6.471570116
2	8	4	4	4	6.449638044
2	1	4	4	4	6.434664423
512	8	1	1	4	6.429342735
4	1	8	32	4	6.428156813
4	4	2	32	4	6.418365479
2	1	4	128	4	6.408718305
2	8	4	8	4	6.407487503
64	2	2	8	4	6.394202324
4	2	8	32	4	6.375020856
4	1	8	64	4	6.359445433
4	4	8	2	4	6.325349503
2	1	4	32	4	6.321551698
2	2	4	32	4	6.297796543
4	4	8	4	4	6.266755178
2	1	2	4	4	6.237401057
4	4	8	1	4	6.227916241
2	2	2	2	4	6.219489669
4	4	8	8	4	6.208016692
4	2	8	64	4	6.17895957
2	8	4	16	4	6.175354884
2	2	2	32	4	6.154144973
1	4	1	2	4	6.149538894
1024	1	1	8	4	6.148749846
4	4	2	64	4	6.141382715
2	4	2	16	4	6.121585166
4	8	2	1	4	6.09697661
2	4	4	64	4	6.093431765
4	4	8	16	4	6.058883635
1024	2	1	4	4	6.037688004
8	8	2	1	4	6.029314471
2	8	2	1	4	6.011434525
4	4	8	32	4	5.95998769
2	4	2	1	4	5.947843553
2	1	4	64	4	5.942962506
2	4	2	8	4	5.942156024
1	8	1	1	4	5.927125671
1	4	4	2	4	5.890982117
16	8	2	1	4	5.881603976
1	8	2	4	4	5.877152722
2	4	4	32	4	5.872362083
2	4	2	128	4	5.854943177
64	4	2	4	4	5.845310283
2	4	4	1	4	5.839533675
1	8	2	16	4	5.798453941
4	4	8	64	4	5.756999234
2	4	2	64	4	5.753521709
2	8	4	32	4	5.739182528
2	4	2	32	4	5.736552285
2	8	4	64	4	5.713834131
1	8	2	32	4	5.694069903
1	8	2	64	4	5.660885854
32	8	2	1	4	5.656195207
32	1	1	4	4	5.654261285
32	2	1	2	4	5.61690543
64	1	1	4	4	5.611050622
4	1	4	2	4	5.609181979
1	2	4	64	4	5.607362976
128	1	1	4	4	5.599471565
1	2	4	32	4	5.597587035
1	2	4	4	4	5.597281034
16	1	1	4	4	5.594580998
1	2	4	128	4	5.580880029
64	2	1	2	4	5.573915767
1	2	4	16	4	5.571989943
1	2	4	8	4	5.569277357
16	2	1	2	4	5.561123589
1	8	2	8	4	5.559159649
256	1	1	4	4	5.548685011
128	2	1	2	4	5.537121594
32	4	1	1	4	5.522618533
1	4	4	32	4	5.512242171
64	8	2	1	4	5.505385948
1	4	4	64	4	5.499833772
1	4	4	8	4	5.471266341
256	2	1	2	4	5.46587313
16	4	1	1	4	5.46583981
1	4	4	16	4	5.463941494
64	4	1	1	4	5.461568044
1	8	2	1	4	5.461340535
8	1	1	4	4	5.460257002
1024	4	1	2	4	5.455827475
512	1	1	4	4	5.442201615
1	4	4	4	4	5.43420876
128	4	1	1	4	5.425220631
8	2	1	2	4	5.375364998
512	2	1	2	4	5.316659152
16	8	2	8	4	5.313093227
1	4	4	128	4	5.310649725
8	8	2	4	4	5.303571853
256	4	1	1	4	5.299261327
8	8	2	8	4	5.295960602
128	8	2	1	4	5.293190278
8	1	16	1	4	5.283649864
8	8	2	16	4	5.276544534
8	4	1	1	4	5.26737676
2	8	2	8	4	5.250219655
32	8	2	4	4	5.241648243
16	8	2	4	4	5.234131512
2	2	8	2	4	5.21872813
64	1	2	2	4	5.216090406
4	2	4	1	4	5.205822391
4	1	1	4	4	5.189496247
2	2	8	4	4	5.180866354
128	1	2	2	4	5.175118306
32	1	2	2	4	5.167952455
256	1	2	2	4	5.161716846
2	2	8	8	4	5.151828952
2	32	1	128	4	5.146163864
4	2	8	1	4	5.103385681
1	8	2	2	4	5.091779424
2	2	8	16	4	5.087237018
512	1	2	2	4	5.084122613
4	1	8	2	4	5.063989824
1	1	4	128	4	5.062638291
512	4	1	1	4	5.060009098
2	8	2	16	4	5.059713298
2	1	8	16	4	5.019458599
4	2	1	2	4	4.995507604
8	1	8	1	4	4.994297882
2	1	8	4	4	4.993968082
1	1	4	16	4	4.991844624
64	2	2	1	4	4.991785959
16	1	2	2	4	4.979554101
1	1	4	8	4	4.975535109
1	1	4	64	4	4.971640558
2	1	8	32	4	4.96501704
128	2	2	1	4	4.961198834
1	1	4	32	4	4.954960134
2	2	8	64	4	4.949882938
4	8	2	16	4	4.946797773
4	1	32	4	4	4.940747124
32	8	2	2	4	4.938634361
256	2	2	1	4	4.935645757
2	1	8	128	4	4.932862513
2	1	8	8	4	4.931825511
4	1	32	8	4	4.93121147
32	2	2	1	4	4.919006813
2	8	2	32	4	4.884366882
4	1	32	16	4	4.881782878
2	2	8	32	4	4.881055277
4	4	1	1	4	4.881020597
2	8	2	4	4	4.868072698
4	8	2	8	4	4.866480816
512	2	2	1	4	4.853089556
4	1	16	4	4	4.840650298
4	1	32	32	4	4.829443882
4	1	16	8	4	4.826041837
4	1	32	2	4	4.811871296
128	1	4	1	4	4.804415765
2	1	8	64	4	4.79375063
4	1	16	16	4	4.774633762
64	1	4	1	4	4.768038432
2	1	1	4	4	4.762925764
256	1	4	1	4	4.75942962
16	2	2	1	4	4.750913967
4	1	32	64	4	4.745473279
4	1	16	32	4	4.733907823
2	8	2	2	4	4.729151896
4	8	2	32	4	4.720836164
512	1	4	1	4	4.71823788
1	1	2	4	4	4.705933262
4	1	16	2	4	4.697412169
2	8	2	64	4	4.691936801
4	8	2	4	4	4.669426729
4	1	16	64	4	4.668404687
64	8	2	2	4	4.626132425
1024	1	4	1	4	4.621479179
8	1	2	2	4	4.605608636
32	1	4	1	4	4.582859202
2	4	8	2	4	4.528355763
1	8	4	2	4	4.507962306
2	16	2	1	4	4.491008748
8	2	2	1	4	4.48540282
2	4	8	1	4	4.478961171
2	16	2	2	4	4.476811688
1	2	2	2	4	4.466561786
1024	1	1	4	4	4.452156892
2	4	8	4	4	4.449963889
1	8	4	1	4	4.444091432
8	1	32	2	4	4.424567212
2	2	1	2	4	4.422548969
2	4	8	8	4	4.40975747
4	8	2	2	4	4.401868778
2	16	2	4	4	4.379642266
1	16	2	2	4	4.36187588
8	1	32	4	4	4.358520755
1	1	4	4	4	4.354399331
1	16	2	1	4	4.353864108
1	8	4	4	4	4.345457612
8	1	32	8	4	4.343908894
2	16	2	8	4	4.322480703
1	8	4	8	4	4.318913612
2	4	8	16	4	4.31375765
1	8	4	32	4	4.310814476
16	1	4	1	4	4.29296458
1	8	4	16	4	4.289687817
4	16	2	1	4	4.288069933
2	16	2	16	4	4.28662153
1	16	2	4	4	4.28645697
8	1	32	16	4	4.283016165
4	16	2	2	4	4.277446277
1024	2	1	2	4	4.269482785
8	1	32	1	4	4.267412182
16	8	2	2	4	4.267307462
1	16	2	8	4	4.256891887
4	2	16	2	4	4.255539365
8	1	32	32	4	4.254461564
2	4	8	32	4	4.249217396
1	8	4	64	4	4.221543298
8	8	2	2	4	4.21751099
1	2	4	2	4	4.211820432
2	1	4	2	4	4.210047396
2	4	1	1	4	4.206059093
1	16	2	16	4	4.198228202
1	16	2	32	4	4.191028351
2	16	2	32	4	4.150755292
4	2	16	4	4	4.147785728
1	1	1	4	4	4.141142366
4	2	16	1	4	4.121067129
4	2	16	8	4	4.113889719
4	16	2	4	4	4.112128516
4	16	2	8	4	4.110214313
2	4	8	64	4	4.104677745
4	16	2	16	4	4.064541367
4	2	16	16	4	4.060506921
8	16	2	1	4	4.03968529
4	1	2	2	4	4.035827645
8	16	2	2	4	4.014872054
4	2	16	32	4	4.007072443
1024	4	1	1	4	3.997034948
1	4	2	1	4	3.963527961
4	2	2	1	4	3.943848671
8	16	2	4	4	3.939961105
8	16	2	8	4	3.926638526
4	2	16	64	4	3.901388049
16	16	2	2	4	3.850575655
16	16	2	1	4	3.833171709
16	16	2	4	4	3.808891594
8	1	4	1	4	3.790987168
2	2	4	1	4	3.780349232
2	1	32	4	4	3.766624772
2	1	32	8	4	3.764063208
2	1	32	16	4	3.750756269
32	16	2	2	4	3.743351058
2	1	32	32	4	3.728998957
2	1	16	8	4	3.725485392
2	1	16	4	4	3.721483586
2	1	32	64	4	3.712684374
32	16	2	1	4	3.712179133
2	1	16	16	4	3.693001745
2	1	16	32	4	3.649837322
2	1	32	2	4	3.633039937
2	1	16	64	4	3.627202809
2	1	16	2	4	3.622893643
1	2	1	2	4	3.616666874
2	1	8	2	4	3.611869467
64	16	2	1	4	3.592821959
2	2	8	1	4	3.509509597
1	4	4	1	4	3.428802381
1	2	8	2	4	3.392828474
1	1	8	64	4	3.386467992
1	1	8	128	4	3.379955437
1	1	8	32	4	3.378887836
1	1	8	16	4	3.365544362
1	2	8	128	4	3.350541685
1	2	8	4	4	3.342617819
2	1	2	2	4	3.335630235
1	1	8	8	4	3.335556936
1	2	8	8	4	3.334428753
1	2	8	32	4	3.322495972
1	2	8	16	4	3.32110877
1	2	8	64	4	3.311909593
4	1	8	1	4	3.2920072
2	2	2	1	4	3.283890028
1	1	8	4	4	3.280902166
2	2	16	2	4	3.136326413
2	2	16	4	4	3.094093592
2	2	16	8	4	3.074071642
1	4	1	1	4	3.051797468
2	2	16	16	4	3.045931161
2	2	16	32	4	3.012171832
4	1	4	1	4	3.008801067
4	1	16	1	4	2.989313599
4	1	32	1	4	2.96291596
2	2	16	64	4	2.952056344
2	2	16	1	4	2.946658497
32	1	1	2	4	2.851760958
64	1	1	2	4	2.848178713
64	2	1	1	4	2.838403019
32	2	1	1	4	2.835934615
128	1	1	2	4	2.819730192
16	1	1	2	4	2.817671149
256	1	1	2	4	2.813422502
128	2	1	1	4	2.807203893
1	1	4	2	4	2.801408739
1	4	8	2	4	2.796967126
256	2	1	1	4	2.794287274
512	1	1	2	4	2.792241151
16	2	1	1	4	2.789772068
512	2	1	1	4	2.758638902
1024	1	1	2	4	2.750665891
8	1	1	2	4	2.735975149
1	4	8	8	4	2.691471772
1	4	8	16	4	2.690155161
1	4	8	4	4	2.688914968
1024	2	1	1	4	2.683901353
1	4	8	32	4	2.683074084
8	2	1	1	4	2.682049031
128	1	2	1	4	2.672762257
64	1	2	1	4	2.672703777
1	4	8	64	4	2.648168661
1	4	8	1	4	2.64663704
256	1	2	1	4	2.642836774
32	1	2	1	4	2.632627239
512	1	2	1	4	2.631726917
1024	1	2	1	4	2.59954111
4	1	1	2	4	2.579343721
16	1	2	1	4	2.527074085
1	1	2	2	4	2.507783693
4	2	1	1	4	2.486142785
2	1	1	2	4	2.343832599
8	1	2	1	4	2.336157686
1	2	2	1	4	2.307443655
1	2	4	1	4	2.292531234
1	1	32	64	4	2.273634995
2	1	8	1	4	2.264990143
1	1	32	4	4	2.261756738
1	1	32	16	4	2.261504458
1	1	32	32	4	2.256962731
1	1	32	8	4	2.252433924
1	1	8	2	4	2.25164092
2	1	4	1	4	2.251435359
1	1	16	64	4	2.248134958
1	1	16	4	4	2.232541855
1	1	16	32	4	2.226164806
1	1	16	8	4	2.209948822
1	1	16	16	4	2.20842902
2	2	1	1	4	2.184805106
1	1	32	2	4	2.162989314
1	1	16	2	4	2.13310871
2	1	16	1	4	2.108194154
1	1	1	2	4	2.064295701
2	1	32	1	4	2.060209204
4	1	2	1	4	2.049093228
1	2	8	1	4	2.025583244
1	2	16	2	4	1.778696274
1	2	16	4	4	1.768049498
1	2	16	8	4	1.763221491
1	2	16	16	4	1.747554268
1	2	16	32	4	1.742819421
1	2	1	1	4	1.736773842
1	2	16	64	4	1.717692705
1	2	16	1	4	1.69390491
2	1	2	1	4	1.679077877
64	1	1	1	4	1.436897175
128	1	1	1	4	1.432392169
32	1	1	1	4	1.430919286
1	1	4	1	4	1.428259864
256	1	1	1	4	1.414465982
16	1	1	1	4	1.411405978
512	1	1	1	4	1.410684497
1024	1	1	1	4	1.400640882
8	1	1	1	4	1.367679874
1	1	8	1	4	1.329380364
4	1	1	1	4	1.291707783
1	1	16	1	4	1.250001691
1	1	32	1	4	1.230518506
1	1	2	1	4	1.227015611
2	1	1	1	4	1.167945288
1	1	1	1	4	1
