16	4	1	8	4	39.33578616
8	4	1	8	4	38.04328107
8	8	1	4	4	38.36071233
16	4	1	16	4	77.21807019
32	4	1	8	4	40.29723956
8	8	1	8	4	73.41891145
16	8	1	8	4	76.24492757
16	1	1	32	4	39.66105103
32	1	1	32	4	40.17477138
16	8	1	4	4	38.91834035
8	4	1	16	4	73.81986724
4	8	1	4	4	36.46223797
32	4	1	16	4	79.57464763
8	16	1	4	4	73.88325693
8	16	1	8	4	147.2815508
16	8	1	16	4	152.3252541
32	8	1	4	4	39.69667628
4	16	1	4	4	69.06545671
8	8	1	16	4	145.7745326
32	1	1	64	4	80.9251636
16	16	1	4	4	75.87181103
16	16	1	8	4	151.8463294
4	8	1	8	4	68.20913146
16	1	1	64	4	77.54861868
4	4	1	8	4	35.72121369
32	8	1	8	4	77.89888719
4	16	1	8	4	136.6120224
64	1	1	32	4	40.52490389
64	4	1	8	4	40.57031436
16	4	1	32	4	154.336221
8	32	1	4	4	144.1959783
2	8	1	4	4	32.87130233
8	16	1	16	4	293.9853727
16	32	1	4	4	149.6487022
8	4	1	32	4	148.6773208
32	16	1	4	4	76.90979854
8	32	1	8	4	288.4051485
4	32	1	4	4	128.9046804
2	16	1	4	4	60.19193337
64	8	1	4	4	40.34088882
16	1	1	128	4	154.4786812
2	8	1	8	4	60.46441656
8	4	1	64	4	295.1225383
2	4	1	8	4	31.45192946
8	1	1	32	4	38.73423008
4	32	1	8	4	256.500522
8	8	1	32	4	293.1205474
2	16	1	8	4	114.552525
128	2	16	4	4	113.466577
32	16	1	8	4	128.6875832
64	4	8	4	4	115.6387722
128	4	1	8	4	33.91589265
32	8	1	16	4	129.9839031
256	2	16	4	4	119.8015683
128	2	16	8	4	226.8032467
64	1	1	64	4	68.10623371
16	32	1	8	4	250.5677174
128	4	8	4	4	118.7110235
32	4	8	4	4	108.3500388
32	4	1	32	4	131.8225442
64	4	1	16	4	67.4820812
16	16	1	16	4	253.8209781
64	4	8	8	4	232.8198955
32	4	8	8	4	216.8393282
64	8	1	8	4	66.09057477
256	1	32	4	4	107.6019221
512	1	32	4	4	115.200498
256	1	32	8	4	215.6347064
16	4	1	64	4	256.9680227
64	2	8	4	4	50.62697142
128	1	1	32	4	34.57220921
32	1	1	128	4	133.717061
64	1	8	8	4	48.83727001
256	1	16	4	4	52.08453995
4	16	1	2	4	35.0452179
4	4	1	16	4	68.35695007
128	1	8	8	4	50.45931718
64	1	8	4	4	24.57445383
128	1	16	4	4	49.55711906
32	1	8	4	4	24.36117832
32	4	8	16	4	435.0287983
16	8	1	32	4	254.0047824
2	32	1	4	4	102.4142829
32	2	8	8	4	96.89957689
32	2	8	4	4	48.38310415
4	8	1	16	4	138.2900948
64	2	16	4	4	101.5254604
256	1	8	4	4	26.0626292
128	1	8	4	4	24.80821777
64	1	8	16	4	97.25272861
64	2	8	8	4	100.0772487
32	1	8	8	4	47.02361897
64	2	16	8	4	203.5194008
128	2	8	4	4	50.8860994
128	1	16	8	4	98.07878701
64	16	1	4	4	64.8762222
128	8	1	4	4	33.37013746
256	1	16	8	4	102.8167143
32	2	8	16	4	193.2394858
8	1	1	64	4	73.91272817
128	1	8	16	4	100.9316904
32	2	8	2	4	26.6806617
32	1	8	16	4	92.94139312
8	16	1	2	4	37.2406759
64	1	16	8	4	93.60341489
128	2	8	8	4	101.9068458
128	1	32	4	4	96.4907467
32	32	1	4	4	123.7760449
2	32	1	8	4	203.8103052
64	1	16	4	4	46.1583449
128	1	32	8	4	193.6058023
4	32	1	2	4	65.67317656
32	1	8	32	4	185.5165105
256	1	8	8	4	49.95637484
64	2	8	16	4	199.2218625
1	8	1	8	4	46.31415515
256	2	8	4	4	51.91987091
64	1	16	16	4	186.6320521
64	2	16	16	4	409.8831777
1	4	1	8	4	23.82484856
8	32	1	16	4	478.9319743
32	1	1	16	4	22.4924676
128	1	16	16	4	196.3641583
32	4	8	2	4	55.2092805
2	32	1	2	4	52.95534922
4	16	1	16	4	274.6324084
64	1	16	2	4	25.49880638
32	2	1	8	4	22.37184902
8	32	1	2	4	72.84931542
2	16	1	2	4	30.33538823
64	1	8	32	4	195.3790409
16	1	1	16	4	22.15656751
16	16	1	2	4	38.24620017
1	8	1	4	4	25.50005013
256	2	16	8	4	201.0217571
32	1	8	64	4	375.0282308
512	1	8	4	4	26.2001594
32	2	8	32	4	391.5540229
16	2	8	4	4	44.84008138
16	2	1	8	4	21.94994921
16	2	1	16	4	43.78611385
1	1	1	32	4	24.0955755
32	2	1	16	4	44.63560508
64	2	8	2	4	26.94225809
64	1	1	16	4	22.66341305
1	8	1	16	4	89.78549816
16	2	8	2	4	24.50287013
16	1	8	4	4	22.70783071
1	4	1	16	4	43.88965636
16	4	1	4	4	21.86838309
16	1	8	8	4	43.53840308
16	2	8	8	4	88.43752215
128	1	32	16	4	388.205086
128	4	8	8	4	199.2100985
64	4	8	2	4	58.93478833
16	4	8	2	4	47.08619266
64	2	1	8	4	22.57829052
32	4	1	4	4	22.19884997
1	16	1	4	4	45.1938519
64	1	16	32	4	376.9014296
8	2	1	8	4	21.50369175
16	2	1	32	4	87.50437039
8	4	1	4	4	21.43240725
1	4	1	32	4	86.84227135
8	1	1	128	4	148.2430042
16	4	8	4	4	90.06070492
1	8	1	32	4	177.6051199
512	1	16	4	4	48.91952293
8	8	1	64	4	487.8997594
512	1	32	8	4	192.2904764
16	4	8	8	4	180.1103666
16	2	8	16	4	173.7609254
16	2	8	32	4	355.1718619
8	2	1	16	4	42.08474456
16	1	8	16	4	84.53235806
32	1	16	2	4	22.82561368
128	1	16	2	4	26.58791637
128	2	16	16	4	379.8466499
8	1	1	16	4	21.79821378
128	1	32	2	4	49.52271781
64	2	16	2	4	52.44081286
32	1	16	4	4	42.34360734
16	4	8	16	4	361.2586868
8	16	1	32	4	490.5017832
1	4	1	64	4	170.968322
16	1	8	32	4	168.9140823
128	2	16	2	4	58.16446281
32	2	16	2	4	45.30273366
128	1	1	16	4	22.74407476
64	4	1	4	4	22.4266707
16	2	1	64	4	175.1443194
64	2	1	16	4	45.1232882
32	1	16	8	4	83.02894387
1	1	1	64	4	41.63825962
32	2	1	32	4	89.34402467
128	2	8	2	4	28.16382547
16	32	1	2	4	75.82554376
8	2	1	32	4	84.02224171
32	2	16	4	4	86.33098788
16	1	8	64	4	340.2710002
32	1	16	16	4	165.5015653
128	2	1	8	4	22.70666111
32	2	16	8	4	173.0241443
1	16	1	8	4	84.50470922
16	2	8	64	4	714.1632213
256	4	8	4	4	99.49109467
512	2	16	4	4	100.3956456
1	8	1	64	4	345.9939597
256	1	32	2	4	54.99297899
256	2	16	2	4	61.41686675
4	4	1	4	4	20.19945665
32	1	16	32	4	334.3124235
256	1	16	2	4	27.12211835
32	16	1	2	4	38.77108613
64	4	8	16	4	388.9182711
256	1	32	16	4	359.7310645
8	4	1	128	4	490.4369791
32	2	16	16	4	346.7180216
1	16	1	16	4	165.7280737
1024	1	32	4	4	98.37696065
8	2	1	64	4	168.0865211
128	4	8	2	4	60.52330465
256	1	16	16	4	172.9223481
128	4	1	4	4	22.54588847
16	4	8	32	4	724.9917611
1	16	1	32	4	328.4341549
64	1	32	2	4	41.61716908
256	2	8	8	4	86.33209628
4	32	1	16	4	520.0461263
32	1	16	64	4	667.1983409
512	1	32	2	4	58.88709306
32	32	1	2	4	74.88399399
4	2	1	8	4	20.2344427
16	1	8	128	4	685.3281873
512	2	16	2	4	61.30595859
128	4	1	16	4	50.67423829
512	1	16	2	4	26.53398549
16	8	1	2	4	19.67710709
8	8	1	2	4	19.37254145
128	2	8	16	4	172.9745042
1	16	1	64	4	650.3290123
64	1	32	4	4	79.67868098
256	4	8	2	4	60.12373607
64	1	32	8	4	159.7540609
256	2	8	2	4	28.7327347
128	8	1	8	4	49.9265976
256	4	1	8	4	25.55942847
1	16	1	2	4	21.77716775
32	2	16	32	4	694.3976325
32	4	8	32	4	727.1902043
256	1	8	16	4	83.89631233
64	1	32	16	4	320.2116509
32	8	1	2	4	19.93818667
128	1	8	32	4	167.9895529
512	1	16	8	4	82.95507536
64	16	1	8	4	97.82274624
1	8	1	128	4	661.6917382
128	1	16	32	4	329.9806132
4	8	1	2	4	18.53796263
32	16	1	16	4	193.1102176
64	2	8	32	4	341.6206661
1	1	1	128	4	77.52421159
512	1	8	8	4	42.40123743
64	16	1	2	4	39.11917864
512	2	8	2	4	28.02036566
8	2	1	128	4	335.0260845
1	4	1	128	4	317.9585727
16	32	1	16	4	377.3044662
1024	1	32	2	4	59.96776424
1	16	1	128	4	1303.828597
128	1	8	2	4	18.32941993
64	2	16	32	4	683.0128519
64	1	8	2	4	17.91764533
32	32	1	8	4	184.9230056
4	4	1	32	4	138.6907378
512	2	8	4	4	43.5471207
256	1	8	2	4	18.62281995
64	1	32	32	4	639.9169051
32	2	8	64	4	651.8994065
64	8	1	2	4	20.08753529
1024	1	16	2	4	26.8137447
4	4	1	64	4	276.1658107
4	8	1	32	4	278.3438539
256	1	1	32	4	26.07992843
64	8	1	16	4	98.64884544
64	1	8	64	4	323.0802351
32	4	1	64	4	198.8472499
2	1	1	16	4	18.88178829
2	4	1	4	4	17.70666822
256	4	1	16	4	51.33912966
128	1	1	64	4	51.72262302
4	16	1	32	4	546.4922489
32	1	8	2	4	17.281008
1024	1	8	4	4	22.35127899
128	1	32	32	4	648.6961259
1	32	1	2	4	37.0307936
64	1	1	128	4	101.9414374
2	2	1	8	4	17.92702934
512	1	8	2	4	18.77635058
4	1	1	16	4	20.80483434
128	8	1	16	4	99.60548444
128	16	1	8	4	98.57433773
256	8	1	8	4	50.49977723
256	1	1	16	4	19.02459174
256	2	1	8	4	18.93243801
128	2	1	16	4	37.76232506
64	4	1	32	4	100.4965645
32	8	1	32	4	194.7254919
64	32	1	2	4	62.97166862
256	8	1	4	4	25.11748902
4	8	1	64	4	553.9252037
128	16	1	2	4	32.74777335
1	32	1	4	4	71.37348887
16	8	1	64	4	380.2150064
32	2	1	64	4	148.6593688
256	2	16	16	4	302.8886936
128	8	1	2	4	20.20588266
128	16	1	4	4	49.32804713
1024	1	16	4	4	40.465125
16	1	16	2	4	17.50353832
64	2	1	32	4	75.14618877
2	8	1	2	4	16.67836392
4	4	1	128	4	547.3593861
64	32	1	8	4	191.1874468
16	1	16	4	4	33.13296671
256	4	8	8	4	149.2679697
1	32	1	8	4	138.8610917
64	16	1	16	4	195.6820493
2	4	1	16	4	59.98573667
32	32	1	16	4	370.8863448
1	32	1	16	4	276.9984719
16	1	16	8	4	65.40677257
512	2	16	8	4	150.4819074
64	32	1	4	4	95.03971298
16	4	1	128	4	384.5230847
512	4	1	8	4	25.70299708
16	16	1	32	4	380.0851262
1024	2	16	2	4	51.58844522
128	4	8	16	4	299.3052244
512	1	32	16	4	288.5820168
256	4	1	4	4	18.87055112
512	4	8	2	4	50.40231269
4	1	1	32	4	37.09032768
4	2	1	16	4	39.65603262
1	32	1	32	4	554.6902048
1024	1	8	2	4	18.92348239
1024	1	32	8	4	147.2390507
16	2	1	128	4	291.3759369
16	1	16	16	4	127.3379173
128	4	1	32	4	101.2037928
16	4	8	64	4	1210.421757
2	8	1	16	4	121.5821985
16	1	16	32	4	255.4324445
32	1	4	32	4	60.95545888
1	32	1	64	4	1118.750619
16	1	8	2	4	15.74561336
16	2	16	2	4	32.44700211
1	1	1	16	4	15.75582697
32	1	4	16	4	29.78951744
16	1	16	64	4	511.9040664
32	1	4	8	4	14.59548688
256	1	1	64	4	51.91135049
32	1	4	64	4	120.184538
16	1	4	16	4	28.64980857
16	2	16	4	4	62.31081646
16	1	4	8	4	14.40947261
128	2	16	32	4	570.6632921
16	1	4	32	4	57.52387468
8	16	1	64	4	734.3225307
512	1	1	32	4	26.07498482
64	8	1	32	4	198.1407289
16	2	16	8	4	123.2535729
256	2	8	16	4	129.2521269
16	1	4	64	4	115.3198722
1024	2	8	2	4	22.85252132
16	2	16	16	4	246.7886118
64	1	4	8	4	14.07617216
128	1	1	128	4	104.4147302
32	1	32	2	4	29.82556429
64	1	4	32	4	58.70081359
512	4	8	4	4	75.71049439
512	2	8	8	4	65.68038457
8	8	1	128	4	729.3664115
1024	2	16	4	4	76.68224981
64	1	4	16	4	28.23304277
256	16	1	4	4	49.48260455
1	2	1	16	4	27.79674053
1	2	1	8	4	14.58001253
16	2	16	32	4	492.8940947
128	32	1	4	4	96.69284299
32	16	1	32	4	386.5392196
64	1	4	4	4	13.6776263
1	2	1	32	4	55.30288573
32	1	4	4	4	13.61503221
512	1	8	16	4	63.35690278
64	4	8	32	4	582.3656332
512	1	16	16	4	125.8149327
4	16	1	64	4	909.4871821
32	4	1	128	4	396.7784026
128	1	4	4	4	13.77626997
8	32	1	32	4	719.7847895
1	2	1	64	4	109.7080774
256	1	16	32	4	255.2536042
32	1	32	4	4	57.50263825
2	2	1	16	4	34.87846806
32	8	1	64	4	388.5753466
256	1	8	32	4	127.4917403
16	1	4	4	4	13.28760901
128	1	4	16	4	27.94133594
256	1	4	4	4	13.73115394
128	1	4	8	4	13.50552757
16	2	16	64	4	982.7378409
16	32	1	32	4	754.8444847
1024	1	16	8	4	62.82514881
64	4	1	64	4	201.4957858
32	1	32	8	4	113.4968235
4	32	1	32	4	861.3429759
512	8	1	4	4	25.42967068
128	2	8	32	4	255.133856
32	4	8	64	4	1090.646722
32	1	32	16	4	226.9476789
64	2	8	64	4	515.4153195
16	16	1	64	4	759.6839157
128	1	8	64	4	250.4368852
8	1	4	8	4	12.9587517
32	1	32	32	4	453.2824729
16	2	4	4	4	12.71054521
1	32	1	1	4	19.1345003
64	2	16	1	4	26.43243414
256	1	4	8	4	13.46111603
8	1	4	16	4	25.32492333
1024	1	8	8	4	32.46903414
32	4	8	1	4	28.09709017
2	1	1	32	4	34.39765587
4	8	1	128	4	911.1881366
256	8	1	2	4	16.93332349
16	2	4	16	4	50.204378
16	8	1	128	4	762.7488842
16	2	4	8	4	24.99603405
128	1	32	1	4	25.34064495
1	4	1	4	4	13.37166808
32	2	4	4	4	12.55037982
256	16	1	2	4	24.45852726
16	2	4	32	4	100.7865442
32	2	8	1	4	17.73073345
16	4	8	1	4	24.1413612
64	2	8	1	4	18.38498961
4	2	1	32	4	79.17139344
32	2	4	8	4	24.73815047
64	2	4	4	4	12.62677793
256	1	32	1	4	27.79686293
8	1	4	32	4	51.05537884
256	2	1	16	4	28.47435472
512	1	4	4	4	13.39429165
128	2	16	1	4	29.0102567
64	1	16	1	4	17.51944355
64	2	4	8	4	25.07366976
1	8	1	2	4	13.01259806
8	2	4	4	4	12.33522751
16	16	1	1	4	19.75927841
64	2	4	16	4	51.85114321
64	4	8	1	4	29.59956596
32	2	16	1	4	22.88414817
4	1	1	128	4	140.468648
64	2	4	2	4	12.32442705
32	2	4	16	4	48.9657426
128	1	16	1	4	18.38728121
64	1	32	1	4	21.08291394
128	32	1	2	4	47.64222267
128	2	4	2	4	12.52354426
4	2	1	128	4	306.8698275
32	2	4	2	4	12.14354747
1024	2	8	4	4	33.1933168
128	2	8	1	4	18.45625371
1	2	1	128	4	204.8672369
8	32	1	1	4	36.64094223
32	2	4	32	4	99.43885019
8	2	4	8	4	23.81173072
4	32	1	1	4	33.71416356
4	16	1	1	4	18.39623682
16	2	4	2	4	12.00322654
8	16	1	1	4	19.48228001
8	1	4	64	4	101.5243112
8	2	4	16	4	47.46211761
16	2	4	64	4	196.9327072
1	32	1	128	4	1858.117669
256	1	16	1	4	18.61941995
128	2	4	4	4	12.23053115
8	1	4	4	4	12.05367038
512	1	1	16	4	14.29341684
256	2	4	4	4	12.61516011
16	2	8	1	4	15.93958364
4	2	1	64	4	155.4117106
8	2	4	32	4	93.8875669
16	2	16	1	4	16.09021746
512	2	1	8	4	14.27073881
2	1	1	128	4	126.5097353
256	2	4	2	4	12.26249528
32	1	16	1	4	15.53490145
2	1	1	64	4	65.54852072
128	2	4	8	4	24.28528341
8	2	4	64	4	189.5321204
4	1	1	64	4	73.13167903
128	2	1	32	4	56.71272189
2	16	1	16	4	235.5273194
32	1	1	8	4	11.27724524
64	1	1	8	4	11.3428021
2	32	1	1	4	27.12679675
16	1	1	8	4	11.28389089
64	2	1	64	4	113.0408284
256	2	8	1	4	18.5882895
32	2	1	128	4	223.8336824
32	2	1	4	4	11.24810448
16	2	1	4	4	11.21645995
32	1	32	1	4	14.85179966
64	2	1	4	4	11.34019634
512	1	16	1	4	18.82157744
128	1	1	8	4	11.39174789
512	1	32	1	4	29.64569043
16	4	1	2	4	11.04928987
128	4	8	1	4	30.31674261
8	1	1	8	4	11.10382119
32	16	1	1	4	20.01406118
8	2	4	2	4	11.3030778
1024	4	8	2	4	38.22871734
128	2	1	4	4	11.37112142
32	4	1	2	4	11.09586586
8	2	1	4	4	10.96639571
2	16	1	1	4	16.16037996
64	4	1	2	4	11.20778382
512	2	1	16	4	28.54631242
256	1	1	8	4	11.40010714
512	4	1	4	4	14.20378591
8	16	1	128	4	1470.935985
512	2	16	1	4	30.6576271
8	4	1	2	4	10.76565194
512	2	4	2	4	12.1548518
8	32	1	64	4	1448.769312
1	16	1	1	4	11.97756806
256	2	16	1	4	30.52872611
256	2	1	4	4	11.39963318
128	4	1	2	4	11.26744847
256	2	1	32	4	56.94309263
16	32	1	1	4	38.46046168
16	1	32	2	4	23.85567238
512	2	8	1	4	18.6546916
2	32	1	16	4	412.2491051
256	4	8	1	4	30.02339018
4	2	4	4	4	10.84763082
4	2	4	8	4	21.01288064
1024	2	16	1	4	31.02025123
1024	1	1	16	4	14.31200807
32	4	4	1	4	10.6439338
512	4	8	1	4	30.40274913
16	4	4	1	4	10.58933856
1024	1	32	1	4	30.48149325
1024	1	16	1	4	18.93561361
2	4	1	32	4	122.6648009
1024	2	1	8	4	14.28134682
4	2	1	4	4	10.37350897
4	2	4	16	4	41.93848995
128	2	1	64	4	113.4873035
4	1	1	8	4	10.67820585
256	4	1	2	4	11.30867353
64	4	4	4	4	20.84310479
64	32	1	1	4	38.29902264
2	2	1	32	4	69.7505169
64	4	4	1	4	10.52687095
16	1	2	8	4	10.07379173
4	4	1	2	4	10.12324548
16	1	32	4	4	45.77988355
16	1	32	8	4	91.03376594
128	1	8	1	4	10.20042423
8	1	2	8	4	10.16161658
2	8	1	32	4	246.0444868
64	1	8	1	4	10.06847616
8	1	2	32	4	40.2604855
8	1	2	16	4	19.81500449
256	1	8	1	4	10.16516958
16	1	2	32	4	39.44571512
1024	2	8	1	4	18.49917537
32	32	1	1	4	38.0602539
128	4	4	1	4	10.51447453
16	1	32	1	4	11.77801837
64	16	1	1	4	20.35522448
64	4	4	2	4	10.12457964
16	1	32	16	4	180.0306705
32	4	4	4	4	19.74144879
16	1	2	16	4	19.44398915
64	2	1	128	4	225.9216934
16	8	1	1	4	9.959852803
128	16	1	1	4	20.46937625
16	2	2	4	4	9.803381175
2	8	1	64	4	484.0034217
16	1	32	32	4	359.4686521
512	1	8	1	4	10.23253728
16	1	2	64	4	78.09740668
8	4	4	1	4	10.21655998
8	2	2	4	4	9.810843505
32	4	4	16	4	79.51523594
16	1	32	64	4	717.9655829
8	8	1	1	4	9.783227985
2	1	1	8	4	9.861716322
32	8	1	1	4	9.957082479
16	1	16	1	4	11.89844247
2	2	1	64	4	138.1230254
32	1	2	8	4	9.59454471
4	1	4	16	4	19.72293236
1024	4	8	1	4	25.52544882
32	2	2	4	4	9.614769299
128	32	1	1	4	32.57004149
2	8	1	128	4	950.0081012
2	4	1	64	4	237.973895
256	4	4	1	4	10.45100936
128	4	4	4	4	19.89398661
16	4	4	4	4	18.84850548
8	4	4	4	4	18.91332998
64	8	1	1	4	10.05066422
8	1	2	64	4	78.19540842
2	4	1	128	4	462.9823471
2	2	1	128	4	262.3874266
32	4	4	8	4	38.14372402
64	4	4	8	4	39.30383971
8	1	8	8	4	18.9256924
8	1	8	4	4	9.729398427
16	4	4	16	4	75.61900706
4	2	2	4	4	9.755239144
128	4	4	2	4	9.858587055
32	1	2	32	4	37.57701119
32	4	4	2	4	9.413458406
8	2	8	2	4	9.705704472
32	1	8	1	4	9.585336817
4	1	2	16	4	19.2702421
4	1	4	8	4	10.34370248
16	4	4	2	4	9.404180472
32	1	2	16	4	18.56836547
8	4	4	8	4	37.32907603
8	4	4	2	4	9.517255797
4	16	1	128	4	1354.880216
8	4	4	16	4	74.85050394
32	2	2	2	4	9.282782615
8	1	8	16	4	37.58812921
16	4	4	8	4	37.13023694
8	4	4	32	4	152.0558377
4	2	4	32	4	83.97378484
64	2	2	4	4	9.494347244
1024	4	1	4	4	14.17457987
1024	1	8	1	4	10.259993
64	2	2	2	4	9.240406314
8	2	8	4	4	18.62918476
4	1	2	8	4	9.935074247
8	1	8	32	4	75.13995316
8	1	2	128	4	157.5331777
2	2	1	4	4	9.401219068
4	32	1	64	4	1288.933175
128	8	1	1	4	10.11627683
4	4	4	4	4	18.47681694
32	1	2	4	4	9.164423003
4	1	4	32	4	39.73135633
4	1	2	32	4	38.75732971
16	2	2	2	4	9.077227156
16	1	2	4	4	9.13473212
4	8	1	1	4	9.318530268
256	16	1	1	4	16.91634387
128	2	2	4	4	9.480194383
8	2	8	8	4	36.75407399
4	4	4	8	4	36.74607038
16	4	4	32	4	149.1508735
128	2	2	2	4	9.187857197
4	2	4	64	4	167.1096997
64	1	2	8	4	9.055478004
2	16	1	32	4	469.6804929
2	2	2	4	4	9.719481292
4	2	4	2	4	9.454509386
4	4	4	2	4	9.444724172
2	16	1	64	4	920.9899429
64	1	2	4	4	9.064523377
2	1	2	8	4	9.717808036
2	1	2	16	4	18.67987333
8	2	8	16	4	72.47128927
8	1	8	64	4	148.5689286
128	1	4	2	4	8.903031982
4	4	4	16	4	72.65679354
8	2	8	32	4	146.080057
64	1	4	2	4	8.839747009
2	32	1	32	4	818.7794019
4	1	4	4	4	9.585701977
64	1	2	16	4	17.84845523
256	4	4	2	4	9.662006928
128	1	2	4	4	9.015961786
512	1	1	8	4	9.508232184
8	2	8	64	4	294.4236333
256	2	2	2	4	9.163052801
4	1	2	128	4	161.136231
256	1	2	4	4	9.10759328
512	4	4	1	4	10.38144934
256	1	4	2	4	8.881713951
32	1	4	2	4	8.686575426
4	4	4	32	4	147.0394704
8	2	2	2	4	8.739050423
4	4	2	2	4	8.77814776
512	2	1	4	4	9.505882101
16	8	4	2	4	17.46547867
8	8	4	2	4	17.58177244
2	4	1	2	4	8.861670241
8	1	2	4	4	8.754247765
16	4	2	1	4	8.750522039
16	8	4	1	4	8.746857514
4	4	4	64	4	299.679633
16	8	4	4	4	34.75717628
4	1	4	128	4	158.409359
256	8	1	1	4	10.14416707
32	8	4	2	4	17.42315541
8	2	2	32	4	34.04295764
16	8	4	8	4	69.56110943
512	1	4	2	4	8.861526081
512	8	1	2	4	12.75585028
32	4	2	1	4	8.599455739
8	4	2	2	4	8.535999407
1	2	2	128	4	140.3868847
8	4	8	2	4	17.77109831
8	8	4	1	4	8.719905675
32	8	4	4	4	34.78747032
8	8	4	4	4	34.4960695
4	1	2	64	4	77.82076187
4	2	2	8	4	8.624825216
8	2	2	8	4	8.463905701
32	8	4	1	4	8.6551179
8	8	4	8	4	69.01064863
32	8	4	8	4	69.68974522
16	8	4	16	4	139.2934431
16	1	8	1	4	8.73706346
8	2	2	16	4	16.58946059
8	4	2	1	4	8.534277644
2	1	2	32	4	37.83844793
8	8	4	16	4	138.0860333
8	4	8	1	4	8.845453578
1	2	2	64	4	67.20273617
2	4	4	2	4	8.891306045
8	1	16	2	4	9.022471436
64	4	2	1	4	8.427870409
16	1	4	2	4	8.338901119
4	1	4	64	4	80.61222034
8	4	8	4	4	34.4293138
16	2	2	32	4	32.79438742
64	2	4	1	4	8.246048344
16	4	2	2	4	8.239975255
8	1	16	4	4	17.25268596
1	2	2	32	4	32.78606853
4	8	4	2	4	16.96717394
1	1	1	8	4	8.538820669
8	1	16	8	4	34.34247768
64	8	4	2	4	17.03815244
128	2	4	1	4	8.282375357
64	8	4	4	4	34.16679262
4	4	4	1	4	8.837571006
16	2	2	8	4	8.122668284
1024	1	4	2	4	8.919451286
8	2	2	64	4	66.08146275
2	2	4	4	4	8.658723265
8	4	8	8	4	68.11499212
256	2	4	1	4	8.388591512
128	4	2	1	4	8.391796356
8	1	8	2	4	8.67545877
4	8	4	1	4	8.542313216
8	8	4	32	4	276.6777834
16	2	2	16	4	16.02619537
8	4	8	16	4	136.1756998
8	1	16	16	4	68.13432455
64	8	4	1	4	8.41486607
2	8	1	1	4	8.360669311
1	2	2	16	4	16.08307436
8	4	8	32	4	272.6851576
32	2	4	1	4	8.030062349
2	4	2	2	4	8.322888456
2	2	4	8	4	16.49806166
4	2	2	16	4	16.10128108
4	8	4	4	4	33.16930596
512	4	1	2	4	9.455959828
128	1	2	8	4	8.108625583
8	1	16	32	4	136.8047279
4	2	2	32	4	32.82384506
32	4	2	2	4	8.007901116
2	2	2	8	4	8.417881874
512	2	4	1	4	8.45586197
4	8	4	8	4	65.5640772
2	4	4	8	4	32.60667314
1	4	2	128	4	261.9952329
256	4	2	1	4	8.383015503
4	8	4	16	4	131.0311863
128	4	2	2	4	8.227215716
128	8	4	2	4	16.87644141
64	4	2	2	4	8.038407321
1	2	2	8	4	8.370551951
2	4	4	4	4	16.08892546
128	8	4	1	4	8.358375668
8	2	8	1	4	8.303115387
8	1	16	64	4	270.3382022
4	2	2	64	4	65.41704059
16	2	4	1	4	7.769823249
2	1	2	128	4	151.8510214
2	2	4	16	4	32.95188925
4	2	2	2	4	7.884486377
4	1	2	4	4	7.939569177
1	1	2	32	4	30.78058488
1	1	2	64	4	61.49742894
32	2	2	8	4	7.554817816
1	4	2	64	4	122.9705448
1	1	2	16	4	15.24292695
32	2	2	16	4	15.13719607
4	8	4	32	4	262.3696786
8	2	16	2	4	16.51192688
4	32	1	128	4	2597.241347
4	4	2	1	4	7.744693813
1	2	1	4	4	7.85721982
2	1	2	64	4	76.71170195
2	4	4	16	4	64.54595252
2	16	1	128	4	1514.273128
1	1	2	8	4	7.895238058
8	1	4	2	4	7.625055118
1	4	2	32	4	59.47676891
1	2	2	4	4	8.029161162
4	2	2	128	4	131.6144775
1024	2	4	1	4	8.501141196
2	2	2	16	4	16.16241997
8	2	16	1	4	8.159777298
8	2	16	4	4	32.0249119
8	2	16	8	4	63.67872005
256	8	4	1	4	8.321208173
2	32	1	64	4	1368.300307
1	4	2	4	4	7.698036534
1	4	2	16	4	28.82363476
8	2	16	16	4	125.7937166
2	2	2	128	4	131.7863138
8	2	16	32	4	251.7696191
1	1	2	128	4	118.402941
2	1	4	8	4	7.880371011
1	4	2	8	4	14.05853214
2	1	4	16	4	14.74035429
8	4	2	16	4	27.50580891
16	4	2	4	4	6.865372971
8	4	2	8	4	13.56412598
8	2	4	1	4	7.087853655
2	8	4	2	4	14.53222639
8	4	2	32	4	54.50972948
32	4	2	8	4	13.68037351
4	2	8	4	4	14.04618208
4	4	2	16	4	26.97409573
4	2	8	8	4	28.01565325
32	4	2	4	4	6.790836702
2	4	2	4	4	6.90612339
1	4	2	2	4	7.361547316
16	4	2	16	4	26.93101767
2	2	4	2	4	7.26277439
2	2	4	128	4	268.6786598
8	4	2	4	4	6.697860166
2	2	2	64	4	64.67798151
4	4	2	4	4	6.713100349
2	8	4	1	4	7.31751175
4	2	8	2	4	7.262403789
4	1	8	8	4	13.68695116
4	2	8	16	4	55.73260246
16	4	2	8	4	13.19856561
4	1	8	4	4	7.155836074
4	1	8	16	4	27.25356254
2	2	4	64	4	135.0978098
4	4	2	8	4	13.11201168
2	8	4	4	4	28.08426535
2	1	4	4	4	7.247532848
512	8	1	1	4	8.489921179
4	1	8	32	4	54.81212592
4	4	2	32	4	53.13339387
2	1	4	128	4	120.9355107
2	8	4	8	4	55.87478387
64	2	2	8	4	6.614457365
4	2	8	32	4	111.7330777
4	1	8	64	4	110.4881931
4	4	8	2	4	13.98020838
2	1	4	32	4	29.75563299
2	2	4	32	4	67.29623693
4	4	8	4	4	27.46777645
2	1	2	4	4	6.792463847
4	4	8	1	4	7.051644282
2	2	2	2	4	6.726079527
4	4	8	8	4	54.44267458
4	2	8	64	4	222.0690118
2	8	4	16	4	110.6144353
2	2	2	32	4	32.05883715
1	4	1	2	4	6.718035178
1024	1	1	8	4	7.137499847
4	4	2	64	4	103.8972291
2	4	2	16	4	25.83518927
4	8	2	1	4	6.345132092
2	4	4	64	4	261.0064126
4	4	8	16	4	107.6180381
1024	2	1	4	4	7.130363917
8	8	2	1	4	6.189280625
2	8	2	1	4	6.421281323
4	4	8	32	4	215.0564336
2	4	2	1	4	6.510929254
2	1	4	64	4	60.37497603
2	4	2	8	4	12.12408992
1	8	1	1	4	6.512045038
1	4	4	2	4	6.808926583
16	8	2	1	4	6.013492208
1	8	2	4	4	12.38617856
2	4	4	32	4	131.6947516
2	4	2	128	4	227.1702432
64	4	2	4	4	6.080987747
2	4	4	1	4	6.664980078
1	8	2	16	4	48.86829716
4	4	8	64	4	429.9128789
2	4	2	64	4	104.7201051
2	8	4	32	4	221.7539673
2	4	2	32	4	51.95535336
2	8	4	64	4	443.3865545
1	8	2	32	4	96.50311138
1	8	2	64	4	193.3887201
32	8	2	1	4	5.820123046
32	1	1	4	4	5.714630413
32	2	1	2	4	5.686647012
64	1	1	4	4	5.673421673
4	1	4	2	4	6.154924935
1	2	4	64	4	95.1017674
128	1	1	4	4	5.691045258
1	2	4	32	4	47.33690284
1	2	4	4	4	6.260335165
16	1	1	4	4	5.686166931
1	2	4	128	4	191.3050499
64	2	1	2	4	5.660041973
1	2	4	16	4	23.53739977
1	2	4	8	4	11.74189239
16	2	1	2	4	5.636602339
1	8	2	8	4	23.38186
256	1	1	4	4	5.696577066
128	2	1	2	4	5.67885692
32	4	1	1	4	5.611241022
1	4	4	32	4	96.36478623
64	8	2	1	4	5.751898547
1	4	4	64	4	192.4679987
1	4	4	8	4	24.02777322
256	2	1	2	4	5.689356136
16	4	1	1	4	5.549167811
1	4	4	16	4	47.60149123
64	4	1	1	4	5.600520126
1	8	2	1	4	6.170886598
8	1	1	4	4	5.580209857
1024	4	1	2	4	7.088454096
512	1	1	4	4	5.699677871
1	4	4	4	4	11.98428987
128	4	1	1	4	5.635405537
8	2	1	2	4	5.488679003
512	2	1	2	4	5.69943987
16	8	2	8	4	21.73210409
1	4	4	128	4	381.0268337
8	8	2	4	4	10.75887709
256	4	1	1	4	5.649243557
8	8	2	8	4	21.50024415
128	8	2	1	4	5.644672591
8	1	16	1	4	6.104310421
8	8	2	16	4	43.15386252
8	4	1	1	4	5.374759117
2	8	2	8	4	21.51409577
32	8	2	4	4	10.85679451
16	8	2	4	4	10.67334996
2	2	8	2	4	5.999469908
64	1	2	2	4	5.278083376
4	2	4	1	4	5.706502361
4	1	1	4	4	5.379050603
2	2	8	4	4	11.29516871
128	1	2	2	4	5.248307493
32	1	2	2	4	5.23992988
256	1	2	2	4	5.271827367
2	2	8	8	4	22.45510154
2	32	1	128	4	2047.986186
4	2	8	1	4	5.817961323
1	8	2	2	4	5.586380412
2	2	8	16	4	44.70232678
512	1	2	2	4	5.276010053
4	1	8	2	4	5.787901879
1	1	4	128	4	84.79876946
512	4	1	1	4	5.653182123
2	8	2	16	4	41.72845805
2	1	8	16	4	21.51461937
4	2	1	2	4	5.190869169
8	1	8	1	4	5.499350939
2	1	8	4	4	5.689770256
1	1	4	16	4	10.24157406
64	2	2	1	4	5.068547871
16	1	2	2	4	5.085599575
1	1	4	8	4	5.515183278
1	1	4	64	4	40.95133498
2	1	8	32	4	43.49510742
128	2	2	1	4	5.063694703
1	1	4	32	4	20.35377731
2	2	8	64	4	182.0360614
4	8	2	16	4	40.3972269
4	1	32	4	4	10.9170188
32	8	2	2	4	5.092282625
256	2	2	1	4	5.110249611
2	1	8	128	4	175.3849717
2	1	8	8	4	10.69798028
4	1	32	8	4	21.76101093
32	2	2	1	4	4.988221393
2	8	2	32	4	82.41697017
4	1	32	16	4	43.08809283
2	2	8	32	4	90.06776333
4	4	1	1	4	5.052758248
2	8	2	4	4	9.945106981
4	8	2	8	4	19.78369045
512	2	2	1	4	5.139160534
4	1	16	4	4	10.71421666
4	1	32	32	4	85.94952092
4	1	16	8	4	21.34063432
4	1	32	2	4	5.597985083
128	1	4	1	4	4.881421798
2	1	8	64	4	87.52446442
4	1	16	16	4	42.16484868
64	1	4	1	4	4.833449088
2	1	1	4	4	5.000875597
256	1	4	1	4	4.855173759
16	2	2	1	4	4.837572614
4	1	32	64	4	171.5672422
4	1	16	32	4	84.17962794
2	8	2	2	4	4.916722009
4	8	2	32	4	78.47382802
512	1	4	1	4	4.872354664
1	1	2	4	4	5.178580933
4	1	16	2	4	5.484445317
2	8	2	64	4	162.504393
4	8	2	4	4	9.466492363
4	1	16	64	4	168.025729
64	8	2	2	4	4.822637752
1024	1	4	1	4	4.872685145
8	1	2	2	4	4.786588859
32	1	4	1	4	4.66376232
2	4	8	2	4	10.43091193
1	8	4	2	4	10.36046208
2	16	2	1	4	4.699967613
8	2	2	1	4	4.630872032
2	4	8	1	4	5.379480364
2	16	2	2	4	9.291900749
1	2	2	2	4	4.969313719
1024	1	1	4	4	4.757712617
2	4	8	4	4	20.32374043
1	8	4	1	4	5.24549462
8	1	32	2	4	10.4003622
2	2	1	2	4	4.680136744
2	4	8	8	4	40.49604465
4	8	2	2	4	4.503236526
2	16	2	4	4	18.14764206
1	16	2	2	4	9.425077583
8	1	32	4	4	20.55574317
1	1	4	4	4	4.933522794
1	16	2	1	4	4.757926138
1	8	4	4	4	19.79026962
8	1	32	8	4	41.011125
2	16	2	8	4	35.8682639
1	8	4	8	4	39.48190024
2	4	8	16	4	80.58676791
1	8	4	32	4	157.4720391
16	1	4	1	4	4.434989587
1	8	4	16	4	78.60830891
4	16	2	1	4	4.400388416
2	16	2	16	4	71.74056701
1	16	2	4	4	18.46388332
8	1	32	16	4	81.44816596
4	16	2	2	4	8.754902606
1024	2	1	2	4	4.749583205
8	1	32	1	4	5.20515259
16	8	2	2	4	4.337019804
1	16	2	8	4	36.66770027
4	2	16	2	4	9.860281617
8	1	32	32	4	163.1385619
2	4	8	32	4	161.5226755
1	8	4	64	4	311.4719284
8	8	2	2	4	4.283840326
1	2	4	2	4	4.868689026
2	1	4	2	4	4.730751355
2	4	1	1	4	4.439546953
1	16	2	16	4	72.43994803
1	16	2	32	4	144.9994674
2	16	2	32	4	143.5939054
4	2	16	4	4	19.23781285
1	1	1	4	4	4.403949767
4	2	16	1	4	4.957409868
4	2	16	8	4	38.36914435
4	16	2	4	4	16.83455335
4	16	2	8	4	33.70105314
2	4	8	64	4	318.7401968
4	16	2	16	4	67.43211472
4	2	16	16	4	76.14971384
8	16	2	1	4	4.118588525
4	1	2	2	4	4.309939444
8	16	2	2	4	8.173357598
4	2	16	32	4	152.4269823
1024	4	1	1	4	4.710717749
1	4	2	1	4	4.596705321
4	2	2	1	4	4.165520834
8	16	2	4	4	16.05304861
8	16	2	8	4	32.10954482
4	2	16	64	4	301.2603633
16	16	2	2	4	7.858046578
16	16	2	1	4	3.914658268
16	16	2	4	4	15.55045987
8	1	4	1	4	4.017872899
2	2	4	1	4	4.277040316
2	1	32	4	4	8.662531271
2	1	32	8	4	17.25866997
2	1	32	16	4	34.30190882
32	16	2	2	4	7.704322154
2	1	32	32	4	68.53056793
2	1	16	8	4	17.04180405
2	1	16	4	4	8.534995045
2	1	32	64	4	136.9398237
32	16	2	1	4	3.819061689
2	1	16	16	4	33.82471812
2	1	16	32	4	67.4870588
2	1	32	2	4	4.433146784
2	1	16	64	4	134.5602418
2	1	16	2	4	4.415825119
1	2	1	2	4	3.924681359
2	1	8	2	4	4.297217986
64	16	2	1	4	3.766202492
2	2	8	1	4	4.225548601
1	4	4	1	4	4.17515787
1	2	8	2	4	4.144437898
1	1	8	64	4	57.84629962
1	1	8	128	4	116.2938438
1	1	8	32	4	28.97595498
1	1	8	16	4	14.41011738
1	2	8	128	4	245.0491137
1	2	8	4	4	7.641029578
2	1	2	2	4	3.667896205
1	1	8	8	4	7.127341374
1	2	8	8	4	15.26834663
1	2	8	32	4	60.42737938
1	2	8	16	4	30.20065531
1	2	8	64	4	122.1851498
4	1	8	1	4	3.726920194
2	2	2	1	4	3.568530963
1	1	8	4	4	3.771940154
2	2	16	2	4	7.782839828
2	2	16	4	4	15.35332759
2	2	16	8	4	30.67935993
1	4	1	1	4	3.345000914
2	2	16	16	4	61.13304794
2	2	16	32	4	122.3263032
4	1	4	1	4	3.284440149
4	1	16	1	4	3.55933735
4	1	32	1	4	3.517790649
2	2	16	64	4	244.6194087
2	2	16	1	4	3.885197905
32	1	1	2	4	2.871522467
64	1	1	2	4	2.869662664
64	2	1	1	4	2.863325055
32	2	1	1	4	2.859011809
128	1	1	2	4	2.842126024
16	1	1	2	4	2.847854353
256	1	1	2	4	2.846735071
128	2	1	1	4	2.840171701
1	1	4	2	4	3.206300493
1	4	8	2	4	6.850172617
256	2	1	1	4	2.844047707
512	1	1	2	4	2.849673355
16	2	1	1	4	2.822852076
512	2	1	1	4	2.84599387
1024	1	1	2	4	2.850014036
8	1	1	2	4	2.789657828
1	4	8	8	4	26.21201117
1	4	8	16	4	52.4179671
1	4	8	4	4	13.13022398
1024	2	1	1	4	2.847961793
1	4	8	32	4	104.9891676
8	2	1	1	4	2.736944151
128	1	2	1	4	2.693684528
64	1	2	1	4	2.693612448
1	4	8	64	4	209.7890488
1	4	8	1	4	3.428747628
256	1	2	1	4	2.670513494
32	1	2	1	4	2.66113084
512	1	2	1	4	2.676139822
1024	1	2	1	4	2.680771309
4	1	1	2	4	2.6748927
16	1	2	1	4	2.576924277
1	1	2	2	4	2.818138618
4	2	1	1	4	2.579544321
2	1	1	2	4	2.482379886
8	1	2	1	4	2.42087425
1	2	2	1	4	2.6121453
1	2	4	1	4	2.770680113
1	1	32	64	4	84.64992343
2	1	8	1	4	2.654742911
1	1	32	4	4	5.332837056
1	1	32	16	4	21.29299345
1	1	32	32	4	42.20574394
1	1	32	8	4	10.72802952
1	1	8	2	4	2.870318185
2	1	4	1	4	2.532062054
1	1	16	64	4	83.56718505
1	1	16	4	4	5.283354744
1	1	16	32	4	41.66680916
1	1	16	8	4	10.56087576
1	1	16	16	4	20.88498605
2	2	1	1	4	2.318469501
1	1	32	2	4	2.776416168
1	1	16	2	4	2.761435067
2	1	16	1	4	2.64710582
1	1	1	2	4	2.197444222
2	1	32	1	4	2.581282404
4	1	2	1	4	2.179403178
1	2	8	1	4	2.593863164
1	2	16	2	4	4.71161671
1	2	16	4	4	9.324404796
1	2	16	8	4	18.63084397
1	2	16	16	4	37.1697246
1	2	16	32	4	74.41562971
1	2	1	1	4	1.921552984
1	2	16	64	4	148.7652449
1	2	16	1	4	2.3726785
2	1	2	1	4	1.849214773
64	1	1	1	4	1.442382063
128	1	1	1	4	1.438329937
32	1	1	1	4	1.438346937
1	1	4	1	4	1.69618891
256	1	1	1	4	1.422451234
16	1	1	1	4	1.424070316
512	1	1	1	4	1.423612676
1024	1	1	1	4	1.424136277
8	1	1	1	4	1.390675468
1	1	8	1	4	1.663159407
4	1	1	1	4	1.33176127
1	1	16	1	4	1.669297714
1	1	32	1	4	1.631202018
1	1	2	1	4	1.416304829
2	1	1	1	4	1.229202562
1	1	1	1	4	1.080213782
