1	4	1	8	2	1026.935444
1	2	1	8	2	1008.517556
2	2	2	8	2	1002.699444
4	2	1	8	2	1001.541556
2	2	1	8	2	994.1994444
1	8	1	8	2	979.0651111
2	1	2	8	2	971.0447778
2	4	1	8	2	958.0465556
4	1	1	8	2	827.1334444
2	1	1	8	2	824.0552222
2	1	1	16	2	816.59425
1	2	2	16	2	803.09275
1	1	4	16	2	801.8615
1	2	1	16	2	798.6855
4	1	4	16	2	797.963
2	1	8	16	2	795.637
4	1	2	16	2	794.3475
1	1	1	8	2	790.0081111
8	1	1	8	2	781.2577778
4	1	8	16	2	775.20725
1	2	4	16	2	770.33375
2	2	4	16	2	769.757
4	1	1	16	2	764.092
1	1	8	16	2	758.92525
1	4	4	8	2	753.82375
1	4	1	16	2	752.743
2	1	8	8	2	749.96775
2	2	8	8	2	748.82075
2	4	8	8	2	743.8265
1	1	2	16	2	742.04075
1	2	8	8	2	739.06625
1	4	4	16	2	735.391
2	2	8	16	2	734.64375
1	1	4	8	2	732.50175
4	1	16	8	2	731.79525
1	2	4	8	2	729.528
4	2	4	16	2	729.17625
1	4	8	8	2	724.59675
2	1	16	8	2	723.37925
1	16	1	8	2	722.88375
4	2	8	8	2	722.39425
4	1	2	8	2	721.27075
4	1	4	8	2	720.3895
1	1	1	16	2	718.71
8	1	8	8	2	718.13825
2	1	2	16	2	716.44325
4	2	4	8	2	716.2805
2	2	2	16	2	713.3993333
2	1	16	16	2	711.784
1	1	8	8	2	711.0585
2	4	4	8	2	709.88325
8	1	4	8	2	709.33925
8	1	16	8	2	708.6645
1	2	8	16	2	707.124
4	8	4	8	2	705.45425
8	2	8	8	2	702.746
2	1	4	16	2	702.43075
2	4	2	8	2	701.67925
8	1	32	8	2	701.487
16	1	8	8	2	700.71825
1	8	4	8	2	698.05225
1	2	2	8	2	695.8835
4	1	8	8	2	692.65225
1	4	8	16	2	692.619
8	4	8	8	2	692.23225
2	16	2	8	2	688.3135
4	4	4	8	2	687.71325
2	1	4	8	2	685.33025
8	2	1	8	2	684.91375
1	2	2	32	2	684.7815
8	1	8	16	2	684.708
2	2	16	8	2	684.283
2	4	4	16	2	682.57
8	2	16	8	2	680.454
2	4	2	16	2	678.9985
4	2	2	16	2	678.29375
1	8	1	16	2	677.11075
4	4	2	8	2	676.9615
4	1	16	16	2	676.56275
8	2	2	8	2	676.45275
4	4	1	8	2	674.744
2	2	4	8	2	673.586
16	1	32	8	2	672.81625
1	8	2	8	2	672.49
8	1	4	16	2	670.45925
16	2	1	8	2	665.4555
8	2	4	8	2	664.3235
1	2	4	32	2	663.22225
8	4	1	8	2	662.88175
16	1	16	8	2	661.908
1	2	1	32	2	661.22825
16	2	4	8	2	660.95925
1	32	1	8	2	660.4525
2	2	1	16	2	659.19375
16	2	8	8	2	655.96325
1	1	4	32	2	655.775
2	8	4	8	2	654.749
1	2	8	32	2	654.71425
4	2	8	16	2	654.413
4	2	2	8	2	648.268
8	1	2	8	2	647.29675
16	1	4	8	2	643.1115
16	1	1	8	2	641.50475
1	1	2	8	2	641.36525
1	4	2	8	2	641.03925
32	1	32	8	2	639.64275
1	8	4	16	2	637.804
32	1	8	8	2	635.20075
2	8	2	8	2	634.348
4	2	1	16	2	633.4205
2	1	8	32	2	633.279
8	4	2	8	2	632.972
1	1	16	8	2	632.5715
2	4	8	16	2	632.5005
4	8	1	8	2	631.852
32	1	16	8	2	629.73425
8	1	16	16	2	628.49775
1	16	1	16	2	626.16325
4	1	32	8	2	622.972
16	1	2	8	2	621.96
1	4	2	16	2	621.28725
8	4	4	8	2	619.8565
4	4	8	8	2	617.559
8	1	1	16	2	617.17325
2	2	16	16	2	616.03125
8	2	4	16	2	613.417
16	2	2	8	2	610.4245
4	8	2	8	2	609.09025
4	2	2	4	2	608.7815556
16	2	16	8	2	606.969
1	4	8	32	2	606.84525
2	8	1	8	2	606.07425
4	2	16	8	2	604.61875
2	32	1	8	2	604.08125
1	1	16	16	2	603.90225
2	1	4	32	2	603.80925
8	2	2	16	2	602.836
4	1	4	4	2	602.3398889
4	4	2	16	2	601.99925
32	2	16	8	2	601.9
2	4	2	4	2	599.7903333
2	1	1	32	2	598.6195
4	1	2	32	2	597.10825
4	2	4	4	2	596.6056667
16	1	8	16	2	595.4885
16	1	16	16	2	594.472
16	1	32	16	2	593.8275
1	8	1	4	2	593.2801111
2	16	1	8	2	592.7895
8	2	8	16	2	592.63725
1	4	4	32	2	592.07725
8	8	2	8	2	591.9685
1	1	8	32	2	591.70325
2	1	2	32	2	591.6995
2	4	1	4	2	591.192
8	2	16	16	2	590.08825
8	8	1	8	2	588.67325
1	1	1	32	2	588.26825
2	2	8	32	2	587.2335
1	4	1	4	2	586.9424444
4	2	1	4	2	586.9363333
2	2	1	4	2	585.0206667
4	4	1	16	2	582.60275
1	1	2	32	2	581.65675
32	1	4	8	2	581.443
4	2	16	16	2	581.00975
16	4	8	8	2	580.8305
4	4	2	4	2	580.7862222
16	1	4	16	2	580.7205
4	1	2	4	2	580.7168889
8	1	32	16	2	580.3945
2	2	4	32	2	580.3483333
8	1	4	4	2	575.773
1	2	1	4	2	574.7078889
64	1	8	8	2	574.455
16	4	4	8	2	574.25675
4	4	4	16	2	573.82925
8	1	2	16	2	573.7495
8	2	1	16	2	572.22
4	4	1	4	2	569.2487778
2	2	2	4	2	569.1296667
1	8	2	16	2	568.7845
4	16	1	8	2	567.2255
1	4	2	32	2	566.07675
1	16	1	4	2	565.7574444
1	1	16	32	2	563.702
4	1	32	16	2	563.652
2	1	2	4	2	561.9265556
4	1	1	32	2	561.3595
2	8	2	16	2	560.362
1	2	16	8	2	560.283
8	1	2	4	2	558.5088889
2	16	1	4	2	557.585
32	1	2	8	2	557.49625
8	2	2	4	2	557.159
32	1	1	8	2	556.2535
4	8	1	4	2	554.7467778
2	8	1	4	2	553.1041111
16	1	2	16	2	552.98225
8	2	1	4	2	549.484
4	1	8	32	2	548.0495
1	1	4	4	2	547.8265556
4	1	4	32	2	547.2755
16	4	2	8	2	542.44
2	8	1	16	2	542.30825
8	4	1	4	2	541.2773333
16	4	1	8	2	540.17775
16	2	1	4	2	539.1751111
2	1	16	32	2	537.544
64	1	2	8	2	535.643
8	8	4	8	2	534.4955
2	2	16	32	2	534.26225
16	1	1	16	2	533.846
1	4	1	32	2	532.32425
2	1	32	8	2	529.10525
1	2	16	16	2	528.87575
64	1	16	8	2	522.3195
2	4	1	16	2	519.6055
2	2	2	32	2	519.41675
32	2	1	8	2	519.15425
1	1	2	4	2	518.2001111
4	16	2	8	2	517.3195
32	2	8	8	2	510.12625
4	4	8	16	2	509.83825
2	1	32	16	2	509.77525
2	8	4	16	2	508.60725
4	1	32	32	2	507.9685
64	1	4	8	2	504.661
2	2	1	32	2	504.22
64	1	32	8	2	498.9055
32	2	4	8	2	486.63175
1	2	16	32	2	485.952
1	16	2	8	2	485.8466667
1	32	1	16	2	482.90675
4	2	4	32	2	482.81975
1	8	1	32	2	480.133
2	4	2	32	2	478.6375
4	8	4	16	2	478.2815
2	4	4	32	2	475.61375
1	8	4	32	2	473.57175
8	4	2	16	2	469.827
4	2	1	32	2	467.94825
4	2	8	32	2	466.86725
4	2	2	32	2	465.9945
16	8	4	8	2	461.84275
2	16	2	16	2	461.6695
8	1	16	32	2	461.29975
32	1	32	16	2	460.042
4	1	16	32	2	459.8075
16	2	2	16	2	459.389
2	1	32	32	2	458.70175
16	2	4	16	2	457.403
2	4	8	32	2	455.453
16	2	1	16	2	454.19475
8	1	2	32	2	453.68175
8	1	4	32	2	453.44925
4	1	1	4	2	452.8691111
4	8	2	16	2	450.5135
2	1	1	4	2	448.2324444
8	1	1	32	2	445.39025
8	4	8	16	2	445.159
8	4	4	16	2	444.998
8	16	2	8	2	444.94375
64	1	1	8	2	442.469
16	1	1	4	2	439.9333333
8	4	1	16	2	437.5815
8	1	1	4	2	436.6432222
4	2	16	32	2	436.596
32	1	16	16	2	435.972
1	1	1	4	2	433.6324444
32	1	8	16	2	432.7365
32	1	1	4	2	432.2992222
1	1	32	8	2	431.6085
8	2	16	4	2	425.5245
1	8	2	32	2	425.461
1	8	4	4	2	424.9855
8	1	16	4	2	424.6015
2	2	8	4	2	424.3295
1	2	4	4	2	424.2825
2	1	8	4	2	424.198
8	1	8	32	2	423.9075
1	4	4	4	2	423.8555
32	2	2	8	2	423.4515
1	16	2	16	2	422.94125
8	16	1	8	2	422.79425
4	1	8	4	2	422.5445
8	2	8	4	2	422.5395
2	1	16	4	2	422.161
16	1	16	4	2	421.7735
4	2	8	4	2	421.54125
8	1	32	4	2	421.38825
4	8	1	16	2	421.05225
8	1	8	4	2	420.581
1	2	8	4	2	420.44175
4	4	4	4	2	420.326
4	1	16	4	2	420.24525
4	4	8	4	2	420.13275
32	1	16	4	2	419.11925
2	2	16	4	2	418.84075
16	2	16	4	2	418.5945
32	2	16	4	2	418.48275
2	4	8	4	2	418.33625
16	2	8	16	2	418.3105
4	1	32	4	2	418.24025
1	32	1	4	2	417.9915
1	2	2	4	2	417.917
1	4	2	4	2	417.79575
4	8	4	4	2	417.28825
2	16	1	16	2	417.10975
16	1	4	4	2	416.996
32	4	8	8	2	416.82775
32	4	4	8	2	416.6535
16	4	8	4	2	416.1895
2	8	4	4	2	416.164
1	1	32	16	2	416.1325
2	8	2	4	2	415.33825
8	4	4	4	2	415.19575
16	2	4	4	2	415.0865
1	8	2	4	2	414.76325
16	2	8	4	2	414.68425
2	4	4	4	2	414.46275
4	32	1	8	2	414.02325
2	32	1	4	2	413.5245
16	1	32	4	2	412.376
32	1	8	4	2	412.175
32	1	1	16	2	412.097
8	8	2	4	2	412.047
1	16	1	32	2	411.808
16	1	2	4	2	411.72825
1	1	16	4	2	411.60525
8	2	4	32	2	411.51175
8	4	8	4	2	411.24275
32	1	2	16	2	410.567
64	2	8	8	2	410.11825
32	1	32	4	2	409.709
1	1	8	4	2	409.154
32	2	8	4	2	409.0425
1	2	16	4	2	408.969
4	8	2	4	2	408.96825
2	2	4	4	2	408.78025
2	16	2	4	2	408.20225
16	8	1	8	2	408.02025
4	2	16	4	2	407.66925
2	1	32	4	2	407.5175
16	2	2	4	2	407.22075
4	16	2	4	2	407.071
8	4	2	4	2	405.34775
4	16	1	4	2	404.974
1	1	32	4	2	404.64175
16	4	4	4	2	403.8765
16	1	8	4	2	403.7065
1	4	8	4	2	402.8955
8	2	8	32	2	402.049
8	8	4	4	2	401.846
1	1	32	32	2	400.19775
8	8	1	4	2	399.95375
16	4	2	4	2	399.01325
8	32	1	8	2	398.33225
16	8	2	8	2	398.32425
16	1	16	32	2	398.09375
2	4	1	32	2	397.489
16	4	1	4	2	396.24075
64	1	8	4	2	395.851
32	1	2	4	2	395.82575
2	1	4	4	2	395.79725
32	2	4	4	2	394.3355
64	1	16	4	2	394.30125
8	2	1	32	2	394.0955
8	2	2	32	2	391.74
32	1	4	4	2	391.51775
16	2	16	16	2	387.3985
32	2	2	4	2	385.713
8	2	4	4	2	385.078
16	4	8	16	2	383.84475
64	2	4	8	2	382.77725
32	2	1	4	2	382.74525
64	1	4	4	2	382.2595
64	1	2	4	2	381.81125
8	16	2	4	2	378.64825
32	1	4	16	2	376.03975
1	16	2	4	2	375.0456667
16	1	8	32	2	374.766
16	1	4	32	2	374.17225
32	4	2	8	2	374.13225
16	4	4	16	2	373.81075
32	4	8	4	2	373.61125
64	2	8	4	2	371.638
16	16	1	8	2	371.61075
4	4	1	32	2	371.40925
64	2	1	8	2	370.67575
32	4	1	8	2	370.63225
2	8	1	32	2	369.9025
8	8	2	16	2	369.2045
32	4	4	4	2	368.57525
4	32	1	4	2	367.0515
32	2	16	16	2	363.60575
32	8	1	8	2	363.56975
64	4	2	8	2	363.45525
8	8	1	16	2	363.019
8	16	1	4	2	362.6975
16	8	4	4	2	362.60825
16	1	2	32	2	362.13175
16	8	2	4	2	360.88025
64	2	16	4	2	360.47225
64	4	1	8	2	360.11175
16	8	1	4	2	359.442
16	4	2	16	2	359.32275
16	4	1	16	2	359.171
64	1	1	4	2	357.39775
64	2	4	4	2	357.117
32	4	2	4	2	354.762
8	8	4	16	2	353.8265
64	1	4	16	2	353.3285
64	1	32	4	2	353.2645
64	2	2	8	2	352.1445
32	2	8	16	2	351.71325
64	4	8	8	2	351.5355
2	8	2	32	2	351.06525
64	2	2	4	2	348.44825
64	2	16	8	2	345.766
4	4	4	32	2	343.05825
16	16	2	8	2	341.08425
64	1	8	16	2	340.265
4	16	2	16	2	340.005
4	2	2	2	2	339.589
16	1	1	32	2	336.88275
8	16	1	16	2	336.41725
64	1	2	16	2	336.06375
4	4	2	32	2	335.509
8	32	1	4	2	333.81775
8	16	2	16	2	332.638
16	8	2	16	2	332.018
4	4	8	32	2	330.72425
32	4	1	4	2	330.54675
1	16	1	2	2	330.4878889
64	1	32	16	2	330.43275
4	1	8	2	2	330.2295556
8	4	8	32	2	330.15125
4	2	4	2	2	329.3098889
32	4	4	16	2	328.395
32	8	4	8	2	328.0275
1	4	4	2	2	326.9122222
64	4	4	8	2	326.229
2	32	1	16	2	325.46725
4	1	4	2	2	325.3423333
1	4	1	2	2	324.672
4	8	2	32	2	323.9613333
64	2	1	4	2	323.945
1	8	1	2	2	323.8343333
64	1	16	16	2	323.793
4	4	4	2	2	323.719
2	4	2	2	2	323.2794444
16	2	4	32	2	321.124
16	16	2	4	2	321.04775
16	1	4	2	2	319.9174444
32	2	1	16	2	318.97525
16	4	8	32	2	318.1005
2	2	2	2	2	317.9666667
16	8	4	16	2	317.913
16	16	1	4	2	317.56025
64	2	8	16	2	317.1315
4	8	1	2	2	315.9472222
2	2	8	2	2	315.9394444
8	4	1	32	2	315.45225
32	8	4	4	2	315.07775
4	16	1	16	2	314.824
4	2	1	2	2	314.5612222
1	32	1	32	2	314.5375
64	4	4	4	2	314.461
2	1	8	2	2	314.4363333
64	1	1	16	2	314.22725
64	2	2	16	2	314.06325
1	2	4	2	2	313.5255556
8	2	4	2	2	313.4656667
2	1	16	2	2	313.4366667
4	1	2	2	2	312.2496667
2	8	1	2	2	311.5797778
2	4	1	2	2	311.3684444
4	4	2	2	2	311.3411111
1	2	2	2	2	311.2931111
2	32	1	32	2	310.701
2	16	1	2	2	310.5438889
4	8	4	32	2	310.485
16	2	2	32	2	309.7045
4	4	1	2	2	309.6571111
32	1	16	32	2	309.38125
2	2	4	2	2	309.1526667
8	1	4	2	2	308.6788889
8	1	8	2	2	308.5444444
2	1	4	2	2	308.4694444
1	2	8	2	2	307.8971111
32	8	2	8	2	306.94475
1	1	4	2	2	306.7414444
8	1	2	2	2	306.571
32	8	2	4	2	306.48525
1	1	8	2	2	306.3375556
8	8	4	32	2	306.06375
32	4	8	16	2	305.40225
8	8	1	32	2	305.3355
2	2	1	2	2	305.1322222
2	8	2	2	2	305.104
16	2	1	32	2	305.05525
1	2	1	2	2	303.617
16	1	2	2	2	302.7698889
16	1	8	2	2	302.3287778
4	16	2	32	2	302.11375
4	8	1	32	2	301.80875
8	2	2	2	2	301.4746667
16	1	16	2	2	301.0354444
32	8	1	4	2	300.2625
4	32	1	16	2	300.1595
32	2	16	32	2	299.27825
64	4	2	4	2	299.21525
2	1	2	2	2	298.7793333
32	4	1	16	2	298.07275
16	4	2	32	2	297.5565
1	1	16	2	2	297.395
32	2	4	16	2	297.391
8	4	2	32	2	297.3265
64	4	8	4	2	296.562
1	2	16	2	2	295.4555556
32	2	2	16	2	295.166
64	2	4	16	2	295.071
16	2	1	2	2	294.9124444
8	8	2	32	2	294.831
8	2	1	2	2	294.6846667
8	2	8	2	2	294.5853333
16	2	16	32	2	293.77825
16	4	4	32	2	291.86225
2	16	2	32	2	290.70425
16	32	1	4	2	290.497
64	2	1	16	2	290.4765
64	4	1	4	2	290.36925
8	4	4	32	2	289.35025
16	2	8	32	2	289.3215
32	4	2	16	2	288.99675
32	1	32	32	2	288.75975
32	2	8	32	2	288.30425
32	1	8	32	2	288.14425
32	1	1	32	2	287.91075
16	8	1	16	2	287.502
16	4	1	32	2	287.33675
64	1	4	32	2	285.30725
32	16	1	4	2	282.94875
64	1	8	32	2	281.73425
32	16	2	4	2	279.2205
32	1	4	32	2	278.11475
64	8	2	4	2	277.73325
64	2	16	16	2	276.89475
32	1	2	32	2	275.973
1	1	2	2	2	275.2756667
32	2	1	32	2	274.9195
64	1	1	32	2	274.81025
8	4	1	2	2	270.2096667
64	1	2	32	2	270.191
64	1	16	32	2	270.1595
32	2	4	32	2	269.09125
64	8	4	4	2	268.28925
64	8	1	4	2	266.36125
2	16	1	32	2	263.694
4	16	1	32	2	256.226
8	16	1	32	2	242.39275
32	16	1	8	2	241.828
32	2	2	32	2	238.96475
16	32	1	8	2	238.5175
8	32	1	16	2	237.00875
4	1	1	2	2	235.9313333
64	8	2	8	2	233.94575
32	16	2	8	2	232.67075
64	8	1	8	2	232.3805
16	1	1	2	2	232.2424444
32	1	1	2	2	230.6983333
2	1	1	2	2	229.9361111
8	2	16	2	2	224.812
2	1	32	2	2	224.61725
4	4	8	2	2	223.90525
8	4	4	2	2	223.88475
2	16	2	2	2	223.6675
4	2	16	2	2	223.23475
4	8	4	2	2	223.0945
8	1	1	2	2	222.9394444
16	2	8	2	2	222.44
8	1	32	2	2	222.344
8	1	16	2	2	222.20475
1	32	1	2	2	222.1
32	1	4	2	2	221.90225
2	4	4	2	2	221.61075
1	8	4	2	2	221.55625
16	1	32	2	2	221.50275
16	2	2	2	2	221.48675
4	2	8	2	2	221.47125
1	1	1	2	2	221.3555556
1	8	2	2	2	221.1135
32	1	16	2	2	221.00575
4	8	2	2	2	220.97475
1	4	2	2	2	220.95125
16	2	16	2	2	220.8825
32	1	32	2	2	220.8745
32	1	8	2	2	220.842
8	8	4	2	2	220.205
4	16	2	2	2	220.117
16	4	8	2	2	220.05725
4	1	32	2	2	220.0235
4	1	16	2	2	219.98125
8	8	2	2	2	219.869
2	32	1	2	2	219.66725
1	1	32	2	2	219.5315
4	16	1	2	2	219.39375
32	1	2	2	2	218.965
32	2	16	2	2	218.8055
16	4	4	2	2	218.67875
2	4	8	2	2	218.3605
16	2	4	2	2	217.61075
8	4	2	2	2	217.42525
64	1	8	2	2	217.422
2	8	4	2	2	217.36125
2	2	16	2	2	217.3485
64	2	16	2	2	217.158
64	1	16	2	2	217.10975
16	4	2	2	2	216.447
32	4	8	2	2	216.039
8	16	2	2	2	215.75
32	2	8	2	2	215.7015
64	1	32	2	2	215.6965
32	2	2	2	2	215.62825
16	8	4	2	2	215.5275
16	8	2	32	2	215.436
64	1	4	2	2	215.29675
8	16	1	2	2	215.2705
4	32	1	2	2	215.17825
16	4	1	2	2	215.16925
8	8	1	2	2	215.06375
16	8	2	2	2	215.026
64	2	8	2	2	214.82625
1	4	8	2	2	214.29475
32	2	4	2	2	214.07525
1	16	2	2	2	214.05175
64	2	4	2	2	213.78125
32	8	1	16	2	213.56675
32	4	4	2	2	212.6835
32	4	2	2	2	212.28675
32	2	1	2	2	212.17225
16	8	1	2	2	211.20175
16	8	1	32	2	210.7755
8	4	8	2	2	210.33
4	32	1	32	2	209.43925
64	1	2	2	2	208.48675
32	4	1	32	2	208.40175
64	2	2	32	2	207.68925
8	32	1	2	2	206.67225
32	4	1	2	2	206.30275
64	2	2	2	2	205.73075
8	16	2	32	2	205.45
16	16	2	2	2	204.783
64	4	2	16	2	204.43225
64	1	1	2	2	202.21575
64	4	1	16	2	202.05575
32	4	2	32	2	201.697
16	16	1	2	2	201.5805
32	8	4	2	2	201.14675
64	4	4	2	2	201.11875
32	8	2	16	2	200.30725
64	4	8	2	2	200.23375
32	8	2	2	2	200.02875
64	2	1	2	2	200.0035
32	32	1	4	2	199.706
16	16	1	16	2	197.96775
32	8	1	2	2	196.17625
64	2	1	32	2	193.53275
64	4	2	2	2	193.00475
64	4	1	2	2	189.868
16	16	2	16	2	185.71625
4	2	2	1	2	184.7147778
4	1	4	1	2	181.8381111
4	1	8	1	2	181.7525556
64	16	2	4	2	181.74975
16	32	1	2	2	181.51025
1	4	4	1	2	181.5066667
1	4	8	1	2	181.2805556
1	4	2	1	2	180.819
64	16	1	4	2	180.09175
1	4	1	1	2	178.883
32	16	2	2	2	178.77325
4	2	8	1	2	177.9752222
1	2	4	1	2	177.6137778
1	8	1	1	2	177.5225556
2	2	2	1	2	176.7872222
64	8	4	2	2	176.20825
32	16	1	2	2	176.1725
2	1	16	1	2	176.1298889
1	8	4	1	2	175.6991111
2	1	4	1	2	174.9015556
1	2	8	1	2	174.7798889
1	2	2	1	2	174.4805556
8	1	16	1	2	173.2872222
4	8	1	1	2	172.4514444
2	4	2	1	2	172.2737778
64	8	2	2	2	171.85775
4	2	4	1	2	170.4864556
4	1	2	1	2	170.4791111
4	2	1	1	2	169.8673333
2	2	4	1	2	169.655
32	1	8	1	2	169.5122222
32	1	4	1	2	169.4706667
2	2	16	1	2	168.6991111
1	2	16	1	2	168.666
8	4	8	1	2	168.6013333
1	1	8	1	2	168.5397778
1	16	1	1	2	168.525
1	1	16	1	2	168.2851111
16	1	4	1	2	168.2085556
2	1	8	1	2	167.9911111
16	1	8	1	2	167.8128889
2	2	8	1	2	167.6291111
2	1	32	1	2	166.6038889
32	32	1	2	2	166.5765
8	1	4	1	2	165.6977778
2	4	4	1	2	165.0593333
2	4	8	1	2	164.8142222
64	8	1	2	2	164.709
16	2	4	1	2	164.4087778
16	1	2	1	2	164.4008889
2	16	1	1	2	163.7585556
4	4	2	1	2	163.7038889
8	2	8	1	2	163.2375556
2	4	1	1	2	163.0491111
1	1	4	1	2	162.4392222
16	2	1	1	2	162.2685556
2	2	1	1	2	162.2653333
1	1	32	1	2	162.2215556
1	2	1	1	2	161.9183333
64	16	2	2	2	161.761
2	1	2	1	2	161.6472222
4	1	16	1	2	161.4806667
4	4	4	1	2	161.4494444
8	2	2	1	2	159.959
8	4	1	1	2	159.6104444
8	2	4	1	2	159.5018889
64	16	1	2	2	159.108
4	1	32	1	2	158.4845556
8	1	2	1	2	157.979
16	2	8	1	2	157.8987778
16	2	16	1	2	157.6622222
8	1	8	1	2	157.4986667
4	8	2	1	2	157.1232222
32	1	16	1	2	157.0673333
2	8	2	1	2	157.0327778
4	2	16	1	2	156.8335556
16	2	2	1	2	155.1628889
8	2	1	1	2	154.9237778
4	4	1	1	2	153.9566667
2	8	1	1	2	153.8311111
32	1	2	1	2	152.8886667
32	32	1	8	2	152.813
16	1	16	1	2	152.7905556
1	1	2	1	2	152.5872222
64	4	1	32	2	152.106
8	4	2	1	2	151.2147778
8	4	4	1	2	149.4888889
8	32	1	32	2	148.2925
32	8	1	32	2	131.59175
64	16	1	8	2	130.65825
16	16	1	32	2	128.13025
32	16	1	16	2	128.088
16	32	1	16	2	126.19
4	1	1	1	2	119.992
16	1	1	1	2	119.3401111
32	1	1	1	2	119.214
2	1	1	1	2	117.0417778
8	1	1	1	2	116.3643556
16	1	32	1	2	115.4515
4	16	2	1	2	115.34425
8	2	16	1	2	115.08725
2	16	2	1	2	115.07425
4	4	8	1	2	115.009
2	8	4	1	2	115.008
8	16	2	1	2	115.004
1	32	1	1	2	115.00075
16	4	8	1	2	114.9875
1	16	2	1	2	114.85775
1	8	2	1	2	114.7825
8	8	2	1	2	114.65225
32	2	16	1	2	114.6225
32	1	32	1	2	114.5355
2	32	1	1	2	114.4225
64	2	8	1	2	114.38825
8	8	4	1	2	114.29275
64	8	1	16	2	114.25575
4	32	1	1	2	114.2415
64	2	16	1	2	114.147
8	8	1	1	2	114.14275
16	16	2	1	2	114.12225
8	1	32	1	2	114.1105
4	8	4	1	2	114.09825
64	1	32	1	2	114.078
32	4	8	1	2	114.01825
4	16	1	1	2	113.97425
32	2	8	1	2	113.95675
64	1	16	1	2	113.95125
16	4	4	1	2	113.9235
16	8	2	1	2	113.82575
8	16	1	1	2	113.82225
16	8	4	1	2	113.722
1	1	1	1	2	113.692
8	32	1	1	2	113.54925
64	32	1	2	2	113.53525
64	2	4	1	2	113.45425
16	4	2	1	2	113.38525
64	1	8	1	2	113.37075
16	4	1	1	2	113.2575
64	4	8	1	2	113.14125
32	2	2	1	2	112.87425
32	4	4	1	2	112.85775
16	16	1	1	2	112.80425
16	8	1	1	2	112.75
64	32	1	4	2	112.73025
32	4	2	1	2	112.67875
32	2	4	1	2	112.6505
64	1	4	1	2	112.539
32	2	1	1	2	112.38025
32	8	4	1	2	112.1525
32	4	1	1	2	112.00375
64	1	2	1	2	111.57575
64	2	2	1	2	110.9745
32	8	2	1	2	110.925
64	4	4	1	2	110.8445
32	8	1	1	2	110.0725
64	4	2	1	2	109.72225
64	1	1	1	2	109.31625
64	2	1	1	2	109.2645
64	4	1	1	2	108.77125
16	32	1	1	2	106.898
64	8	4	1	2	105.4045
32	16	2	1	2	105.216
32	16	1	1	2	104.215
64	8	2	1	2	103.68675
64	8	1	1	2	101.5305
32	32	1	1	2	94.42715
64	16	2	1	2	92.36895
64	16	1	1	2	91.22495
64	32	1	1	2	89.18365
