8 8 1 4 4 25750.9
8 8 1 8 4 25399.8
4 8 1 4 4 24916.0
16 8 1 8 4 24280.6
4 8 1 8 4 23852.3
16 8 1 4 4 23182.1
8 8 1 16 4 22981.3
32 8 1 4 4 22822.2
64 8 1 4 4 22072.3
2 8 1 4 4 21831.6
32 8 1 8 4 21002.8
2 8 1 8 4 20960.1
16 8 1 16 4 20637.4
64 8 1 8 4 19287.0
2 8 1 16 4 19090.8
32 8 1 16 4 17606.9
8 8 1 32 4 17175.5
128 8 1 4 4 17065.9
16 8 1 32 4 15443.8
64 8 1 16 4 14741.0
2 8 1 64 4 14388.2
2 8 1 32 4 13987.0
128 8 1 8 4 13860.6
8 8 1 2 4 13545.4
16 8 1 2 4 13277.8
128 8 1 16 4 13021.9
4 8 1 16 4 12984.9
4 8 1 2 4 12974.2
64 8 1 2 4 12689.6
8 8 1 64 4 12562.0
2 8 1 128 4 12547.9
32 8 1 2 4 12359.1
128 8 1 2 4 11790.2
64 8 1 32 4 11773.1
2 8 1 2 4 11500.6
32 8 1 32 4 11351.0
16 8 1 64 4 11004.0
4 8 1 32 4 10980.2
4 8 1 64 4 10709.6
8 8 1 128 4 9786.46
32 8 1 64 4 8529.6
16 8 1 128 4 8488.74
4 8 1 128 4 8365.88
16 8 1 1 4 7001.49
32 8 1 1 4 6950.39
8 8 1 1 4 6926.93
64 8 1 1 4 6711.6
128 8 1 1 4 6603.63
4 8 1 1 4 6555.81
128 8 1 32 4 6414.11
2 8 1 1 4 5717.36
