1	4	1	8	2	212.237
2	1	1	32	2	210.32575
4	1	1	32	2	207.54025
2	4	1	8	2	207.4245
1	8	1	4	2	206.02375
1	4	1	16	2	205.84675
2	4	1	16	2	203.58125
1	1	1	32	2	201.24575
1	8	1	8	2	200.515
8	1	1	32	2	200.35375
1	4	1	32	2	198.9875
4	4	1	8	2	198.97725
1	8	1	16	2	197.675
2	8	1	4	2	197.253
2	4	1	32	2	192.43825
1	16	1	4	2	190.89725
4	4	1	16	2	190.37625
2	8	1	8	2	189.60575
2	8	1	16	2	188.168
1	16	1	2	2	187.937
1	8	1	32	2	184.578
1	16	1	8	2	184.331
4	8	1	4	2	184.035
2	16	1	4	2	182.039
1	16	1	16	2	181.67375
4	8	1	8	2	181.50425
8	4	1	8	2	178.77025
2	16	1	2	2	178.236
4	4	1	32	2	173.818
1	32	1	4	2	172.6265
4	1	1	16	2	172.1935
1	2	1	8	2	172.10775
8	4	1	16	2	171.84075
1	32	1	2	2	171.7165
2	1	1	16	2	171.0395
2	16	1	8	2	170.43925
2	2	1	8	2	170.39475
2	8	1	32	2	170.21225
4	2	1	8	2	169.37725
1	2	1	16	2	168.88275
1	32	1	8	2	168.218
1	1	1	16	2	168.0045
1	4	1	4	2	167.1815
2	16	1	16	2	166.80425
8	1	1	16	2	166.77725
2	2	1	16	2	166.73025
1	16	1	32	2	166.44
4	2	1	16	2	166.112
4	16	1	4	2	165.9585
1	2	1	32	2	164.6775
8	2	1	8	2	164.47075
4	4	1	4	2	164.293
8	8	1	4	2	164.2455
4	8	1	16	2	164.23175
2	2	1	32	2	163.63475
2	4	1	4	2	162.88925
8	8	1	8	2	161.84325
8	2	1	16	2	161.071
4	16	1	2	2	160.90275
4	16	1	8	2	160.7025
4	2	1	32	2	159.387
2	32	1	2	2	158.82475
2	32	1	4	2	158.1255
8	4	1	32	2	157.10875
8	4	1	4	2	156.626
1	32	1	16	2	155.9395
2	32	1	8	2	153.17125
8	2	1	32	2	153.08875
4	8	1	32	2	152.4575
8	8	1	16	2	149.8255
2	16	1	32	2	148.7835
4	16	1	16	2	148.0135
4	1	4	8	2	147.856
4	2	2	8	2	146.76925
4	1	4	16	2	144.213
1	32	1	32	2	144.0995
4	2	2	16	2	143.1105
8	16	1	4	2	142.0765
8	1	4	8	2	141.2985
2	2	2	8	2	141.25
4	32	1	4	2	139.9455
8	2	2	8	2	139.87775
2	2	2	16	2	139.64525
8	1	4	16	2	139.22225
8	16	1	8	2	138.79325
8	16	1	2	2	138.4115
4	1	2	8	2	137.91175
4	32	1	2	2	136.955
2	32	1	16	2	135.8385
4	32	1	8	2	134.62175
8	1	2	8	2	134.56025
4	1	2	16	2	132.2625
8	1	2	16	2	131.66375
2	1	2	16	2	131.64
2	1	2	8	2	131.5475
4	4	2	4	2	130.121
2	1	2	32	2	127.377
4	4	2	8	2	127.30225
8	2	4	4	2	126.80425
2	4	2	4	2	125.35725
8	2	4	8	2	125.309
4	2	4	4	2	124.518
2	4	2	16	2	124.10875
4	2	4	8	2	123.76525
2	4	2	8	2	122.85075
8	4	2	4	2	120.77275
4	2	4	16	2	120.6845
4	4	4	4	2	119.55925
8	4	4	2	2	118.562
8	4	4	4	2	118.3555
4	4	4	2	2	118.22
4	4	4	8	2	118.10825
4	8	2	2	2	117.1505
2	8	2	2	2	115.4005
4	8	2	4	2	114.06475
2	1	4	8	2	113.99375
2	8	2	4	2	112.999
8	1	8	4	2	112.848
2	1	4	16	2	112.289
2	8	2	8	2	112.23575
8	1	8	8	2	111.12675
1	1	1	8	2	110.848
1	8	1	2	2	110.5835
4	1	1	8	2	110.49375
8	1	1	8	2	109.99725
8	32	1	4	2	108.74075
2	1	1	8	2	108.627
8	2	8	2	2	108.301
4	2	1	4	2	108.16125
1	32	1	1	2	108.027875
8	2	8	4	2	107.7585
2	8	1	2	2	107.446
8	2	8	8	2	107.0625
8	2	1	4	2	107.02425
1	2	1	4	2	106.93025
4	8	1	2	2	106.6745
1	1	2	8	2	106.2685
1	1	2	16	2	105.94475
2	2	1	4	2	104.72375
8	8	2	2	2	104.64775
1	1	4	8	2	104.399
8	32	1	2	2	103.540425
1	1	4	16	2	103.015
8	8	1	2	2	101.183
2	2	4	4	2	100.937
2	2	4	8	2	99.751425
4	2	2	4	2	99.73945
1	16	1	1	2	99.5688
1	2	2	8	2	98.716125
2	32	1	1	2	98.5932
2	4	4	2	2	98.3507
1	2	2	16	2	97.9209
8	2	2	4	2	97.5947
2	2	2	4	2	97.410275
4	1	4	4	2	97.1756
2	4	4	4	2	96.4695
8	1	4	4	2	96.22895
4	8	4	2	2	95.5563
2	16	1	1	2	95.40995
1	2	4	4	2	94.93095
4	8	4	4	2	94.89765
4	1	8	4	2	94.333575
4	4	2	2	2	94.16005
4	16	2	2	2	93.654475
4	1	8	8	2	93.537625
8	8	4	2	2	92.883075
8	8	4	4	2	92.8703
4	8	4	1	2	92.720075
2	16	2	2	2	92.668375
1	2	4	8	2	92.293525
4	32	1	1	2	92.263875
2	16	2	1	2	92.087275
2	16	2	4	2	91.94725
1	2	4	16	2	91.86275
2	4	2	2	2	91.142325
1	4	4	4	2	91.02855
4	16	1	1	2	90.81855
8	4	2	2	2	90.110225
8	8	4	1	2	90.0298
1	4	4	2	2	89.67855
1	4	4	8	2	88.589075
4	16	2	1	2	88.49615
8	4	8	1	2	87.514475
8	4	8	2	2	87.452825
8	2	4	2	2	87.3418
4	2	8	2	2	87.2064
4	4	1	2	2	86.892275
2	1	4	4	2	86.803525
8	8	1	32	2	86.554175
4	2	8	4	2	85.74625
4	2	4	2	2	85.70235
8	4	1	2	2	85.64535
8	4	8	4	2	85.3993
1	4	1	2	2	85.3877
4	1	2	4	2	85.320175
2	4	1	2	2	85.2726
4	16	1	32	2	84.828
1	4	2	4	2	84.8089
1	2	2	4	2	84.58485
8	16	1	16	2	83.91055
1	4	2	8	2	83.2753
8	16	1	1	2	82.946225
8	16	2	1	2	82.2237
2	1	8	4	2	82.20425
8	1	2	4	2	82.200375
2	1	8	8	2	82.025025
1	1	4	4	2	81.27315
8	32	1	1	2	81.005525
2	1	2	4	2	80.739775
2	2	8	2	2	79.527625
4	32	1	16	2	79.422525
2	32	1	32	2	79.228175
2	2	8	4	2	79.07285
1	2	8	4	2	78.298775
8	32	1	8	2	77.89045
2	2	4	2	2	77.865725
2	8	4	2	2	77.726125
2	8	4	1	2	77.35575
1	2	8	2	2	77.3038
4	4	4	1	2	77.106725
2	2	8	8	2	77.1011
1	1	8	4	2	76.70435
1	2	8	8	2	76.6617
1	1	8	8	2	76.6483
1	1	8	16	2	76.132125
8	4	4	1	2	75.46255
4	8	2	1	2	75.4608
8	1	8	2	2	75.2311
1	1	2	4	2	74.602275
4	4	8	1	2	74.595325
1	4	2	2	2	74.48605
4	4	8	2	2	74.480125
8	1	16	2	2	74.39685
1	8	4	1	2	73.562025
1	8	4	2	2	73.43435
2	4	8	1	2	73.319325
2	4	8	2	2	73.316475
2	8	2	1	2	73.231075
8	1	16	4	2	72.977675
2	4	4	1	2	72.588625
1	8	4	4	2	72.58225
1	2	4	2	2	72.3926
2	4	8	4	2	71.92775
8	8	2	1	2	71.5236
8	2	16	1	2	69.188575
8	2	16	2	2	68.262475
4	1	8	2	2	68.1031
8	2	8	1	2	67.62335
4	1	16	4	2	66.625025
4	1	16	2	2	66.235275
4	1	16	8	2	65.058
1	4	4	1	2	63.9665
1	4	8	2	2	62.635425
1	4	8	4	2	62.425125
1	4	8	1	2	62.2798
1	8	2	2	2	61.7331
1	4	8	8	2	61.404775
4	2	8	1	2	61.1194
2	1	16	4	2	61.0252
2	1	16	2	2	60.64985
2	1	16	8	2	60.42015
1	8	2	4	2	60.20115
2	1	8	2	2	60.05465
1	1	16	8	2	59.787575
1	1	16	4	2	59.6042
4	1	1	4	2	59.54185
1	1	16	16	2	59.352875
1	1	16	2	2	59.113275
8	1	1	4	2	59.0181
4	2	16	2	2	58.872825
1	1	8	2	2	58.6324
4	2	16	1	2	58.546425
1	1	1	4	2	58.283825
4	2	16	4	2	58.277925
4	2	2	2	2	58.264775
2	1	1	4	2	57.640875
2	2	2	2	2	56.9496
2	2	8	1	2	56.522625
8	2	2	2	2	56.431325
1	8	1	1	2	56.08565
4	4	2	1	2	55.88825
1	2	8	1	2	55.79905
1	2	2	2	2	55.765325
4	8	1	1	2	55.495
2	4	2	1	2	55.385825
4	2	1	2	2	55.314325
2	8	1	1	2	55.25185
8	4	2	1	2	54.6213
8	2	1	2	2	54.6109
2	2	16	2	2	54.50285
2	2	16	4	2	54.3559
2	2	16	1	2	53.96825
1	8	2	1	2	53.9232
1	2	1	2	2	53.675175
8	1	4	2	2	53.65475
4	1	4	2	2	53.62025
8	8	1	1	2	53.616625
2	2	1	2	2	52.939775
1	2	16	4	2	52.73555
1	2	16	2	2	52.393825
1	2	16	8	2	52.2852
1	4	2	1	2	52.2689
1	2	16	1	2	51.52975
8	2	4	1	2	51.01795
4	2	4	1	2	50.78915
2	1	4	2	2	50.684225
1	1	4	2	2	49.22545
1	16	2	1	2	48.72815
1	16	2	2	2	48.31535
2	2	4	1	2	47.97215
8	1	16	1	2	47.7697
8	1	32	1	2	47.706575
8	1	32	2	2	47.592325
4	1	32	2	2	46.89975
4	1	32	1	2	46.7472
4	1	32	4	2	46.52815
4	1	2	2	2	46.527225
1	2	4	1	2	45.711425
8	1	2	2	2	45.541525
4	2	2	1	2	44.952725
4	4	1	1	2	44.5378
8	2	2	1	2	44.0471
2	1	2	2	2	44.04085
4	1	16	1	2	43.991075
8	4	1	1	2	43.965475
2	4	1	1	2	43.161275
8	1	8	1	2	42.8867
1	4	1	1	2	42.84855
1	1	32	4	2	42.827275
8	32	1	16	2	42.7385
1	1	32	8	2	42.65535
1	1	32	2	2	42.611625
2	2	2	1	2	42.48415
1	1	32	1	2	42.2994
2	1	16	1	2	41.833225
2	1	32	4	2	41.6901
1	1	2	2	2	41.5354
2	1	32	2	2	41.5265
2	1	32	8	2	41.3733
2	1	32	1	2	41.34285
1	1	16	1	2	40.16155
4	1	8	1	2	39.76305
1	2	2	1	2	39.273425
8	1	4	1	2	37.893875
4	1	4	1	2	37.382675
2	1	8	1	2	35.956025
1	1	8	1	2	35.218575
2	1	4	1	2	34.310425
1	1	4	1	2	32.500025
4	1	1	2	2	30.169725
8	1	1	2	2	30.1096
1	1	1	2	2	29.267525
2	1	1	2	2	28.85
8	2	1	1	2	27.93005
4	2	1	1	2	27.918775
1	2	1	1	2	26.7801
2	2	1	1	2	26.6255
4	1	2	1	2	26.12035
8	1	2	1	2	25.8427
2	1	2	1	2	24.369175
1	1	2	1	2	23.0154
8	1	1	1	2	15.187275
4	1	1	1	2	15.085175
1	1	1	1	2	14.635575
2	1	1	1	2	14.45405
