16	1	1	16	12	15499.4
16	1	1	16	16	15568.1
16	1	1	16	24	15743.9
16	1	1	16	32	15540.7
16	1	1	16	4	15731
16	1	1	16	8	14754.5
16	1	1	32	12	19679.2
16	1	1	32	16	22971.1
16	1	1	32	24	19849.7
16	1	1	32	32	21393.8
16	1	1	32	4	20147
16	1	1	32	8	22587.8
16	1	1	4	12	4124.34
16	1	1	4	16	4113.98
16	1	1	4	24	4118.94
16	1	1	4	32	4125.82
16	1	1	4	4	4121.18
16	1	1	4	8	4126.19
16	1	1	64	12	18698.6
16	1	1	64	16	19458
16	1	1	64	24	14852.9
16	1	1	64	32	16806.8
16	1	1	64	4	18751.4
16	1	1	64	8	17208.7
16	1	1	8	12	8130.39
16	1	1	8	16	8119.62
16	1	1	8	24	8153.75
16	1	1	8	32	8026.23
16	1	1	8	4	8158.2
16	1	1	8	8	8118.12
16	16	1	16	12	11700.7
16	16	1	16	16	11227
16	16	1	16	24	11606.8
16	16	1	16	4	11428.1
16	16	1	16	8	11596.8
16	16	1	32	12	5549.25
16	16	1	32	4	6473.12
16	16	1	32	8	6033.9
16	16	1	4	12	21018.2
16	16	1	4	16	19884.9
16	16	1	4	24	20849.4
16	16	1	4	32	20916.9
16	16	1	4	4	20282.9
16	16	1	4	8	19894.8
16	16	1	64	4	4920.36
16	16	1	8	12	18090.3
16	16	1	8	16	20597.7
16	16	1	8	24	20943.5
16	16	1	8	32	17784.1
16	16	1	8	4	18541.8
16	16	1	8	8	18338.8
16	32	1	16	12	8976.6
16	32	1	16	16	8919.23
16	32	1	16	4	8447.17
16	32	1	16	8	9129.94
16	32	1	32	4	6481.08
16	32	1	4	12	20012.9
16	32	1	4	16	19112.5
16	32	1	4	24	17292
16	32	1	4	32	18500.2
16	32	1	4	4	18342.4
16	32	1	4	8	18909.3
16	32	1	8	12	15527.6
16	32	1	8	16	14620.4
16	32	1	8	24	14180.3
16	32	1	8	32	14865.3
16	32	1	8	4	14992.4
16	32	1	8	8	14583.7
16	4	1	16	12	25253.4
16	4	1	16	16	24143.3
16	4	1	16	24	22346.1
16	4	1	16	32	25328.8
16	4	1	16	4	24692.8
16	4	1	16	8	22869.3
16	4	1	32	12	18894.7
16	4	1	32	16	15754.1
16	4	1	32	24	16120.8
16	4	1	32	32	16777.2
16	4	1	32	4	16592.2
16	4	1	32	8	19451.5
16	4	1	4	12	15254.9
16	4	1	4	16	15176.3
16	4	1	4	24	15367.9
16	4	1	4	32	15359.8
16	4	1	4	4	15176.5
16	4	1	4	8	15179.9
16	4	1	64	12	12578.5
16	4	1	64	16	12310.1
16	4	1	64	24	13621.6
16	4	1	64	4	11846.9
16	4	1	64	8	12738
16	4	1	8	12	25832.4
16	4	1	8	16	25788.8
16	4	1	8	24	25669.7
16	4	1	8	32	26440.9
16	4	1	8	4	26129.4
16	4	1	8	8	25333.7
16	8	1	16	12	18910
16	8	1	16	16	19806
16	8	1	16	24	19715.8
16	8	1	16	32	18969.1
16	8	1	16	4	18419.2
16	8	1	16	8	18580.6
16	8	1	32	12	13278.1
16	8	1	32	16	10603
16	8	1	32	24	11132.5
16	8	1	32	4	11763.8
16	8	1	32	8	11465.8
16	8	1	4	12	24275.8
16	8	1	4	16	23381.4
16	8	1	4	24	23345.9
16	8	1	4	32	23200.3
16	8	1	4	4	23374.6
16	8	1	4	8	23454.4
16	8	1	64	12	6486.85
16	8	1	64	4	7486.98
16	8	1	64	8	6021.52
16	8	1	8	12	22970.1
16	8	1	8	16	20658.5
16	8	1	8	24	21832.6
16	8	1	8	32	23428.1
16	8	1	8	4	22526.7
16	8	1	8	8	23331
2	1	1	16	12	3910.93
2	1	1	16	16	8586.04
2	1	1	16	24	4928.14
2	1	1	16	32	3986.44
2	1	1	16	4	7362.51
2	1	1	16	8	7534.04
2	1	1	32	12	4863.17
2	1	1	32	16	3709.78
2	1	1	32	24	4500.91
2	1	1	32	32	3239.66
2	1	1	32	4	4817.03
2	1	1	32	8	4542.24
2	1	1	4	12	3501.16
2	1	1	4	16	3495.34
2	1	1	4	24	3530.82
2	1	1	4	32	3498.11
2	1	1	4	4	3471.66
2	1	1	4	8	3513.57
2	1	1	64	12	3151.97
2	1	1	64	16	3105.3
2	1	1	64	24	3178.24
2	1	1	64	32	3221.74
2	1	1	64	4	2977.69
2	1	1	64	8	3163.83
2	1	1	8	12	6659.27
2	1	1	8	16	6618.66
2	1	1	8	24	5771.92
2	1	1	8	32	6729.76
2	1	1	8	4	5945.22
2	1	1	8	8	6684.38
2	16	1	16	12	5293.7
2	16	1	16	16	5035.58
2	16	1	16	24	5218.19
2	16	1	16	32	4741.67
2	16	1	16	4	4823.47
2	16	1	16	8	4841.94
2	16	1	32	12	4061.45
2	16	1	32	16	4438.59
2	16	1	32	24	4300.11
2	16	1	32	32	4192.83
2	16	1	32	4	4568.41
2	16	1	32	8	4565.11
2	16	1	4	12	20341.2
2	16	1	4	16	20029.8
2	16	1	4	24	20869.5
2	16	1	4	32	19923.4
2	16	1	4	4	21268
2	16	1	4	8	19977.6
2	16	1	64	12	3894.68
2	16	1	64	16	4181.95
2	16	1	64	24	4138.39
2	16	1	64	32	4477.19
2	16	1	64	4	4465.3
2	16	1	64	8	4050.16
2	16	1	8	12	17438.7
2	16	1	8	16	11797.2
2	16	1	8	24	18538.4
2	16	1	8	32	14260.7
2	16	1	8	4	19112
2	16	1	8	8	19869.8
2	32	1	16	12	5063.22
2	32	1	16	16	5014.83
2	32	1	16	24	5676.62
2	32	1	16	32	4784.73
2	32	1	16	4	5193.89
2	32	1	16	8	4969.18
2	32	1	32	12	4589.95
2	32	1	32	16	4764.5
2	32	1	32	24	4203.34
2	32	1	32	4	4218.11
2	32	1	32	8	4014.4
2	32	1	4	12	16776.5
2	32	1	4	16	16954.1
2	32	1	4	24	16722.4
2	32	1	4	32	16860.2
2	32	1	4	4	17003
2	32	1	4	8	16762.9
2	32	1	64	12	3408.38
2	32	1	64	4	3448.67
2	32	1	64	8	4218.25
2	32	1	8	12	15059.8
2	32	1	8	16	14871
2	32	1	8	24	15464.2
2	32	1	8	32	14270.2
2	32	1	8	4	14878.2
2	32	1	8	8	14765.9
2	4	1	16	12	4379.97
2	4	1	16	16	4415.64
2	4	1	16	24	4078.37
2	4	1	16	32	4728.84
2	4	1	16	4	4500.61
2	4	1	16	8	5335.48
2	4	1	32	12	3930.64
2	4	1	32	16	4014.92
2	4	1	32	24	688.864
2	4	1	32	32	3143.52
2	4	1	32	4	3910.72
2	4	1	32	8	4241.23
2	4	1	4	12	12020.6
2	4	1	4	16	12191
2	4	1	4	24	12194.5
2	4	1	4	32	12324.7
2	4	1	4	4	12016.5
2	4	1	4	8	11939.5
2	4	1	64	12	3943.12
2	4	1	64	16	4430.02
2	4	1	64	24	4427.41
2	4	1	64	32	4205.66
2	4	1	64	4	3008.37
2	4	1	64	8	4053.65
2	4	1	8	12	13502.9
2	4	1	8	16	9642.62
2	4	1	8	24	19105.9
2	4	1	8	32	12002.7
2	4	1	8	4	13402.4
2	4	1	8	8	20688.7
2	8	1	16	12	4596.05
2	8	1	16	16	4673.36
2	8	1	16	24	4598.01
2	8	1	16	32	4518.77
2	8	1	16	4	4442.75
2	8	1	16	8	4694.24
2	8	1	32	12	4269.94
2	8	1	32	16	4261.86
2	8	1	32	24	3960.19
2	8	1	32	32	4239.01
2	8	1	32	4	4151.67
2	8	1	32	8	4176.62
2	8	1	4	12	21196.9
2	8	1	4	16	21090.6
2	8	1	4	24	22213.3
2	8	1	4	32	21569
2	8	1	4	4	22860.3
2	8	1	4	8	21760
2	8	1	64	12	4405.18
2	8	1	64	16	4979.35
2	8	1	64	24	4845.79
2	8	1	64	32	4641.63
2	8	1	64	4	4134.04
2	8	1	64	8	4473.17
2	8	1	8	12	19509
2	8	1	8	16	17000.6
2	8	1	8	24	20213.3
2	8	1	8	32	13094.3
2	8	1	8	4	16505.4
2	8	1	8	8	13414.5
32	1	1	16	12	16001.9
32	1	1	16	16	15798
32	1	1	16	24	15646.8
32	1	1	16	32	15648.1
32	1	1	16	4	15901
32	1	1	16	8	15910.9
32	1	1	32	12	20211.1
32	1	1	32	16	24152.9
32	1	1	32	24	23348.2
32	1	1	32	32	25787.2
32	1	1	32	4	20864
32	1	1	32	8	25391.2
32	1	1	4	12	4142.13
32	1	1	4	16	4152.71
32	1	1	4	24	4162.85
32	1	1	4	32	4151.79
32	1	1	4	4	4150.42
32	1	1	4	8	4163.15
32	1	1	64	12	20131.2
32	1	1	64	16	18090.5
32	1	1	64	24	18757.4
32	1	1	64	32	19480.9
32	1	1	64	4	18061
32	1	1	64	8	19854.2
32	1	1	8	12	8168.92
32	1	1	8	16	8145.11
32	1	1	8	24	8148.71
32	1	1	8	32	8078.71
32	1	1	8	4	8142.13
32	1	1	8	8	8137.88
32	16	1	16	12	10273.1
32	16	1	16	4	11285.9
32	16	1	16	8	11348.6
32	16	1	32	4	8517.58
32	16	1	32	8	7123.34
32	16	1	4	12	22872
32	16	1	4	16	20639.8
32	16	1	4	24	21233
32	16	1	4	32	22000.6
32	16	1	4	4	20306.1
32	16	1	4	8	19709.8
32	16	1	8	12	16684.3
32	16	1	8	16	19744.9
32	16	1	8	24	17776.3
32	16	1	8	32	16918.9
32	16	1	8	4	17173.4
32	16	1	8	8	16748.1
32	32	1	16	4	9289.59
32	32	1	4	12	16549.2
32	32	1	4	16	16593.8
32	32	1	4	24	16071.2
32	32	1	4	32	16478.9
32	32	1	4	4	16621.6
32	32	1	4	8	16320.3
32	32	1	8	12	13668.6
32	32	1	8	16	13063.4
32	32	1	8	24	12172.8
32	32	1	8	4	13760.5
32	32	1	8	8	13194.3
32	4	1	16	12	21235
32	4	1	16	16	19515
32	4	1	16	24	20843.4
32	4	1	16	32	20291.7
32	4	1	16	4	20955.6
32	4	1	16	8	21607.7
32	4	1	32	12	12152.7
32	4	1	32	16	13393.6
32	4	1	32	24	13659.5
32	4	1	32	4	13933.6
32	4	1	32	8	13220.6
32	4	1	4	12	14994.9
32	4	1	4	16	14886.4
32	4	1	4	24	15102.8
32	4	1	4	32	14673.4
32	4	1	4	4	14681.2
32	4	1	4	8	14586.7
32	4	1	64	12	8691.07
32	4	1	64	4	7677.97
32	4	1	64	8	8071.78
32	4	1	8	12	24191.7
32	4	1	8	16	23292.9
32	4	1	8	24	23180.8
32	4	1	8	32	23050.3
32	4	1	8	4	21283
32	4	1	8	8	23000.1
32	8	1	16	12	12866.6
32	8	1	16	16	14398.9
32	8	1	16	24	13278.6
32	8	1	16	32	12604.8
32	8	1	16	4	13795.5
32	8	1	16	8	14008.1
32	8	1	32	12	7893.44
32	8	1	32	4	7028.45
32	8	1	32	8	7339.54
32	8	1	4	12	20786.2
32	8	1	4	16	20532.4
32	8	1	4	24	20770.6
32	8	1	4	32	20960.6
32	8	1	4	4	23582.2
32	8	1	4	8	19795.7
32	8	1	64	4	5608.56
32	8	1	8	12	20410.8
32	8	1	8	16	18567.9
32	8	1	8	24	19816.4
32	8	1	8	32	18672
32	8	1	8	4	18939.1
32	8	1	8	8	18442.6
4	1	1	16	12	13602.3
4	1	1	16	16	10594.8
4	1	1	16	24	12136.5
4	1	1	16	32	13020.9
4	1	1	16	4	11343.1
4	1	1	16	8	11020.6
4	1	1	32	12	11587.6
4	1	1	32	16	7505.95
4	1	1	32	24	7162.54
4	1	1	32	32	8754.55
4	1	1	32	4	8936.02
4	1	1	32	8	9933.03
4	1	1	4	12	3794.81
4	1	1	4	16	3828.34
4	1	1	4	24	3819.26
4	1	1	4	32	3809.43
4	1	1	4	4	3786.17
4	1	1	4	8	3825.29
4	1	1	64	12	5881.09
4	1	1	64	16	5284.47
4	1	1	64	24	5052.18
4	1	1	64	32	5528.1
4	1	1	64	4	6302.41
4	1	1	64	8	5024.22
4	1	1	8	12	7546.66
4	1	1	8	16	7474.17
4	1	1	8	24	7570.07
4	1	1	8	32	7616.05
4	1	1	8	4	7477.11
4	1	1	8	8	7546.95
4	16	1	16	12	8962.04
4	16	1	16	16	8192.75
4	16	1	16	24	8309.02
4	16	1	16	32	8734.59
4	16	1	16	4	15369.3
4	16	1	16	8	12337.7
4	16	1	32	12	6971.87
4	16	1	32	16	6828.42
4	16	1	32	24	7439.45
4	16	1	32	32	7162.66
4	16	1	32	4	6435.17
4	16	1	32	8	7456.4
4	16	1	4	12	23379.1
4	16	1	4	16	23754
4	16	1	4	24	22824
4	16	1	4	32	23236.9
4	16	1	4	4	23160.8
4	16	1	4	8	23635.2
4	16	1	64	12	5553.37
4	16	1	64	16	6175.05
4	16	1	64	4	5880.16
4	16	1	64	8	5826.16
4	16	1	8	12	22186.7
4	16	1	8	16	23242.2
4	16	1	8	24	22925.9
4	16	1	8	32	17426
4	16	1	8	4	22397.2
4	16	1	8	8	24025.4
4	32	1	16	12	8837.27
4	32	1	16	16	8986.37
4	32	1	16	24	7916.83
4	32	1	16	32	10082.5
4	32	1	16	4	9673.29
4	32	1	16	8	8641.66
4	32	1	32	12	6650.26
4	32	1	32	16	6021.16
4	32	1	32	4	6036.19
4	32	1	32	8	6115.33
4	32	1	4	12	19690.4
4	32	1	4	16	19457.7
4	32	1	4	24	19626.9
4	32	1	4	32	20086.2
4	32	1	4	4	20358.1
4	32	1	4	8	20276.2
4	32	1	64	4	3967.24
4	32	1	64	8	4485.24
4	32	1	8	12	17824.1
4	32	1	8	16	17491.5
4	32	1	8	24	19853.3
4	32	1	8	32	15843
4	32	1	8	4	17277.7
4	32	1	8	8	17004.2
4	4	1	16	12	8308.12
4	4	1	16	16	7349.94
4	4	1	16	24	7623.19
4	4	1	16	32	7074.07
4	4	1	16	4	15510.4
4	4	1	16	8	8702.74
4	4	1	32	12	6989.31
4	4	1	32	16	6526.02
4	4	1	32	24	6260.62
4	4	1	32	32	7531.5
4	4	1	32	4	8074.42
4	4	1	32	8	6801.84
4	4	1	4	12	13954.8
4	4	1	4	16	14073.9
4	4	1	4	24	14056.5
4	4	1	4	32	14168.1
4	4	1	4	4	14258.1
4	4	1	4	8	14166.6
4	4	1	64	12	6964.58
4	4	1	64	16	6754.58
4	4	1	64	24	6994.59
4	4	1	64	32	6547.84
4	4	1	64	4	6727.32
4	4	1	64	8	6871.4
4	4	1	8	12	23737.4
4	4	1	8	16	25050.2
4	4	1	8	24	23646.1
4	4	1	8	32	19780.3
4	4	1	8	4	20233.2
4	4	1	8	8	21151.6
4	8	1	16	12	8348.5
4	8	1	16	16	9270.76
4	8	1	16	24	7609.31
4	8	1	16	32	11041.3
4	8	1	16	4	7674.96
4	8	1	16	8	7122.3
4	8	1	32	12	7173.3
4	8	1	32	16	6767.88
4	8	1	32	24	6739.35
4	8	1	32	32	7174.32
4	8	1	32	4	7374.07
4	8	1	32	8	6417.42
4	8	1	4	12	25136
4	8	1	4	16	24285.3
4	8	1	4	24	22750.1
4	8	1	4	32	23929.9
4	8	1	4	4	24028.2
4	8	1	4	8	23151.6
4	8	1	64	12	7549.54
4	8	1	64	16	7283.43
4	8	1	64	24	7667.64
4	8	1	64	32	6721.44
4	8	1	64	4	6621.39
4	8	1	64	8	7081.37
4	8	1	8	12	23646
4	8	1	8	16	21540.1
4	8	1	8	24	17513.5
4	8	1	8	32	19410.8
4	8	1	8	4	18934.6
4	8	1	8	8	19340.4
64	1	1	16	12	15398.3
64	1	1	16	16	15151.8
64	1	1	16	24	15502.9
64	1	1	16	32	15595.7
64	1	1	16	4	15482.4
64	1	1	16	8	15407
64	1	1	32	12	18515.9
64	1	1	32	16	18031.7
64	1	1	32	24	20666.1
64	1	1	32	32	20091.3
64	1	1	32	4	20320.1
64	1	1	32	8	22631.6
64	1	1	4	12	4133.62
64	1	1	4	16	4128.58
64	1	1	4	24	4130.17
64	1	1	4	32	4126.62
64	1	1	4	4	4134.22
64	1	1	4	8	4108.81
64	1	1	64	12	15800.5
64	1	1	64	16	14677.5
64	1	1	64	24	15597.4
64	1	1	64	4	14642.3
64	1	1	64	8	13380.6
64	1	1	8	12	8170.68
64	1	1	8	16	8183.54
64	1	1	8	24	8163.04
64	1	1	8	32	8034.26
64	1	1	8	4	8173.07
64	1	1	8	8	8185.33
64	16	1	16	4	9255.75
64	16	1	32	4	4684.13
64	16	1	4	12	14584.8
64	16	1	4	16	14658.5
64	16	1	4	24	14602
64	16	1	4	32	14234.6
64	16	1	4	4	14405.4
64	16	1	4	8	15592.2
64	16	1	8	12	10274.8
64	16	1	8	16	10369.2
64	16	1	8	24	11099.6
64	16	1	8	4	10257.1
64	16	1	8	8	10711
64	32	1	4	12	10601.2
64	32	1	4	16	9936.55
64	32	1	4	24	10315.3
64	32	1	4	32	10301.9
64	32	1	4	4	9511.41
64	32	1	4	8	10200.9
64	32	1	8	12	8052.2
64	32	1	8	4	9142.97
64	32	1	8	8	9709.01
64	4	1	16	12	15561.8
64	4	1	16	16	13921.8
64	4	1	16	24	13382.1
64	4	1	16	32	13160.3
64	4	1	16	4	13518.1
64	4	1	16	8	13730.8
64	4	1	32	12	8529.96
64	4	1	32	16	8671.3
64	4	1	32	4	7917.62
64	4	1	32	8	9644.73
64	4	1	4	12	13674.5
64	4	1	4	16	14216.3
64	4	1	4	24	14191.2
64	4	1	4	32	13817.6
64	4	1	4	4	13921.8
64	4	1	4	8	13800.7
64	4	1	64	4	6760.26
64	4	1	8	12	17165.9
64	4	1	8	16	18314.6
64	4	1	8	24	19352.8
64	4	1	8	32	22636.4
64	4	1	8	4	19058
64	4	1	8	8	19564.1
64	8	1	16	12	9562.86
64	8	1	16	16	9933.74
64	8	1	16	4	10418
64	8	1	16	8	9610.56
64	8	1	32	4	7817.8
64	8	1	32	8	7949.66
64	8	1	4	12	18050.1
64	8	1	4	16	19021.4
64	8	1	4	24	16924.5
64	8	1	4	32	18413
64	8	1	4	4	18821.4
64	8	1	4	8	18071.5
64	8	1	8	12	15137.6
64	8	1	8	16	16070.1
64	8	1	8	24	13934.8
64	8	1	8	32	14761.8
64	8	1	8	4	13891.7
64	8	1	8	8	13568.1
8	1	1	16	12	14454
8	1	1	16	16	14728.1
8	1	1	16	24	14970.3
8	1	1	16	32	15019.7
8	1	1	16	4	13468.5
8	1	1	16	8	14526.3
8	1	1	32	12	16096.2
8	1	1	32	16	11539.4
8	1	1	32	24	16083.3
8	1	1	32	32	15537.3
8	1	1	32	4	14460.2
8	1	1	32	8	17726.4
8	1	1	4	12	4014.67
8	1	1	4	16	4027.24
8	1	1	4	24	4024.61
8	1	1	4	32	3972.9
8	1	1	4	4	4018.02
8	1	1	4	8	4021.57
8	1	1	64	12	8407.27
8	1	1	64	16	8962.36
8	1	1	64	24	9366.15
8	1	1	64	32	9698.34
8	1	1	64	4	12053.6
8	1	1	64	8	10243.6
8	1	1	8	12	7916.63
8	1	1	8	16	7924.75
8	1	1	8	24	7937.6
8	1	1	8	32	7894.6
8	1	1	8	4	7873.89
8	1	1	8	8	7941.38
8	16	1	16	12	14396.3
8	16	1	16	16	14868.8
8	16	1	16	24	12592.6
8	16	1	16	32	15275.8
8	16	1	16	4	13479.1
8	16	1	16	8	14959.8
8	16	1	32	12	7337.75
8	16	1	32	16	7817.62
8	16	1	32	24	7391.49
8	16	1	32	4	9043.04
8	16	1	32	8	8772.58
8	16	1	4	12	22233.7
8	16	1	4	16	22914.4
8	16	1	4	24	22068
8	16	1	4	32	18239
8	16	1	4	4	22439.6
8	16	1	4	8	21626.1
8	16	1	64	12	5190.59
8	16	1	64	4	4878.74
8	16	1	64	8	5149.79
8	16	1	8	12	23136.4
8	16	1	8	16	22199.7
8	16	1	8	24	19048.7
8	16	1	8	32	20172.1
8	16	1	8	4	18524.6
8	16	1	8	8	20812.1
8	32	1	16	12	8501.11
8	32	1	16	16	7491.19
8	32	1	16	24	7913.14
8	32	1	16	32	7194.72
8	32	1	16	4	7928.18
8	32	1	16	8	8715.24
8	32	1	32	12	4395.2
8	32	1	32	4	4269.41
8	32	1	32	8	4776.06
8	32	1	4	12	19238
8	32	1	4	16	18963.3
8	32	1	4	24	20910.4
8	32	1	4	32	19327.1
8	32	1	4	4	19485.2
8	32	1	4	8	19646.2
8	32	1	64	4	4109.82
8	32	1	8	12	17505.8
8	32	1	8	16	14231.3
8	32	1	8	24	16228.4
8	32	1	8	32	18276.1
8	32	1	8	4	14520.8
8	32	1	8	8	16870.7
8	4	1	16	12	21755.1
8	4	1	16	16	13588.9
8	4	1	16	24	18340.3
8	4	1	16	32	19310.5
8	4	1	16	4	22619.9
8	4	1	16	8	19171.1
8	4	1	32	12	17901.6
8	4	1	32	16	12021.2
8	4	1	32	24	12957.4
8	4	1	32	32	12997.2
8	4	1	32	4	15722.2
8	4	1	32	8	14516.9
8	4	1	4	12	15227.6
8	4	1	4	16	14973.2
8	4	1	4	24	15181.7
8	4	1	4	32	15260.7
8	4	1	4	4	15135.3
8	4	1	4	8	15185.6
8	4	1	64	12	13088.5
8	4	1	64	16	11184.3
8	4	1	64	24	12428
8	4	1	64	32	11857.5
8	4	1	64	4	12094.9
8	4	1	64	8	10458.1
8	4	1	8	12	26071.8
8	4	1	8	16	25054.5
8	4	1	8	24	25959.7
8	4	1	8	32	25392.2
8	4	1	8	4	24570.6
8	4	1	8	8	25347.1
8	8	1	16	12	22862.7
8	8	1	16	16	15559.1
8	8	1	16	24	22355.7
8	8	1	16	32	19404.2
8	8	1	16	4	18708.7
8	8	1	16	8	15659.5
8	8	1	32	12	11717.4
8	8	1	32	16	12393.6
8	8	1	32	24	10547.5
8	8	1	32	32	13085.3
8	8	1	32	4	13489.8
8	8	1	32	8	11745.7
8	8	1	4	12	25493.8
8	8	1	4	16	25648.3
8	8	1	4	24	25175.2
8	8	1	4	32	25672.2
8	8	1	4	4	25774.3
8	8	1	4	8	24872.8
8	8	1	64	12	9641
8	8	1	64	16	10835.6
8	8	1	64	24	9441.61
8	8	1	64	4	9779.07
8	8	1	64	8	9282.28
8	8	1	8	12	24348.4
8	8	1	8	16	24698.8
8	8	1	8	24	24550.7
8	8	1	8	32	24963.6
8	8	1	8	4	24988.4
8	8	1	8	8	24896.2
