16	1	1	16	4	15235.6
16	1	1	32	4	21874.2
16	1	1	4	4	4119.23
16	1	1	64	4	16375.5
16	1	1	8	4	8145.9
16	16	1	16	4	12521
16	16	1	32	4	6653.83
16	16	1	4	4	20489.2
16	16	1	64	4	5286.08
16	16	1	8	4	17450
16	32	1	16	4	8808.52
16	32	1	32	4	6748.11
16	32	1	4	4	17913.6
16	32	1	8	4	15123.8
16	4	1	16	4	25049.8
16	4	1	32	4	16481
16	4	1	4	4	15421.5
16	4	1	64	4	12858.7
16	4	1	8	4	26957.2
16	8	1	16	4	18827.5
16	8	1	32	4	10911.4
16	8	1	4	4	23262.7
16	8	1	64	4	7289.42
16	8	1	8	4	22827.8
2	1	1	16	4	6949.97
2	1	1	32	4	4877.21
2	1	1	4	4	3359.04
2	1	1	64	4	3199.05
2	1	1	8	4	6147.45
2	16	1	16	4	4700.55
2	16	1	32	4	4159.06
2	16	1	4	4	21070.6
2	16	1	64	4	5168.12
2	16	1	8	4	16863.9
2	32	1	16	4	5099.94
2	32	1	32	4	4241.7
2	32	1	4	4	17054.3
2	32	1	64	4	4181.27
2	32	1	8	4	15259.1
2	4	1	16	4	4775.37
2	4	1	32	4	3917.84
2	4	1	4	4	12040
2	4	1	64	4	4043.33
2	4	1	8	4	16240.3
2	8	1	16	4	4412.53
2	8	1	32	4	4292.79
2	8	1	4	4	21808.3
2	8	1	64	4	4460.98
2	8	1	8	4	19802.2
32	1	1	16	4	15083
32	1	1	32	4	23261
32	1	1	4	4	4136.54
32	1	1	64	4	19028.2
32	1	1	8	4	8108.77
32	16	1	16	4	10299.9
32	16	1	32	4	7583.67
32	16	1	4	4	19187.2
32	16	1	8	4	14659.4
32	32	1	16	4	8050.13
32	32	1	4	4	14544.6
32	32	1	8	4	11139.7
32	4	1	16	4	20130.1
32	4	1	32	4	14412.9
32	4	1	4	4	14875
32	4	1	64	4	8449.28
32	4	1	8	4	23360.4
32	8	1	16	4	12976.4
32	8	1	32	4	8634.45
32	8	1	4	4	19958.8
32	8	1	64	4	6050.47
32	8	1	8	4	19089.5
4	1	1	16	4	9946.16
4	1	1	32	4	9430.32
4	1	1	4	4	3810.2
4	1	1	64	4	5690.38
4	1	1	8	4	7236.58
4	16	1	16	4	7754.53
4	16	1	32	4	8290.07
4	16	1	4	4	23616.4
4	16	1	64	4	6174.97
4	16	1	8	4	21515.6
4	32	1	16	4	11008.9
4	32	1	32	4	6179.26
4	32	1	4	4	19849.3
4	32	1	64	4	4254.27
4	32	1	8	4	15142.8
4	4	1	16	4	15031.1
4	4	1	32	4	8564.58
4	4	1	4	4	14061.5
4	4	1	64	4	7455.51
4	4	1	8	4	24965.3
4	8	1	16	4	8024.21
4	8	1	32	4	7490.77
4	8	1	4	4	24961.6
4	8	1	64	4	7721.84
4	8	1	8	4	20260.6
64	1	1	16	4	15466.2
64	1	1	32	4	21437
64	1	1	4	4	4121.05
64	1	1	64	4	16382.1
64	1	1	8	4	8138.78
64	16	1	16	4	9640.38
64	16	1	32	4	5307.77
64	16	1	4	4	14476.6
64	16	1	8	4	11099.8
64	32	1	4	4	10179.2
64	32	1	8	4	9610.88
64	4	1	16	4	14933.1
64	4	1	32	4	9619.08
64	4	1	4	4	13904.9
64	4	1	64	4	6581.04
64	4	1	8	4	20152.8
64	8	1	16	4	10506.6
64	8	1	32	4	9200.75
64	8	1	4	4	18560
64	8	1	8	4	14411.4
8	1	1	16	4	13822.4
8	1	1	32	4	13197.1
8	1	1	4	4	4018.33
8	1	1	64	4	11401.1
8	1	1	8	4	8002.97
8	16	1	16	4	15134
8	16	1	32	4	9467.67
8	16	1	4	4	22298
8	16	1	64	4	5818.75
8	16	1	8	4	21333.8
8	32	1	16	4	8051.74
8	32	1	32	4	4946.45
8	32	1	4	4	19226.6
8	32	1	64	4	4345.91
8	32	1	8	4	17876.3
8	4	1	16	4	20260.5
8	4	1	32	4	12936.4
8	4	1	4	4	15245
8	4	1	64	4	12756.9
8	4	1	8	4	24899.3
8	8	1	16	4	20853.8
8	8	1	32	4	12689.1
8	8	1	4	4	25841.1
8	8	1	64	4	10249.3
8	8	1	8	4	23841.1
