16	4	1	8	4	27028.1
8	4	1	8	4	25979.2
16	1	1	32	4	25868.5
8	8	1	4	4	25750.9
4	4	1	8	4	25714.1
8	8	1	8	4	25399.8
16	4	1	16	4	25351.1
8	16	1	4	4	25156.3
16	16	1	4	4	25034.7
64	4	1	8	4	24927.6
4	8	1	4	4	24916
32	4	1	8	4	24655.4
64	1	1	32	4	24596.8
16	8	1	8	4	24280.6
8	16	1	8	4	24188.3
16	1	1	64	4	24137.4
8	32	1	8	4	24013.4
32	1	1	32	4	24003.7
32	4	1	16	4	23926.4
4	8	1	8	4	23852.3
16	8	1	4	4	23182.1
8	16	1	16	4	23168.2
4	4	1	16	4	23027.3
8	8	1	16	4	22981.3
32	8	1	4	4	22822.2
16	16	1	8	4	22689.3
4	16	1	4	4	22580.9
8	32	1	4	4	22542.4
4	16	1	8	4	22535.1
16	4	1	32	4	22359.5
32	16	1	4	4	22273.1
32	1	1	64	4	22186.8
64	8	1	4	4	22072.3
2	8	1	4	4	21831.6
2	4	1	8	4	21303.3
32	8	1	8	4	21002.8
2	8	1	8	4	20960.1
8	4	1	16	4	20856
4	32	1	4	4	20719.7
16	8	1	16	4	20637.4
16	16	1	16	4	20311.5
2	16	1	8	4	20264.7
2	16	1	4	4	20152.9
32	16	1	8	4	19949.8
4	32	1	8	4	19866.8
64	4	1	16	4	19823.6
128	4	1	8	4	19358.8
128	1	1	32	4	19349.5
64	8	1	8	4	19287
16	32	1	4	4	19220.7
2	8	1	16	4	19090.8
128	2	8	8	4	18817
64	4	8	8	4	18731.6
64	4	8	4	4	18666.9
2	16	1	16	4	18628.6
8	24	1	4	4	18117.3
16	32	1	8	4	18097.8
8	32	1	16	4	18041.4
32	4	8	4	4	18040.7
32	4	8	8	4	18019.5
16	24	1	4	4	18019.4
128	4	8	4	4	17997.7
2	4	1	16	4	17980.1
8	4	1	64	4	17973.7
8	24	1	8	4	17952.5
32	4	8	16	4	17658.1
32	8	1	16	4	17606.9
8	16	1	32	4	17583.5
32	2	8	8	4	17577
32	1	8	8	4	17474.4
64	1	1	64	4	17463.9
64	1	8	4	4	17394.1
32	2	8	16	4	17281.2
64	16	1	4	4	17211.3
128	1	8	4	4	17193.7
8	8	1	32	4	17175.5
32	1	8	4	4	17066.6
128	8	1	4	4	17065.9
16	1	1	128	4	17026.4
16	16	1	2	4	17015
2	32	1	4	4	16959.8
4	24	1	4	4	16912.7
64	2	8	8	4	16905.7
128	2	8	4	4	16795.2
2	32	1	8	4	16720.1
64	1	8	32	4	16668.9
128	1	8	16	4	16641.8
4	1	1	128	4	16629.1
32	32	1	4	4	16550.8
64	1	8	8	4	16538.8
16	4	1	64	4	16536.1
64	2	8	16	4	16529.7
64	2	8	2	4	16420.9
32	1	1	128	4	16391.6
2	32	1	16	4	16375.9
128	1	8	8	4	16327.3
4	32	1	16	4	16300.5
32	1	8	32	4	16291.7
64	1	8	16	4	16258.2
8	1	1	32	4	16144.5
32	1	8	16	4	16107.5
64	2	8	4	4	16075.3
8	32	1	2	4	15961.6
4	1	1	64	4	15916
32	2	1	8	4	15903.1
32	2	8	4	4	15875
32	1	1	16	4	15864.1
128	4	8	8	4	15846.6
16	1	8	8	4	15738.8
16	2	1	8	4	15735
64	1	1	16	4	15713.8
64	4	8	16	4	15702.5
32	16	1	2	4	15697.3
16	2	1	16	4	15695.7
16	1	1	16	4	15668.3
4	16	1	2	4	15603
16	2	8	16	4	15587.1
8	24	1	16	4	15582.8
16	1	8	4	4	15577.5
64	2	1	8	4	15546.8
32	4	1	32	4	15523.2
4	24	1	8	4	15512.8
32	2	8	32	4	15492.1
16	2	8	8	4	15487.2
16	4	1	4	4	15482.5
16	2	8	2	4	15469.3
32	2	8	2	4	15461.1
8	16	1	2	4	15456.1
16	8	1	32	4	15443.8
16	24	1	2	4	15432.9
8	4	1	128	4	15429.6
16	1	8	16	4	15400.7
32	2	1	16	4	15364.3
4	32	1	2	4	15354.1
128	1	1	16	4	15336
32	1	8	64	4	15250.2
64	2	1	16	4	15246.2
8	2	1	8	4	15215.8
32	24	1	4	4	15191.1
8	4	1	4	4	15186.1
4	24	1	2	4	15151
2	16	1	32	4	15135.5
32	4	1	4	4	15135.3
16	2	8	4	4	15100.8
16	4	8	4	4	15095.4
16	1	8	32	4	15091.8
64	4	1	4	4	15054.5
32	4	8	2	4	15048.2
16	4	8	8	4	15028.6
4	24	1	16	4	15008.6
16	2	1	32	4	15004.1
8	4	1	32	4	14989.1
16	24	1	8	4	14979.7
2	16	1	64	4	14950.3
32	24	1	8	4	14936.2
128	2	1	8	4	14853.2
8	24	1	2	4	14798.3
2	16	1	2	4	14787.3
64	8	1	16	4	14741
128	2	8	2	4	14730.9
4	1	1	32	4	14718.4
8	2	1	16	4	14648
16	4	8	16	4	14628.6
4	16	1	32	4	14568.4
32	2	1	32	4	14515.7
2	32	1	2	4	14489.5
16	4	8	2	4	14489.4
64	16	1	2	4	14485.2
128	4	1	16	4	14453.1
16	1	8	64	4	14444.5
2	24	1	4	4	14438
32	16	1	16	4	14425.3
8	2	1	32	4	14406.1
2	8	1	64	4	14388.2
4	2	1	8	4	14377
16	2	8	32	4	14376.5
2	32	1	32	4	14362.9
64	2	8	32	4	14340.5
64	4	8	2	4	14336.1
4	1	1	16	4	14311.9
4	4	1	4	4	14310.5
4	16	1	16	4	14275.3
16	32	1	2	4	14275
32	32	1	2	4	14202.4
128	4	8	2	4	14181.9
128	4	1	4	4	14101.6
4	2	1	16	4	14070.7
16	2	1	64	4	14010.2
2	8	1	32	4	13987
2	24	1	8	4	13959
8	1	1	16	4	13945
8	2	1	64	4	13911.6
128	8	1	8	4	13860.6
32	32	1	8	4	13821.6
64	24	1	8	4	13806.3
64	16	1	8	4	13793.7
32	24	1	2	4	13780.6
2	24	1	2	4	13748
2	4	1	64	4	13735.5
4	2	1	32	4	13646.7
16	4	8	32	4	13628.4
128	1	1	64	4	13580.4
8	8	1	2	4	13545.4
128	1	8	32	4	13537.9
32	32	1	16	4	13528
32	2	8	64	4	13404.4
8	24	1	32	4	13388
128	16	1	8	4	13321.5
16	8	1	2	4	13277.8
16	1	8	128	4	13271.3
16	2	8	64	4	13219.1
64	4	1	32	4	13205.3
128	2	8	16	4	13204.9
2	24	1	16	4	13193.1
2	4	1	32	4	13154.2
64	16	1	16	4	13139.8
4	2	1	64	4	13060.1
128	8	1	16	4	13021.9
64	24	1	4	4	13007.4
32	4	8	32	4	13006
8	2	1	128	4	13002.3
4	8	1	16	4	12984.9
4	8	1	2	4	12974.2
64	1	8	64	4	12951.3
16	16	1	32	4	12815.2
64	8	1	2	4	12689.6
64	1	8	2	4	12687.5
128	1	8	2	4	12647.8
32	24	1	16	4	12595.7
8	8	1	64	4	12562
2	2	1	8	4	12556.8
2	8	1	128	4	12547.9
64	1	1	128	4	12502.5
64	32	1	8	4	12456.3
2	1	1	16	4	12418.4
128	2	1	16	4	12405.8
8	1	1	64	4	12373.8
32	8	1	2	4	12359.1
8	1	1	128	4	12285.9
32	1	8	2	4	12275.1
2	2	1	16	4	12242.9
4	2	1	128	4	12237.2
2	24	1	32	4	12202.8
2	4	1	4	4	12194.9
16	24	1	16	4	12172
64	24	1	2	4	12106.9
64	4	1	64	4	12092
2	4	1	128	4	12086.1
8	16	1	64	4	12058
128	16	1	2	4	12002.1
64	32	1	2	4	11935
128	16	1	4	4	11851.8
32	4	1	64	4	11848.3
128	8	1	2	4	11790.2
64	2	1	32	4	11784.9
16	32	1	16	4	11780.9
128	4	1	32	4	11776.7
64	8	1	32	4	11773.1
2	2	1	64	4	11771.9
32	2	1	64	4	11636.8
2	2	1	32	4	11634.9
64	32	1	4	4	11587
32	16	1	32	4	11551.1
2	16	1	128	4	11529.4
2	8	1	2	4	11500.6
8	32	1	32	4	11447
16	24	1	32	4	11388
32	8	1	32	4	11351
128	4	8	16	4	11345.7
4	4	1	64	4	11209.6
16	4	1	128	4	11081.3
4	4	1	32	4	11011.1
16	8	1	64	4	11004
4	8	1	32	4	10980.2
2	1	1	128	4	10966.5
8	24	1	64	4	10944.6
2	32	1	64	4	10900.9
64	1	4	8	4	10879.4
32	1	4	8	4	10814.8
32	1	4	32	4	10814.5
128	1	1	128	4	10813.4
16	2	1	128	4	10793
16	1	8	2	4	10757.9
128	24	1	4	4	10755.5
64	4	8	32	4	10729.2
4	8	1	64	4	10709.6
16	4	8	64	4	10676.6
16	1	4	8	4	10495.1
32	1	4	16	4	10460.7
2	24	1	64	4	10449.6
4	4	1	128	4	10409.2
128	24	1	2	4	10392.3
16	1	4	32	4	10277.6
2	1	1	32	4	10218.7
128	32	1	4	4	10202.5
32	1	4	64	4	10199.9
64	1	4	16	4	10198.7
64	1	4	32	4	10124.3
16	1	4	16	4	10119.3
16	1	4	64	4	10114.1
32	4	8	64	4	10092.5
2	2	1	128	4	9963.89
32	2	4	4	4	9929.69
128	2	4	8	4	9869.2
32	1	4	4	4	9860.28
128	2	8	32	4	9855.31
64	1	4	4	4	9802.14
8	8	1	128	4	9786.46
32	2	4	8	4	9764.85
2	1	1	64	4	9641.28
128	1	4	4	4	9560.51
16	2	4	4	4	9537.11
4	24	1	32	4	9535.34
128	1	4	8	4	9531.32
16	1	4	4	4	9516.9
64	2	8	64	4	9480.06
32	4	1	128	4	9479.8
32	2	4	32	4	9382.62
16	2	4	8	4	9378.48
128	32	1	2	4	9362.49
8	16	1	1	4	9303.67
128	1	8	64	4	9278.53
8	16	1	128	4	9255.84
8	1	4	8	4	9253.12
8	32	1	64	4	9215.66
16	2	4	64	4	9201.11
64	2	4	2	4	9179.75
64	2	4	4	4	9144.66
8	24	1	1	4	9130.24
8	1	4	16	4	9129.44
2	24	1	128	4	9096.02
64	2	4	16	4	9093.07
16	4	8	1	4	9090.66
4	24	1	64	4	9064.48
8	1	4	32	4	9056.82
128	1	4	16	4	9045.84
64	2	4	8	4	9045.03
4	24	1	1	4	9011.09
32	2	4	2	4	8998.02
8	2	4	4	4	8930.05
64	2	8	1	4	8896.18
16	2	4	16	4	8821.91
8	1	4	64	4	8811.4
32	16	1	1	4	8754.73
16	2	4	32	4	8729.76
16	24	1	1	4	8728.07
8	2	4	16	4	8691.02
128	2	4	2	4	8689.55
32	4	8	1	4	8689.49
32	2	4	16	4	8675.25
128	2	1	32	4	8606.78
8	32	1	1	4	8605.79
128	2	8	1	4	8596.3
16	2	4	2	4	8585.67
4	32	1	32	4	8546.98
16	2	8	1	4	8537.92
4	16	1	1	4	8535.56
8	2	4	8	4	8532.23
64	4	4	8	4	8529.88
32	8	1	64	4	8529.6
16	8	1	128	4	8488.74
8	1	4	4	4	8458.53
64	2	1	64	4	8455.04
4	16	1	64	4	8397.31
128	4	4	2	4	8368.45
4	8	1	128	4	8365.88
8	2	4	32	4	8262.07
32	2	1	128	4	8253.81
32	2	8	1	4	8236.66
64	1	1	8	4	8235.3
64	4	8	1	4	8208.52
32	1	1	8	4	8183
4	32	1	1	4	8179.54
16	1	1	8	4	8175.32
128	2	4	4	4	8165.63
32	2	1	4	4	8104.46
64	2	1	4	4	8102.39
16	2	1	4	4	8101.86
128	1	1	8	4	8077.66
8	2	4	64	4	8070.89
128	4	8	1	4	8008.64
2	32	1	1	4	7990.47
16	4	1	2	4	7975.06
128	2	1	4	4	7974.12
8	1	1	8	4	7973.08
64	4	1	2	4	7890.36
8	2	4	2	4	7885.37
32	4	1	2	4	7884.66
8	2	1	4	4	7861.13
2	16	1	1	4	7854.49
16	32	1	1	4	7838.43
128	2	1	64	4	7801.79
64	2	1	128	4	7795.42
8	4	1	2	4	7759.88
16	32	1	32	4	7730.76
32	24	1	1	4	7730.62
4	16	1	128	4	7727.19
128	4	1	2	4	7677.99
16	16	1	1	4	7666.21
4	1	1	8	4	7633.23
2	32	1	128	4	7605.52
2	24	1	1	4	7570.33
4	2	4	4	4	7569.04
128	24	1	1	4	7497.8
4	2	4	16	4	7438.41
32	32	1	1	4	7435.24
128	24	1	8	4	7431.82
32	4	4	1	4	7409.33
4	2	4	8	4	7389.5
4	2	1	4	4	7379.29
64	32	1	1	4	7370.71
16	4	4	1	4	7363.53
16	16	1	64	4	7332
8	1	2	8	4	7328.03
64	4	4	1	4	7326.36
64	24	1	1	4	7296.6
64	24	1	16	4	7256.23
8	1	2	32	4	7241.06
32	4	4	4	4	7235.61
16	1	2	16	4	7207.76
128	32	1	8	4	7172.89
32	1	2	32	4	7164.97
4	4	1	2	4	7148.51
128	16	1	16	4	7147.41
4	2	4	32	4	7113.43
16	2	2	4	4	7103.45
128	4	4	1	4	7077.24
64	1	8	1	4	7071.87
128	1	8	1	4	7061.49
64	16	1	1	4	7059.48
8	1	2	16	4	7048.25
8	4	4	1	4	7030.5
16	1	2	8	4	7019.56
16	8	1	1	4	7001.49
4	2	4	64	4	6985.95
4	24	1	128	4	6984.23
32	8	1	1	4	6950.39
2	1	1	8	4	6943.65
4	1	4	16	4	6929.65
8	8	1	1	4	6926.93
32	1	2	16	4	6914.74
4	1	2	64	4	6899.06
32	2	2	4	4	6898.94
4	2	2	4	4	6889.99
4	1	2	16	4	6844.72
128	16	1	1	4	6840.01
8	1	8	8	4	6838.06
32	24	1	32	4	6835.07
4	1	4	8	4	6833.24
8	2	2	4	4	6826.05
16	1	2	32	4	6791.69
2	1	2	32	4	6784.22
8	2	8	2	4	6764.78
32	1	2	8	4	6751.04
32	1	8	1	4	6750.8
128	4	4	4	4	6742.73
8	1	8	4	4	6742.6
2	1	2	64	4	6736.11
128	32	1	1	4	6734.76
8	4	4	4	4	6730.43
8	4	4	8	4	6723.75
8	1	8	16	4	6722.52
8	4	4	2	4	6712.06
64	8	1	1	4	6711.6
8	1	2	64	4	6694.44
32	2	2	2	4	6685.64
64	2	2	2	4	6682.02
16	4	4	2	4	6677.42
4	1	2	8	4	6675.84
16	4	4	4	4	6672.53
8	1	8	32	4	6667.97
2	1	2	128	4	6648.1
4	1	4	32	4	6645.82
8	4	4	16	4	6636.59
16	4	4	32	4	6626.91
8	4	4	32	4	6624.32
4	1	2	32	4	6624.13
4	1	2	128	4	6618.81
16	1	2	4	4	6616.86
2	2	1	4	4	6615.71
16	4	4	8	4	6607.09
4	1	4	64	4	6606.84
128	8	1	1	4	6603.63
2	1	2	16	4	6595.05
8	2	8	4	4	6590.81
16	4	4	16	4	6578.83
8	2	2	16	4	6572.39
128	2	2	4	4	6567.31
8	2	8	8	4	6560.78
4	4	4	4	4	6557.11
4	8	1	1	4	6555.81
32	4	4	2	4	6548.4
2	1	2	8	4	6545.46
4	32	1	64	4	6536.58
64	2	2	4	4	6536.41
4	4	4	8	4	6514.65
64	16	1	32	4	6513.37
2	2	2	4	4	6503.68
4	4	4	2	4	6496.21
32	4	4	16	4	6484.68
16	2	2	2	4	6479.45
8	1	8	64	4	6461.67
8	2	8	16	4	6445.38
64	1	2	4	4	6444.46
16	1	2	64	4	6443.53
128	2	2	2	4	6438.8
32	4	4	8	4	6437.87
32	1	2	4	4	6431.03
4	1	4	4	4	6425.59
128	1	4	2	4	6425.1
128	8	1	32	4	6414.11
4	4	4	32	4	6413.76
64	1	2	8	4	6410.99
8	2	8	32	4	6399.23
64	4	4	2	4	6389.86
8	2	8	64	4	6378.71
4	4	4	16	4	6378.54
4	2	4	2	4	6364.74
64	4	4	4	4	6363.53
4	1	4	128	4	6335.61
128	1	2	4	4	6330.48
64	1	4	2	4	6300.4
8	1	2	128	4	6298.47
64	1	2	16	4	6297.76
8	1	2	4	4	6261.16
16	8	4	2	4	6241.1
4	4	4	64	4	6240.37
32	1	4	2	4	6235.18
16	4	2	1	4	6232.46
4	4	2	2	4	6211.79
8	2	2	2	4	6192.68
8	8	4	2	4	6189.02
16	8	4	4	4	6185.15
8	2	2	8	4	6183.19
8	4	8	2	4	6182.82
16	8	4	1	4	6175.41
2	4	1	2	4	6170.39
32	8	4	8	4	6155.55
32	8	4	2	4	6120.86
16	8	4	8	4	6113.29
8	8	4	4	4	6106.27
8	2	2	32	4	6100.51
8	8	4	1	4	6084.78
32	4	2	1	4	6083.2
8	8	4	16	4	6077.27
32	8	4	4	4	6076.28
8	8	4	8	4	6055.66
8	4	2	1	4	6054.34
8	4	2	2	4	6044.67
64	4	2	1	4	6018.65
32	8	4	1	4	6003.78
2	4	4	2	4	5999.19
4	2	2	8	4	5987.35
4	4	4	1	4	5982.34
64	8	4	4	4	5978.27
8	4	8	4	4	5967.78
16	1	8	1	4	5962.46
8	4	8	1	4	5955.6
128	4	2	2	4	5943.53
128	1	2	8	4	5941.63
16	2	2	32	4	5939.34
16	8	4	16	4	5933.23
4	2	2	32	4	5932.18
16	1	4	2	4	5921.75
64	2	4	1	4	5909.81
16	4	2	2	4	5908.18
4	8	4	2	4	5901.78
64	8	4	2	4	5892.44
128	2	4	1	4	5877.08
8	8	4	32	4	5874.74
2	2	4	16	4	5871.27
4	8	4	1	4	5864.52
128	4	2	1	4	5861.44
2	2	4	4	4	5855.39
2	2	2	8	4	5844.59
2	2	4	8	4	5842.64
8	1	8	2	4	5834.9
8	4	8	8	4	5825.48
8	4	8	16	4	5824.28
2	2	4	32	4	5820.58
64	8	4	1	4	5816.39
32	2	4	1	4	5795.26
2	2	4	64	4	5772.18
4	8	4	4	4	5750.7
16	2	2	8	4	5744.25
2	2	2	64	4	5737.36
8	4	8	32	4	5719.2
2	8	1	1	4	5717.36
2	2	2	32	4	5717.19
8	2	2	64	4	5715.37
2	4	4	4	4	5714.1
4	8	4	8	4	5700.96
16	2	2	16	4	5690.95
4	2	2	16	4	5689.2
32	4	2	2	4	5660.59
2	2	2	128	4	5652.89
2	4	4	16	4	5624.96
128	8	4	1	4	5609.84
2	4	2	2	4	5609.85
64	4	2	2	4	5609.59
128	8	4	2	4	5607.35
2	4	4	32	4	5598.35
2	2	2	16	4	5563.2
8	2	8	1	4	5559.68
2	2	4	128	4	5559.05
16	24	1	64	4	5544.94
4	2	2	2	4	5533.34
16	2	4	1	4	5508.29
2	4	4	8	4	5505.91
4	2	2	64	4	5498.92
4	8	4	16	4	5487.64
4	1	2	4	4	5482.99
4	2	2	128	4	5475.08
32	2	2	8	4	5430.54
4	8	4	32	4	5369.18
2	4	4	64	4	5362.2
32	2	2	16	4	5352.16
4	4	2	1	4	5335.69
8	1	4	2	4	5327.67
2	1	4	8	4	5273.16
2	1	4	32	4	5256.6
2	1	4	16	4	5254.06
2	1	4	64	4	5224.64
2	1	4	128	4	5205.62
4	32	1	128	4	5109.85
2	4	2	4	4	5020.97
8	4	2	8	4	4985.13
4	4	2	32	4	4977.21
8	2	4	1	4	4955.85
8	4	2	16	4	4924.62
2	2	4	2	4	4878.55
4	4	2	64	4	4876.02
4	2	8	4	4	4875.79
2	8	4	2	4	4871.05
4	2	8	8	4	4866.22
32	4	2	8	4	4847.43
4	2	8	16	4	4825.71
16	4	2	16	4	4822.67
4	1	8	8	4	4817.6
2	1	4	4	4	4806.23
2	8	4	1	4	4793.62
4	1	8	4	4	4792.33
4	1	8	16	4	4784.25
4	2	8	32	4	4776.89
2	8	4	4	4	4769.22
4	1	8	64	4	4764.28
64	2	2	8	4	4757.16
2	4	2	16	4	4755.5
2	8	4	8	4	4714.75
8	4	2	32	4	4704.2
4	4	8	2	4	4702.55
32	4	2	4	4	4700.27
16	4	2	8	4	4700.01
16	4	2	4	4	4686.42
4	1	8	32	4	4685.15
2	2	2	2	4	4654.36
4	4	2	8	4	4649.18
4	2	8	2	4	4643.15
4	4	8	1	4	4630.62
2	8	4	32	4	4623.76
2	8	4	16	4	4617.47
4	4	8	4	4	4608.79
2	1	2	4	4	4590.27
2	4	2	128	4	4584.74
4	4	2	4	4	4566.48
4	2	8	64	4	4543.53
2	4	2	32	4	4505.69
2	4	2	8	4	4500.66
2	8	4	64	4	4492.3
4	8	2	1	4	4488.52
2	8	2	1	4	4472.04
4	4	8	8	4	4470.58
8	4	2	4	4	4466.91
4	4	8	16	4	4438.12
8	8	2	1	4	4434.68
2	4	2	64	4	4425.53
2	4	2	1	4	4401.62
2	4	4	1	4	4369.2
4	4	8	32	4	4368.13
4	4	2	16	4	4367.14
16	8	2	1	4	4313.15
4	4	8	64	4	4302.33
64	4	2	4	4	4218.28
32	1	1	4	4	4158.36
32	2	1	2	4	4138.01
32	8	2	1	4	4131.59
16	1	1	4	4	4128.42
128	1	1	4	4	4122.97
64	1	1	4	4	4115.8
64	2	1	2	4	4100.71
4	1	4	2	4	4096.7
16	2	1	2	4	4090.81
128	2	1	2	4	4081.83
64	8	2	1	4	4067.04
32	4	1	1	4	4053.71
64	4	1	1	4	4030.7
16	4	1	1	4	4017.58
128	4	1	1	4	4002.18
8	1	1	4	4	3998.68
16	8	2	8	4	3956.32
32	8	2	2	4	3943.35
8	8	2	4	4	3938.46
8	2	1	2	4	3927.37
32	8	2	4	4	3920.28
16	8	2	4	4	3908.46
8	8	2	16	4	3904.33
128	8	2	1	4	3888.99
8	4	1	1	4	3879.93
2	2	8	2	4	3863.97
4	2	4	1	4	3843.07
64	1	2	2	4	3840.27
4	1	1	4	4	3837.23
128	1	2	2	4	3823.55
2	8	2	32	4	3822.14
8	8	2	8	4	3811.15
32	1	2	2	4	3802.97
2	1	8	64	4	3798.64
2	2	8	8	4	3793.99
2	2	8	4	4	3781.31
2	2	8	32	4	3773.19
2	1	8	128	4	3767.04
4	1	8	2	4	3765.9
2	2	8	64	4	3761.22
2	2	8	16	4	3760.37
2	8	2	8	4	3757.56
2	1	8	32	4	3751.82
2	1	8	16	4	3745.4
4	2	8	1	4	3745.26
2	12	2	2	4	3745.25
4	8	2	16	4	3726.59
2	12	2	1	4	3721.48
4	12	2	2	4	3707.02
4	12	2	1	4	3706.3
8	1	8	1	4	3706.08
2	1	8	4	4	3700.79
2	1	8	8	4	3692.88
2	8	2	16	4	3692.05
2	12	2	8	4	3675.99
4	2	1	2	4	3674.3
16	1	2	2	4	3673.28
64	2	2	1	4	3667.02
2	8	2	64	4	3654.23
2	12	2	4	4	3650.27
128	2	2	1	4	3642.91
4	12	2	4	4	3632.7
8	12	2	1	4	3627.72
32	2	2	1	4	3613.25
8	12	2	2	4	3609.52
2	12	2	32	4	3592.1
4	4	1	1	4	3583.72
2	8	2	4	4	3570.59
2	12	2	16	4	3554.52
128	1	4	1	4	3549.49
16	12	2	1	4	3548.51
4	12	2	8	4	3529.01
64	1	4	1	4	3519.9
8	12	2	4	4	3500.35
16	12	2	2	4	3495.37
2	1	1	4	4	3494.71
4	8	2	4	4	3488.16
16	2	2	1	4	3486.96
2	8	2	2	4	3480.79
4	8	2	8	4	3427.58
4	12	2	16	4	3400.6
32	12	2	1	4	3392.9
8	1	2	2	4	3382.49
8	12	2	8	4	3380.03
64	8	2	2	4	3377.81
4	8	2	32	4	3370.91
32	1	4	1	4	3368.61
16	12	2	8	4	3367.92
8	12	2	16	4	3364.08
16	12	2	4	4	3362.96
32	12	2	2	4	3322.05
8	2	2	1	4	3315.94
2	16	2	1	4	3313.38
32	12	2	4	4	3305.44
2	16	2	2	4	3302.47
2	4	8	1	4	3297.57
2	4	8	2	4	3296.67
2	2	1	2	4	3279.98
4	8	2	2	4	3245.05
2	4	8	8	4	3228.25
64	12	2	1	4	3210.73
2	16	2	4	4	3209.28
2	4	8	4	4	3204.82
2	16	2	8	4	3197.8
64	12	2	2	4	3197.75
2	4	8	16	4	3178.12
2	16	2	16	4	3172.16
4	16	2	1	4	3157.37
4	16	2	2	4	3153.83
2	4	8	32	4	3149.41
2	16	2	32	4	3141.61
16	1	4	1	4	3139.84
2	4	8	64	4	3138.36
8	8	2	2	4	3110.83
2	1	4	2	4	3085.32
2	4	1	1	4	3067.57
4	16	2	4	4	3036.24
4	16	2	8	4	3032.85
4	16	2	16	4	3017.76
4	1	2	2	4	2989.8
8	16	2	1	4	2975.39
8	16	2	2	4	2960.56
16	8	2	2	4	2949.64
4	2	2	1	4	2932.67
8	16	2	8	4	2909.54
8	16	2	4	4	2903.85
16	16	2	1	4	2826.07
16	16	2	2	4	2819.44
16	16	2	4	4	2800.2
32	16	2	2	4	2790.66
8	1	4	1	4	2783.15
2	2	4	1	4	2782.94
32	16	2	1	4	2736.26
2	1	8	2	4	2696.55
64	16	2	1	4	2652.64
2	2	8	1	4	2576.66
2	1	2	2	4	2448.7
4	1	8	1	4	2426.98
2	2	2	1	4	2413.27
4	1	4	1	4	2224.7
32	1	1	2	4	2096.51
64	1	1	2	4	2095.44
64	2	1	1	4	2093.6
32	2	1	1	4	2090.2
128	1	1	2	4	2074.13
16	1	1	2	4	2072.23
128	2	1	1	4	2063.48
16	2	1	1	4	2053.32
8	1	1	2	4	2009.65
8	2	1	1	4	1978.29
64	1	2	1	4	1967.68
128	1	2	1	4	1967.49
32	1	2	1	4	1932.38
4	1	1	2	4	1893.66
16	1	2	1	4	1856.16
4	2	1	1	4	1825.57
2	1	1	2	4	1724.39
8	1	2	1	4	1722.18
2	1	8	1	4	1679.98
2	1	4	1	4	1664.65
2	2	1	1	4	1605.23
4	1	2	1	4	1513.41
2	1	2	1	4	1252.05
64	1	1	1	4	1057.92
128	1	1	1	4	1054.35
32	1	1	1	4	1053.42
16	1	1	1	4	1037.17
8	1	1	1	4	1005.15
4	1	1	1	4	950.923
2	1	1	1	4	857.927
