4	2	2	8	2	554.3116667
1	2	1	8	2	547.5473333
8	1	8	8	2	545.105
8	1	4	8	2	544.7793333
4	1	2	8	2	543.0506667
8	1	2	8	2	541.8466667
16	1	4	8	2	541.3416667
4	1	4	8	2	539.0093333
8	2	8	8	2	538.754
16	1	2	8	2	536.3193333
1	4	1	8	2	533.7866667
1	16	1	8	2	532.7356667
8	2	2	8	2	530.244
4	2	4	8	2	524.4763333
2	2	2	8	2	521.5876667
8	2	1	8	2	520.2083333
2	4	1	8	2	518.4886667
4	4	4	8	2	517.8793333
1	1	1	16	2	515.2946667
2	1	2	8	2	515.2203333
2	2	1	8	2	512.6646667
1	1	1	32	2	512.2043333
1	32	1	8	2	512.0783333
8	2	4	8	2	511.9936667
8	4	4	8	2	511.0143333
16	1	8	8	2	509.169
4	2	1	8	2	507.8223333
4	4	1	8	2	504.1083333
1	1	4	8	2	502.7116667
16	2	8	8	2	501.8943333
1	8	1	8	2	501.7383333
16	1	4	16	2	499.2803333
1	4	1	16	2	498.619
4	8	4	8	2	497.6876667
4	1	1	8	2	497.5743333
4	4	2	8	2	497.0126667
16	1	1	16	2	495.209
2	1	1	8	2	494.7436667
2	8	1	8	2	492.5513333
16	2	2	16	2	491.308
1	2	1	32	2	490.0656667
4	8	1	8	2	489.8213333
8	1	1	16	2	488.6863333
16	2	1	8	2	488.0583333
2	4	2	8	2	488.0563333
16	2	4	8	2	487.3766667
8	4	1	8	2	486.967
2	4	2	16	2	485.942
1	8	1	16	2	484.0353333
8	1	4	16	2	483.192
8	1	2	16	2	483.123
8	4	2	8	2	482.7996667
1	1	4	16	2	482.7206667
4	1	4	16	2	482.416
4	8	2	8	2	481.861
2	2	2	16	2	481.795
32	1	4	8	2	481.5053333
8	4	8	8	2	480.4393333
4	1	1	16	2	479.5533333
1	2	1	4	2	478.243
2	1	1	16	2	478.1736667
4	1	2	16	2	476.8346667
16	1	16	8	2	476.629
1	4	1	4	2	476.3636667
16	2	2	8	2	474.651
16	1	2	16	2	473.246
1	1	1	8	2	472.0506667
16	4	1	8	2	470.4336667
8	1	8	16	2	469.9846667
8	8	1	8	2	467.9773333
8	2	8	16	2	467.3816667
4	4	1	16	2	465.9586667
16	2	1	16	2	465.9066667
4	2	1	16	2	465.0436667
2	4	1	16	2	464.2383333
8	1	1	8	2	464.1243333
2	2	1	4	2	463.9316667
16	1	8	16	2	463.3366667
2	8	2	8	2	462.3486667
8	2	1	16	2	462.0596667
32	1	8	8	2	457.0353333
2	1	4	8	2	457.0273333
8	4	8	16	2	456.0736667
32	1	2	16	2	453.4613333
16	1	1	8	2	453.0793333
2	2	4	8	2	451.939
4	1	4	4	2	451.724
1	2	1	16	2	451.4366667
8	2	2	16	2	451.187
2	2	2	4	2	450.5066667
1	8	1	4	2	449.564
16	2	4	16	2	449.0133333
4	16	1	8	2	448.5723333
2	1	8	4	2	447.2113333
2	4	2	4	2	446.761
1	16	1	16	2	446.742
2	2	4	4	2	446.702
4	1	8	8	2	446.107
8	4	4	16	2	445.8626667
4	2	2	16	2	445.6843333
8	2	4	16	2	445.561
2	4	1	4	2	444.6363333
32	1	16	8	2	444.465
4	2	1	4	2	444.3913333
32	1	4	16	2	442.5376667
8	8	1	16	2	441.3523333
4	2	4	4	2	441.186
2	2	1	16	2	440.6046667
1	1	2	8	2	440.467
4	16	1	16	2	440.4603333
1	1	2	32	2	440.243
8	8	2	8	2	439.4373333
4	2	4	16	2	439.4006667
32	1	1	16	2	436.9326667
32	2	1	8	2	436.8263333
16	4	4	8	2	436.487
1	2	4	4	2	436.2706667
2	1	4	16	2	436.1753333
1	2	4	16	2	435.1033333
1	16	1	4	2	434.424
1	2	4	8	2	433.7296667
4	8	2	16	2	433.4123333
4	4	2	16	2	432.525
8	1	4	4	2	432.1293333
2	1	2	16	2	432.0033333
16	1	16	16	2	431.443
8	4	2	16	2	430.8973333
2	1	8	16	2	430.408
1	1	2	16	2	430.038
2	8	2	4	2	426.8496667
4	1	2	32	2	426.814
1	1	4	32	2	426.354
2	8	1	4	2	426.3166667
4	4	2	4	2	426.2786667
16	2	16	8	2	426.2496667
1	2	2	8	2	425.307
8	8	4	8	2	424.588
8	1	8	4	2	424.562
8	4	1	16	2	424.1003333
2	16	1	8	2	423.6636667
4	4	1	4	2	423.381
2	16	2	8	2	421.9603333
4	4	4	16	2	420.831
2	2	4	16	2	420.2346667
2	1	8	8	2	419.8023333
16	2	1	32	2	419.3073333
4	4	4	4	2	418.885
16	1	16	4	2	417.1826667
1	32	1	4	2	413.1683333
1	2	2	16	2	412.987
1	2	4	32	2	412.139
16	4	8	8	2	411.5986667
8	4	8	4	2	411.2603333
4	1	8	16	2	410.9823333
8	2	4	4	2	409.581
4	2	2	4	2	409.2583333
32	1	1	8	2	408.4626667
2	8	2	16	2	408.0326667
1	1	8	16	2	408.03
4	8	1	16	2	407.8903333
4	8	4	16	2	407.4276667
2	1	2	32	2	407.2773333
2	16	2	4	2	407.2523333
1	4	4	4	2	406.7813333
2	2	8	4	2	406.523
4	1	8	4	2	405.5183333
2	4	4	4	2	405.4946667
16	4	1	16	2	405.3243333
2	4	8	4	2	405.0676667
1	4	4	8	2	404.6856667
1	1	8	4	2	404.1526667
2	16	1	4	2	403.9783333
8	4	4	4	2	403.8053333
1	4	2	4	2	402.272
1	4	4	16	2	401.9866667
16	1	8	4	2	401.5716667
8	1	1	32	2	401.4213333
16	1	4	4	2	401.1546667
2	8	1	16	2	399.832
32	2	8	8	2	398.9956667
8	4	1	32	2	397.6436667
4	8	1	32	2	397.5333333
1	1	8	8	2	397.0986667
1	4	2	8	2	397.004
8	2	1	4	2	396.789
4	2	8	4	2	396.5993333
2	2	8	8	2	396.4806667
16	2	16	4	2	396.433
16	2	8	4	2	394.0096667
4	2	8	8	2	393.849
2	1	2	4	2	393.6566667
4	8	1	4	2	393.3666667
4	1	1	32	2	392.8113333
16	4	2	8	2	392.0906667
16	1	1	32	2	391.6636667
1	1	4	4	2	391.6276667
2	4	4	8	2	390.1116667
32	2	2	8	2	389.4326667
1	8	1	32	2	389.1733333
4	8	2	4	2	388.5216667
8	2	2	4	2	388.3723333
1	8	4	8	2	387.029
2	1	4	4	2	387.0156667
2	32	1	16	2	386.318
8	1	4	32	2	386.1976667
2	4	8	8	2	385.9243333
8	1	2	32	2	384.946
1	2	2	32	2	382.6966667
1	1	8	32	2	382.265
8	2	8	4	2	382.091
4	16	2	8	2	381.5173333
4	2	2	32	2	381.0483333
4	1	4	32	2	380.408
16	2	4	4	2	379.98
4	1	16	4	2	379.679
2	1	1	32	2	379.463
8	1	16	4	2	379.2143333
8	1	2	4	2	378.8983333
2	1	4	32	2	377.9946667
8	4	2	4	2	377.6146667
1	2	8	4	2	377.288
4	2	1	32	2	376.6146667
1	8	4	4	2	375.343
32	2	1	16	2	375.1423333
1	2	8	8	2	374.776
4	2	4	32	2	374.4836667
16	1	2	32	2	374.1613333
4	1	16	8	2	374.0396667
2	32	1	8	2	373.8946667
8	4	1	4	2	373.867
32	1	8	4	2	373.4503333
8	1	16	8	2	372.4416667
2	8	4	4	2	370.4936667
2	2	8	16	2	370.2916667
2	16	1	32	2	369.8866667
1	2	8	16	2	369.3906667
16	2	2	4	2	368.9033333
1	2	2	4	2	367.5003333
4	4	8	4	2	366.5226667
1	32	1	32	2	366.35
4	4	8	8	2	364.3433333
4	16	1	4	2	363.2543333
1	4	8	4	2	363.2056667
32	1	4	4	2	361.3116667
1	4	8	8	2	360.7896667
4	1	2	4	2	359.7143333
2	32	1	4	2	358.116
1	16	1	32	2	357.8616667
8	2	2	32	2	357.2003333
4	2	16	8	2	356.137
8	2	1	32	2	355.2886667
16	1	2	4	2	355.0016667
4	1	16	16	2	354.006
4	8	4	4	2	353.0613333
1	4	1	32	2	351.8783333
16	2	1	4	2	350.8193333
1	4	2	16	2	350.54
8	8	4	4	2	350.133
2	1	16	4	2	349.9686667
4	2	16	4	2	349.482
32	1	16	4	2	349.1603333
2	2	2	32	2	348.3396667
4	16	2	4	2	346.9
8	8	1	4	2	346.2573333
16	8	1	8	2	345.7423333
8	16	1	8	2	345.3896667
32	1	2	8	2	344.5316667
2	1	16	8	2	344.1813333
32	1	32	4	2	343.186
32	1	32	8	2	339.7956667
1	4	8	16	2	339.5136667
2	16	1	16	2	339.2806667
32	2	16	4	2	339.05
16	4	2	4	2	339.0096667
4	4	2	32	2	337.7713333
8	2	16	4	2	336.8213333
16	4	1	4	2	336.589
2	2	1	32	2	336.539
8	8	2	4	2	336.1553333
2	2	16	4	2	336.0553333
1	32	1	16	2	335.955
16	4	8	4	2	335.4406667
32	4	1	8	2	335.4263333
16	4	4	4	2	335.2116667
4	4	4	32	2	333.3436667
16	1	32	4	2	331.8633333
2	4	1	32	2	331.492
32	1	2	4	2	331.0066667
4	4	1	32	2	329.786
2	1	16	16	2	328.9986667
2	4	2	32	2	328.4106667
32	2	8	4	2	327.922
2	2	16	8	2	324.9543333
2	16	2	16	2	324.286
1	1	2	4	2	323.7693333
32	2	1	4	2	321.2343333
4	32	1	8	2	319.3766667
1	8	2	4	2	317.3606667
2	8	2	32	2	314.7636667
1	8	2	8	2	312.816
1	1	16	4	2	312.7183333
32	2	4	4	2	312.5053333
2	2	16	16	2	311.57
32	2	2	4	2	310.2493333
1	1	16	8	2	310.011
8	1	32	8	2	308.867
1	2	16	8	2	308.3746667
32	2	4	8	2	304.835
8	1	32	4	2	304.8196667
1	2	16	4	2	304.2226667
2	8	1	32	2	300.0463333
1	1	16	16	2	297.232
1	2	16	16	2	296.885
32	1	1	32	2	293.9336667
1	1	8	2	2	291.6916667
1	2	16	2	2	288.703
4	1	32	8	2	287.6316667
2	1	8	2	2	286.9853333
4	1	32	4	2	283.2793333
1	1	1	4	2	282.9803333
8	16	1	16	2	282.8136667
1	1	16	2	2	282.7066667
16	4	1	32	2	282.2916667
4	1	1	4	2	281.9433333
8	16	1	4	2	281.7383333
1	2	4	2	2	280.0056667
2	1	16	2	2	279.496
1	2	8	2	2	278.8396667
1	1	16	32	2	278.286
16	8	1	4	2	276.8983333
8	1	1	4	2	276.826
2	1	1	4	2	275.827
4	1	16	2	2	275.554
8	8	1	32	2	275.086
2	2	8	2	2	275.0083333
2	2	4	2	2	272.4543333
8	16	2	4	2	272.364
32	4	4	4	2	271.759
4	32	1	16	2	271.3556667
16	8	1	16	2	270.4656667
1	4	1	2	2	267.9473333
1	4	4	2	2	267.2036667
2	2	16	2	2	266.9323333
4	16	1	32	2	266.5373333
2	2	2	2	2	265.3246667
4	1	8	2	2	265.0523333
32	4	8	4	2	264.7616667
1	2	2	2	2	263.8103333
4	1	32	2	2	261.3236667
1	2	1	2	2	258.8486667
16	8	2	4	2	257.8376667
1	4	8	2	2	257.8213333
2	1	32	4	2	256.6466667
1	4	2	2	2	256.407
16	8	4	4	2	254.9686667
16	1	1	4	2	254.9446667
2	2	1	2	2	254.5973333
2	1	32	2	2	253.9706667
4	1	4	2	2	253.943
2	1	32	8	2	253.8103333
32	1	1	4	2	253.573
32	4	2	4	2	253.0943333
2	4	4	2	2	252.7296667
2	1	32	16	2	252.535
32	4	1	16	2	252.3396667
2	4	2	2	2	252.0913333
2	4	8	2	2	249.5346667
2	4	1	2	2	249.39
1	8	1	2	2	247.3723333
1	16	1	2	2	246.3376667
2	32	1	32	2	246.1423333
1	1	4	2	2	245.208
1	8	2	2	2	244.289
1	8	4	2	2	244.14
4	2	8	2	2	242.0896667
8	1	32	2	2	242.0896667
2	8	2	2	2	242.0376667
8	1	16	2	2	241.6863333
4	4	4	2	2	240.6733333
8	1	8	2	2	240.251
8	2	8	2	2	239.4373333
4	2	16	2	2	239.0863333
4	4	1	2	2	238.8333333
2	1	4	2	2	238.4213333
4	2	4	2	2	238.1
4	32	1	4	2	237.5676667
2	8	4	2	2	237.5083333
2	16	1	2	2	235.909
4	4	8	2	2	235.814
8	2	2	2	2	235.7556667
8	2	4	2	2	235.36
4	2	2	2	2	235.2956667
16	1	4	2	2	235.2773333
2	8	1	2	2	234.956
8	2	16	2	2	234.9253333
2	16	2	2	2	233.4506667
8	1	4	2	2	233.396
1	32	1	2	2	232.8716667
4	8	4	2	2	232.794
16	1	8	2	2	232.5486667
16	2	16	2	2	232.2003333
4	8	2	2	2	231.938
4	4	2	2	2	231.0766667
4	8	1	2	2	230.061
16	2	8	2	2	229.7543333
8	4	4	2	2	229.7163333
8	4	2	2	2	228.992
1	16	2	4	2	228.7013333
8	4	8	2	2	228.56
16	1	16	2	2	227.8543333
8	2	1	2	2	226.896
16	16	1	8	2	226.6906667
32	1	16	2	2	226.641
8	32	1	8	2	226.0536667
32	1	8	2	2	225.5926667
4	2	1	2	2	225.4213333
8	4	1	2	2	225.2953333
32	8	1	8	2	224.0486667
1	16	2	2	2	223.02
16	2	1	2	2	222.7813333
16	2	4	2	2	222.3143333
1	1	32	2	2	221.0046667
2	32	1	2	2	220.2996667
32	1	32	2	2	220.2233333
16	2	2	2	2	220.1536667
32	4	1	4	2	219.9276667
1	1	32	4	2	219.6906667
1	1	32	16	2	218.5423333
1	1	32	8	2	218.0053333
4	16	1	2	2	215.5036667
32	1	4	2	2	214.6646667
16	4	8	2	2	214.033
8	8	4	2	2	213.9883333
16	1	32	2	2	213.4116667
4	16	2	2	2	213.398
4	1	2	2	2	212.1983333
16	4	4	2	2	212.0396667
32	2	16	2	2	211.895
8	8	1	2	2	211.8916667
2	1	2	2	2	210.58
32	2	8	2	2	208.612
8	8	2	2	2	208.225
16	16	1	4	2	207.232
8	32	1	4	2	206.752
32	2	4	2	2	205.935
16	4	2	2	2	204.6063333
8	1	2	2	2	204.5086667
16	1	2	2	2	201.2713333
32	8	1	4	2	201.1116667
32	2	1	2	2	198.4143333
32	2	2	2	2	194.254
16	4	1	2	2	193.2883333
4	32	1	2	2	192.5306667
1	1	2	2	2	192.1306667
32	1	2	2	2	188.6213333
32	4	8	2	2	183.0243333
16	8	4	2	2	182.77
8	16	2	2	2	181.7726667
32	4	4	2	2	179.2073333
16	8	1	2	2	178.104
16	8	2	2	2	177.8266667
32	4	2	2	2	176.62
32	4	1	2	2	176.158
8	16	1	2	2	174.138
16	16	1	2	2	150.2216667
16	16	2	2	2	148.7363333
8	32	1	2	2	148.3573333
32	8	2	2	2	147.8996667
1	1	32	1	2	145.8003333
1	1	8	1	2	145.5963333
1	2	4	1	2	145.5736667
1	2	16	1	2	145.5723333
1	1	16	1	2	145.485
1	2	2	1	2	144.745
1	2	8	1	2	144.729
32	8	4	2	2	144.344
2	1	1	2	2	143.849
8	1	1	2	2	143.5246667
1	1	1	2	2	143.4536667
1	1	4	1	2	142.868
4	1	1	2	2	142.633
2	1	32	1	2	142.1006667
2	1	4	1	2	141.8336667
16	1	1	2	2	140.8573333
1	4	2	1	2	140.356
2	1	8	1	2	140.1243333
2	1	16	1	2	139.2553333
32	8	1	2	2	138.85
1	4	4	1	2	138.8026667
2	2	8	1	2	138.6176667
1	4	1	1	2	137.905
32	16	1	4	2	137.863
1	4	8	1	2	137.784
2	2	16	1	2	137.7776667
2	2	4	1	2	137.401
4	1	16	1	2	137.3256667
16	32	1	4	2	136.2533333
4	1	4	1	2	136.1316667
32	1	1	2	2	135.7096667
2	4	2	1	2	132.467
4	1	8	1	2	132.327
4	1	32	1	2	131.6083333
1	8	4	1	2	131.606
1	8	2	1	2	131.5303333
4	2	4	1	2	131.3956667
8	1	32	1	2	131.0673333
8	1	8	1	2	131.009
4	2	16	1	2	130.6076667
1	2	1	1	2	130.582
2	4	1	1	2	130.486
8	1	16	1	2	130.0263333
2	4	4	1	2	129.6376667
1	8	1	1	2	129.3606667
2	4	8	1	2	129.047
4	2	2	1	2	129.012
4	2	8	1	2	128.493
2	2	2	1	2	127.2486667
8	2	4	1	2	126.8273333
1	16	1	1	2	126.768
16	1	8	1	2	125.9203333
1	16	2	1	2	125.716
2	16	1	1	2	125.4676667
16	1	32	1	2	125.35
2	2	1	1	2	125.1476667
1	32	1	1	2	125.0763333
8	2	2	1	2	125.0676667
8	1	4	1	2	124.9686667
8	2	16	1	2	124.845
16	1	16	1	2	124.6736667
2	8	1	1	2	124.4856667
8	4	4	1	2	124.4316667
2	8	2	1	2	123.7056667
16	2	2	1	2	123.673
16	1	4	1	2	123.4956667
16	2	8	1	2	123.4763333
2	16	2	1	2	123.4436667
4	8	2	1	2	123.0753333
16	2	16	1	2	123.0456667
4	4	4	1	2	123.028
8	2	8	1	2	122.7613333
4	4	1	1	2	122.5786667
32	1	32	1	2	122.427
4	8	4	1	2	122.363
4	4	2	1	2	122.2073333
8	2	1	1	2	121.9226667
4	4	8	1	2	121.3403333
8	4	2	1	2	121.1533333
4	2	1	1	2	121.144
8	4	8	1	2	121.1373333
4	1	2	1	2	120.9886667
2	8	4	1	2	120.06
2	32	1	1	2	120.0213333
16	2	4	1	2	120.0033333
4	16	2	1	2	119.9603333
16	4	8	1	2	119.952
8	4	1	1	2	119.736
8	8	4	1	2	119.727
4	8	1	1	2	119.599
32	1	4	1	2	119.4546667
16	4	4	1	2	119.07
32	1	8	1	2	118.725
32	1	16	1	2	118.6256667
16	2	1	1	2	118.285
8	8	1	1	2	117.9703333
32	2	16	1	2	117.8236667
16	1	2	1	2	117.3666667
4	16	1	1	2	117.254
2	1	2	1	2	117.206
8	8	2	1	2	117.1466667
16	4	2	1	2	117.102
8	1	2	1	2	116.9533333
32	2	8	1	2	116.7263333
32	1	2	1	2	116.2836667
16	4	1	1	2	116.191
32	2	4	1	2	115.226
32	2	2	1	2	114.7246667
16	32	1	2	2	114.2356667
4	32	1	1	2	111.7083333
16	8	4	1	2	110.5043333
16	8	2	1	2	109.007
32	2	1	1	2	108.9383333
8	16	2	1	2	106.5983333
8	16	1	1	2	106.5066667
1	1	2	1	2	105.83
32	16	1	2	2	105.8199667
32	4	8	1	2	105.6766667
32	4	2	1	2	105.0893333
32	4	4	1	2	104.1855667
16	8	1	1	2	103.4853333
32	4	1	1	2	103.4113333
16	16	2	1	2	98.70703333
32	8	4	1	2	98.24763333
8	32	1	1	2	96.43046667
16	16	1	1	2	95.75173333
32	8	2	1	2	94.26406667
32	8	1	1	2	91.36743333
16	32	1	1	2	80.71073333
32	16	1	1	2	78.88323333
8	1	1	1	2	72.6394
16	1	1	1	2	72.51633333
1	1	1	1	2	71.6401
4	1	1	1	2	71.4573
2	1	1	1	2	71.18413333
32	1	1	1	2	70.8483
