1	1	1	1	2	123.93975
1	1	1	2	2	248.08725
1	1	1	4	2	495.7215
1	1	1	8	2	955.626
1	1	1	16	2	1701.725789
1	1	1	32	2	2209.213158
1	1	2	1	2	197.926
1	1	2	2	2	374.1455
1	1	2	4	2	668.09925
1	1	2	8	2	928.208
1	1	2	16	2	1754.33
1	1	2	32	2	3514.1325
1	1	4	1	2	301.774
1	1	4	2	2	524.28675
1	1	4	4	2	807.93475
1	1	4	8	2	975.25875
1	1	4	16	2	1759.186316
1	1	4	32	2	3534.224737
1	1	8	1	2	400.6555
1	1	8	2	2	701.67225
1	1	8	4	2	905.69475
1	1	8	8	2	1552.485
1	1	8	16	2	3095.8775
1	1	8	32	2	6191.7275
1	1	16	1	2	448.585
1	1	16	2	2	738.708
1	1	16	4	2	1270.475
1	1	16	8	2	2490.1675
1	1	16	16	2	4976.19
1	1	16	32	2	9956.8725
1	1	32	1	2	452.127
1	1	32	2	2	919.3925
1	1	32	4	2	1828.325
1	1	32	8	2	3656.79
1	1	32	16	2	7300.32
1	1	32	32	2	14587.4
1	2	1	1	2	219.984
1	2	1	2	2	437.02575
1	2	1	4	2	871.277
1	2	1	8	2	1584.8075
1	2	1	16	2	2945.532105
1	2	1	32	2	5867.605263
1	2	2	1	2	350.419
1	2	2	2	2	604.23225
1	2	2	4	2	879.484
1	2	2	8	2	904.51275
1	2	2	16	2	1729.06
1	2	2	32	2	3484.4875
1	2	4	1	2	450.054
1	2	4	2	2	801.28
1	2	4	4	2	1103.714
1	2	4	8	2	1760.9725
1	2	4	16	2	3496
1	2	4	32	2	7020.1975
1	2	8	1	2	616.8525
1	2	8	2	2	1044.3425
1	2	8	4	2	1682.37
1	2	8	8	2	3201.245
1	2	8	16	2	6348.6725
1	2	8	32	2	12742.15
1	2	16	1	2	593.291
1	2	16	2	2	1176.4525
1	2	16	4	2	2301.7075
1	2	16	8	2	4596.48
1	2	16	16	2	9200.745
1	2	16	32	2	18399.175
1	4	1	1	2	375.86725
1	4	1	2	2	753.54675
1	4	1	4	2	1497.005
1	4	1	8	2	2543.995
1	4	1	16	2	4010.056316
1	4	1	32	2	8004.984211
1	4	2	1	2	543.536
1	4	2	2	2	890.72925
1	4	2	4	2	896.137
1	4	2	8	2	1558.3425
1	4	2	16	2	3066.000526
1	4	2	32	2	6172.472632
1	4	4	1	2	726.14025
1	4	4	2	2	1207.715
1	4	4	4	2	1968.8275
1	4	4	8	2	3520.4575
1	4	4	16	2	7084.4475
1	4	4	32	2	14301.425
1	4	8	1	2	838.8125
1	4	8	2	2	1658.2725
1	4	8	4	2	3195.565
1	4	8	8	2	6389.94
1	4	8	16	2	12788.275
1	4	8	32	2	25618.975
1	8	1	1	2	537.7045
1	8	1	2	2	1071.65
1	8	1	4	2	2146.6
1	8	1	8	2	4128.2375
1	8	1	16	2	7698.577895
1	8	1	32	2	15408.32105
1	8	2	1	2	612.03325
1	8	2	2	2	967.8315
1	8	2	4	2	1410.7925
1	8	2	8	2	2776.0275
1	8	2	16	2	5567.0425
1	8	2	32	2	11104.425
1	8	4	1	2	869.51175
1	8	4	2	2	1731.4325
1	8	4	4	2	3422.975
1	8	4	8	2	6817.885
1	8	4	16	2	13660.325
1	8	4	32	2	27330.15
1	16	1	1	2	975.23275
1	16	1	2	2	1958.29
1	16	1	4	2	3830.0975
1	16	1	8	2	7256.285
1	16	1	16	2	14162.775
1	16	1	32	2	23287.5
1	16	2	1	2	501.13325
1	16	2	2	2	1005.675
1	16	2	4	2	1994.36
1	16	2	8	2	3996.9175
1	16	2	16	2	8003.6325
1	32	1	1	2	1494.9225
1	32	1	2	2	2946.935
1	32	1	4	2	5921.2075
1	32	1	8	2	11834.025
1	32	1	16	2	19552.575
1	32	1	32	2	29422.425
2	1	1	1	2	128.184
2	1	1	2	2	256.729
2	1	1	4	2	513.71875
2	1	1	8	2	993.07825
2	1	1	16	2	1860.8975
2	1	1	32	2	3128.545
2	1	2	1	2	229.7935
2	1	2	2	2	431.86125
2	1	2	4	2	798.58975
2	1	2	8	2	1394.57
2	1	2	16	2	2671.155
2	1	2	32	2	5306.15
2	1	4	1	2	337.524
2	1	4	2	2	596.32275
2	1	4	4	2	942.909
2	1	4	8	2	1115.7305
2	1	4	16	2	2041.47
2	1	4	32	2	4298.61
2	1	8	1	2	442.86075
2	1	8	2	2	802.079
2	1	8	4	2	1120.0225
2	1	8	8	2	1792.39
2	1	8	16	2	3585.6125
2	1	8	32	2	7269.9875
2	1	16	1	2	590.63125
2	1	16	2	2	970.29525
2	1	16	4	2	1580.6225
2	1	16	8	2	3056.355
2	1	16	16	2	6113.475
2	1	16	32	2	12213.3
2	1	32	1	2	623.44825
2	1	32	2	2	1253.545
2	1	32	4	2	2491.5675
2	1	32	8	2	4985.16
2	1	32	16	2	9961.8625
2	1	32	32	2	19949.925
2	2	1	1	2	231.6725
2	2	1	2	2	462.39675
2	2	1	4	2	924.66575
2	2	1	8	2	1711.895
2	2	1	16	2	3215.2725
2	2	1	32	2	6549.49
2	2	2	1	2	404.95725
2	2	2	2	2	678.28425
2	2	2	4	2	1158.6025
2	2	2	8	2	1887.57
2	2	2	16	2	3523.8675
2	2	2	32	2	7230.715
2	2	4	1	2	516.44725
2	2	4	2	2	911.144
2	2	4	4	2	1301.6075
2	2	4	8	2	1908.79
2	2	4	16	2	3868.2
2	2	4	32	2	7930.635
2	2	8	1	2	703.5335
2	2	8	2	2	1206.33
2	2	8	4	2	2004.03
2	2	8	8	2	3569.5425
2	2	8	16	2	7170.7325
2	2	8	32	2	14316.45
2	2	16	1	2	748.5975
2	2	16	2	2	1487.1
2	2	16	4	2	2870.685
2	2	16	8	2	5751.765
2	2	16	16	2	11500.4
2	2	16	32	2	23013.025
2	4	1	1	2	399.20575
2	4	1	2	2	795.3865
2	4	1	4	2	1591.4975
2	4	1	8	2	2710.4775
2	4	1	16	2	4859.3925
2	4	1	32	2	9714.6125
2	4	2	1	2	570.936
2	4	2	2	2	1076.375
2	4	2	4	2	1899.815
2	4	2	8	2	3359.11
2	4	2	16	2	6558.285
2	4	2	32	2	13080.8
2	4	4	1	2	781.75125
2	4	4	2	2	1349.0925
2	4	4	4	2	2194.62
2	4	4	8	2	3790.4375
2	4	4	16	2	7566.975
2	4	4	32	2	15380.9
2	4	8	1	2	915.0505
2	4	8	2	2	1836.23
2	4	8	4	2	3614.33
2	4	8	8	2	7201.825
2	4	8	16	2	14436.175
2	4	8	32	2	28864.35
2	8	1	1	2	556.274
2	8	1	2	2	1111.7225
2	8	1	4	2	2223.855
2	8	1	8	2	4343.8
2	8	1	16	2	8521.6675
2	8	1	32	2	14251.4
2	8	2	1	2	988.82575
2	8	2	2	2	1914.6475
2	8	2	4	2	3655.2125
2	8	2	8	2	6858.4425
2	8	2	16	2	13601.125
2	8	2	32	2	22219.05
2	8	4	1	2	917.01475
2	8	4	2	2	1823.415
2	8	4	4	2	3621.1725
2	8	4	8	2	7229.9575
2	8	4	16	2	14415
2	16	1	1	2	1062.3475
2	16	1	2	2	2132.725
2	16	1	4	2	4246.445
2	16	1	8	2	8354.8925
2	16	1	16	2	13532.425
2	16	1	32	2	20493.8
2	16	2	1	2	1599.6775
2	16	2	2	2	3208.245
2	16	2	4	2	6426.035
2	16	2	8	2	12658.775
2	16	2	16	2	21133.6
2	16	2	32	2	31506.475
2	32	1	1	2	1833.535
2	32	1	2	2	3699.805
2	32	1	4	2	7385.67
2	32	1	8	2	12176.325
2	32	1	16	2	18280.675
2	32	1	32	2	36722.975
4	1	1	1	2	131.492
4	1	1	2	2	262.881
4	1	1	4	2	525.54375
4	1	1	8	2	1018.1525
4	1	1	16	2	1892.9225
4	1	1	32	2	3491.4775
4	1	2	1	2	231.424
4	1	2	2	2	429.84175
4	1	2	4	2	811.8705
4	1	2	8	2	1446.085
4	1	2	16	2	2825.705
4	1	2	32	2	5727.315
4	1	4	1	2	361.4955
4	1	4	2	2	617.342
4	1	4	4	2	1094.3675
4	1	4	8	2	1834.26
4	1	4	16	2	3352.8975
4	1	4	32	2	7080.485
4	1	8	1	2	454.901
4	1	8	2	2	833.4145
4	1	8	4	2	1294.97
4	1	8	8	2	2083.5925
4	1	8	16	2	4172.0925
4	1	8	32	2	8517
4	1	16	1	2	661.83325
4	1	16	2	2	1139.5775
4	1	16	4	2	1940.6825
4	1	16	8	2	3504.86
4	1	16	16	2	6959.5325
4	1	16	32	2	14092.525
4	1	32	1	2	756.0585
4	1	32	2	2	1509.9375
4	1	32	4	2	3017.2475
4	1	32	8	2	6044.57
4	1	32	16	2	12090.375
4	1	32	32	2	24112.275
4	2	1	1	2	239.9905
4	2	1	2	2	479.58425
4	2	1	4	2	959.902
4	2	1	8	2	1774.1225
4	2	1	16	2	3503.32
4	2	1	32	2	6987
4	2	2	1	2	409.247
4	2	2	2	2	689.20975
4	2	2	4	2	1206.765
4	2	2	8	2	2009.6
4	2	2	16	2	3853.095
4	2	2	32	2	7670.3075
4	2	4	1	2	517.99925
4	2	4	2	2	983.75575
4	2	4	4	2	1753.1925
4	2	4	8	2	3129.3875
4	2	4	16	2	6198.3175
4	2	4	32	2	12864.875
4	2	8	1	2	698.0045
4	2	8	2	2	1211.745
4	2	8	4	2	2128.94
4	2	8	8	2	3901.6225
4	2	8	16	2	7935.8225
4	2	8	32	2	16080.5
4	2	16	1	2	827.54825
4	2	16	2	2	1666.71
4	2	16	4	2	3291.4375
4	2	16	8	2	6562.3075
4	2	16	16	2	13130.075
4	2	16	32	2	26281.125
4	4	1	1	2	413.33875
4	4	1	2	2	824.732
4	4	1	4	2	1639.155
4	4	1	8	2	2844.355
4	4	1	16	2	5216.9075
4	4	1	32	2	8560.525
4	4	2	1	2	570.4555
4	4	2	2	2	1088.86
4	4	2	4	2	1974.1675
4	4	2	8	2	3590.0475
4	4	2	16	2	7120.2325
4	4	2	32	2	11680.375
4	4	4	1	2	941.24325
4	4	4	2	2	1846.3325
4	4	4	4	2	3459.55
4	4	4	8	2	6522.8825
4	4	4	16	2	13135.2
4	4	4	32	2	22180.85
4	4	8	1	2	913.71025
4	4	8	2	2	1837.5825
4	4	8	4	2	3606.4125
4	4	8	8	2	7194.285
4	4	8	16	2	14397.875
4	8	1	1	2	576.00375
4	8	1	2	2	1152.145
4	8	1	4	2	2291.4375
4	8	1	8	2	4510.9475
4	8	1	16	2	7430.535
4	8	1	32	2	11207.4
4	8	2	1	2	1025.71
4	8	2	2	2	1971.765
4	8	2	4	2	3862.13
4	8	2	8	2	7174.255
4	8	2	16	2	12032
4	8	2	32	2	17880.775
4	8	4	1	2	1580.7275
4	8	4	2	2	3169.925
4	8	4	4	2	6358.2325
4	8	4	8	2	12647.8
4	8	4	16	2	20926.025
4	8	4	32	2	31508.45
4	16	1	1	2	1118.7725
4	16	1	2	2	2239.5575
4	16	1	4	2	4462.7325
4	16	1	8	2	7238.7475
4	16	1	16	2	10946.775
4	16	1	32	2	21982.925
4	16	2	1	2	1766.2925
4	16	2	2	2	3520.3725
4	16	2	4	2	7050.7725
4	16	2	8	2	11697.35
4	16	2	16	2	17548.8
4	16	2	32	2	35116.825
4	32	1	1	2	2084.56
4	32	1	2	2	4182.935
4	32	1	4	2	6941.84
4	32	1	8	2	10409.325
4	32	1	16	2	20781.3
4	32	1	32	2	20738.075
8	1	1	1	2	132.9865
8	1	1	2	2	265.99425
8	1	1	4	2	532.7825
8	1	1	8	2	1032.4575
8	1	1	16	2	1948.9225
8	1	1	32	2	3604.77
8	1	2	1	2	245.2755
8	1	2	2	2	451.54975
8	1	2	4	2	858.064
8	1	2	8	2	1552.7675
8	1	2	16	2	3010.675
8	1	2	32	2	6060.3775
8	1	4	1	2	384.89175
8	1	4	2	2	649.7725
8	1	4	4	2	1130.405
8	1	4	8	2	1953.36
8	1	4	16	2	3754.6425
8	1	4	32	2	7653.445
8	1	8	1	2	522.98825
8	1	8	2	2	984.20475
8	1	8	4	2	1705.8075
8	1	8	8	2	3015.67
8	1	8	16	2	5786.69
8	1	8	32	2	12253.45
8	1	16	1	2	690.07475
8	1	16	2	2	1194.44
8	1	16	4	2	2042.1825
8	1	16	8	2	3800.385
8	1	16	16	2	7637.4275
8	1	16	32	2	15431.2
8	1	32	1	2	885.16925
8	1	32	2	2	1768.765
8	1	32	4	2	3512.3575
8	1	32	8	2	7013.265
8	1	32	16	2	14039.4
8	2	1	1	2	244.81125
8	2	1	2	2	489.36425
8	2	1	4	2	979.63875
8	2	1	8	2	1840.575
8	2	1	16	2	3562.9675
8	2	1	32	2	6008.3825
8	2	2	1	2	419.9745
8	2	2	2	2	706.69725
8	2	2	4	2	1228.4625
8	2	2	8	2	2116.325
8	2	2	16	2	4102.825
8	2	2	32	2	6671.5725
8	2	4	1	2	535.5625
8	2	4	2	2	1024.4425
8	2	4	4	2	1854.395
8	2	4	8	2	3374.91
8	2	4	16	2	6704.1525
8	2	4	32	2	11256.625
8	2	8	1	2	945.996
8	2	8	2	2	1827.9175
8	2	8	4	2	3429.2575
8	2	8	8	2	6222.2525
8	2	8	16	2	12895.925
8	2	8	32	2	20941.75
8	2	16	1	2	975.63125
8	2	16	2	2	1952.015
8	2	16	4	2	3852.1675
8	2	16	8	2	7694.425
8	2	16	16	2	15376.3
8	4	1	1	2	420.06925
8	4	1	2	2	843.13725
8	4	1	4	2	1678.3425
8	4	1	8	2	2845.69
8	4	1	16	2	4314.56
8	4	1	32	2	6436.4925
8	4	2	1	2	570.817
8	4	2	2	2	1103.72
8	4	2	4	2	2034.335
8	4	2	8	2	3794.345
8	4	2	16	2	6167.4225
8	4	2	32	2	9119.2275
8	4	4	1	2	978.08625
8	4	4	2	2	1916.0825
8	4	4	4	2	3695.4475
8	4	4	8	2	6983.9325
8	4	4	16	2	11450.925
8	4	4	32	2	17511.55
8	4	8	1	2	1624.4075
8	4	8	2	2	3266.89
8	4	8	4	2	6517.625
8	4	8	8	2	13024.6
8	4	8	16	2	21570.525
8	4	8	32	2	32373.225
8	8	1	1	2	579.099
8	8	1	2	2	1155.015
8	8	1	4	2	2306.7225
8	8	1	8	2	3780.655
8	8	1	16	2	5681.1925
8	8	1	32	2	11277.65
8	8	2	1	2	1053.77
8	8	2	2	2	2026.3975
8	8	2	4	2	3925.1825
8	8	2	8	2	6177.325
8	8	2	16	2	9251.325
8	8	2	32	2	18364.95
8	8	4	1	2	1731.1675
8	8	4	2	2	3486.76
8	8	4	4	2	6952.6625
8	8	4	8	2	11594.025
8	8	4	16	2	17328.725
8	8	4	32	2	34671.4
8	16	1	1	2	1146.635
8	16	1	2	2	2260.8875
8	16	1	4	2	3738.68
8	16	1	8	2	5594
8	16	1	16	2	11213.4
8	16	1	32	2	11172.175
8	16	2	1	2	1824.2075
8	16	2	2	2	3692.4675
8	16	2	4	2	6128.2725
8	16	2	8	2	9162.145
8	16	2	16	2	18317
8	32	1	1	2	2193.23
8	32	1	2	2	3646.535
8	32	1	4	2	5454.9075
8	32	1	8	2	10904.675
8	32	1	16	2	10826.825
16	1	1	1	2	138.6
16	1	1	2	2	277.306
16	1	1	4	2	554.3475
16	1	1	8	2	1073.5625
16	1	1	16	2	2026.825
16	1	1	32	2	2965.1425
16	1	2	1	2	248.52425
16	1	2	2	2	456.634
16	1	2	4	2	864.812
16	1	2	8	2	1600.42
16	1	2	16	2	3075.125
16	1	2	32	2	5187.01
16	1	4	1	2	409.497
16	1	4	2	2	677.20225
16	1	4	4	2	1204.775
16	1	4	8	2	2077.115
16	1	4	16	2	3892.8675
16	1	4	32	2	6389.5525
16	1	8	1	2	535.49025
16	1	8	2	2	1019.3975
16	1	8	4	2	1844.88
16	1	8	8	2	3250.755
16	1	8	16	2	6664.865
16	1	8	32	2	10796.25
16	1	16	1	2	946.36675
16	1	16	2	2	1791.63
16	1	16	4	2	3254.5225
16	1	16	8	2	6089.11
16	1	16	16	2	11937.45
16	1	16	32	2	20078.375
16	1	32	1	2	1107.9525
16	1	32	2	2	2212.915
16	1	32	4	2	4400.4275
16	1	32	8	2	8758.1
16	1	32	16	2	17539
16	2	1	1	2	255.8135
16	2	1	2	2	511.722
16	2	1	4	2	1022.65
16	2	1	8	2	1916.8575
16	2	1	16	2	3126.535
16	2	1	32	2	4647.4825
16	2	2	1	2	422.89875
16	2	2	2	2	693.6095
16	2	2	4	2	1296.9325
16	2	2	8	2	2206.415
16	2	2	16	2	3468.655
16	2	2	32	2	4923.88
16	2	4	1	2	559.10125
16	2	4	2	2	1060.9375
16	2	4	4	2	1974.715
16	2	4	8	2	3586.385
16	2	4	16	2	5867.085
16	2	4	32	2	8668.105
16	2	8	1	2	986.0145
16	2	8	2	2	1917.225
16	2	8	4	2	3663.2725
16	2	8	8	2	6871.865
16	2	8	16	2	11260.5
16	2	8	32	2	17448.125
16	2	16	1	2	1630.9225
16	2	16	2	2	3267.2325
16	2	16	4	2	6486.71
16	2	16	8	2	12866.25
16	2	16	16	2	21451.75
16	2	16	32	2	32095.45
16	4	1	1	2	427.1955
16	4	1	2	2	856.53525
16	4	1	4	2	1716.05
16	4	1	8	2	2277.6025
16	4	1	16	2	3401.02
16	4	1	32	2	6288.305
16	4	2	1	2	575.3505
16	4	2	2	2	1100.3925
16	4	2	4	2	2046.215
16	4	2	8	2	3102.4075
16	4	2	16	2	4663.965
16	4	2	32	2	9156.075
16	4	4	1	2	1044.03
16	4	4	2	2	1993.605
16	4	4	4	2	3834.185
16	4	4	8	2	5992.0775
16	4	4	16	2	8972.53
16	4	4	32	2	18061.35
16	4	8	1	2	1768.25
16	4	8	2	2	3568.325
16	4	8	4	2	7111.175
16	4	8	8	2	11741
16	4	8	16	2	17625.875
16	8	1	1	2	580.215
16	8	1	2	2	1160.145
16	8	1	4	2	1929.4275
16	8	1	8	2	2861.325
16	8	1	16	2	5730.345
16	8	1	32	2	5704.105
16	8	2	1	2	1049.365
16	8	2	2	2	2036.535
16	8	2	4	2	3192.94
16	8	2	8	2	4711.195
16	8	2	16	2	9372.64
16	8	4	1	2	1830.4575
16	8	4	2	2	3692.5275
16	8	4	4	2	6147.8375
16	8	4	8	2	9211.9625
16	8	4	16	2	18367.9
16	16	1	1	2	1157.8975
16	16	1	2	2	1901.08
16	16	1	4	2	2862.955
16	16	1	8	2	5706.8975
16	16	1	16	2	5669.9275
16	16	2	1	2	1858.095
16	16	2	2	2	3127.8625
16	16	2	4	2	4699.29
16	16	2	8	2	9354.5825
16	32	1	1	2	1838.97
16	32	1	2	2	2786.23
16	32	1	4	2	5536.0575
16	32	1	8	2	5505.6225
32	1	1	1	2	138.69825
32	1	1	2	2	277.4095
32	1	1	4	2	555.31
32	1	1	8	2	1071.2875
32	1	1	16	2	1667.325
32	1	1	32	2	2052.1375
32	1	2	1	2	250.0185
32	1	2	2	2	461.3895
32	1	2	4	2	869.7465
32	1	2	8	2	1568.3725
32	1	2	16	2	2583.6225
32	1	2	32	2	3856.5275
32	1	4	1	2	410.99325
32	1	4	2	2	676.3055
32	1	4	4	2	1226.41
32	1	4	8	2	2100.815
32	1	4	16	2	3201.8725
32	1	4	32	2	4696.7325
32	1	8	1	2	560.352
32	1	8	2	2	1066.8575
32	1	8	4	2	1908.185
32	1	8	8	2	3420.59
32	1	8	16	2	5660.9075
32	1	8	32	2	8241.14
32	1	16	1	2	1005.30725
32	1	16	2	2	1916.9975
32	1	16	4	2	3465.83
32	1	16	8	2	6562.2025
32	1	16	16	2	11075.6
32	1	32	1	2	1600.38
32	1	32	2	2	3177.955
32	1	32	4	2	6343.1525
32	1	32	8	2	12609.4
32	1	32	16	2	21043.95
32	2	1	1	2	254.8975
32	2	1	2	2	512.4285
32	2	1	4	2	1025.5725
32	2	1	8	2	1559.385
32	2	1	16	2	2336.38
32	2	1	32	2	4648.9225
32	2	2	1	2	424.537
32	2	2	2	2	677.6825
32	2	2	4	2	1191.0575
32	2	2	8	2	1658.0225
32	2	2	16	2	2497.4175
32	2	2	32	2	4875.355
32	2	4	1	2	564.189
32	2	4	2	2	1074.0675
32	2	4	4	2	1920.335
32	2	4	8	2	2933.2225
32	2	4	16	2	4357.945
32	2	4	32	2	8787.0825
32	2	8	1	2	1029.475
32	2	8	2	2	1932.5075
32	2	8	4	2	3687.0625
32	2	8	8	2	5859.2
32	2	8	16	2	8764.045
32	2	8	32	2	17800.15
32	2	16	1	2	1772.3775
32	2	16	2	2	3550.1875
32	2	16	4	2	6970.4025
32	2	16	8	2	11572.575
32	2	16	16	2	17363.925
32	4	1	1	2	428.9305
32	4	1	2	2	863.7365
32	4	1	4	2	1431.3075
32	4	1	8	2	1612.325
32	4	1	16	2	3122.205
32	4	1	32	2	3130.7675
32	4	2	1	2	578.465
32	4	2	2	2	1106.6325
32	4	2	4	2	1659.98
32	4	2	8	2	2328.2625
32	4	2	16	2	4706.3425
32	4	4	1	2	1056.8875
32	4	4	2	2	1986.86
32	4	4	4	2	3099.19
32	4	4	8	2	4531.765
32	4	4	16	2	9113.175
32	4	8	1	2	1857.6425
32	4	8	2	2	3754.325
32	4	8	4	2	6210.345
32	4	8	8	2	9235.4175
32	4	8	16	2	18557.825
32	8	1	1	2	578.85
32	8	1	2	2	971.21575
32	8	1	4	2	1458.815
32	8	1	8	2	2883.355
32	8	1	16	2	2865.8475
32	8	1	32	2	2865.775
32	8	2	1	2	1068.265
32	8	2	2	2	1674.6075
32	8	2	4	2	2390.915
32	8	2	8	2	4713.8325
32	8	2	16	2	4696.7075
32	8	4	1	2	1871.175
32	8	4	2	2	3102.1575
32	8	4	4	2	4692.995
32	8	4	8	2	9357.84
32	16	1	1	2	965.38375
32	16	1	2	2	1427.535
32	16	1	4	2	2863.1275
32	16	1	8	2	2853.57
32	16	1	16	2	2842.48
32	16	2	1	2	1555.29
32	16	2	2	2	2347.7275
32	16	2	4	2	4780
32	16	2	8	2	4734.0825
32	32	1	1	2	1401.515
32	32	1	2	2	2777.615
32	32	1	4	2	2788.4775
32	32	1	8	2	2774.19
