1	1	1	1	2	119.57025
1	1	1	2	2	234.76825
1	1	1	4	2	466.016
1	1	1	8	2	844.67175
1	1	1	16	2	1316.949316
1	1	1	32	2	1486.526579
1	1	2	1	2	181.864
1	1	2	2	2	328.64675
1	1	2	4	2	578.0825
1	1	2	8	2	815.668
1	1	2	16	2	842.37125
1	1	2	32	2	781.76625
1	1	4	1	2	217.623
1	1	4	2	2	378.29525
1	1	4	4	2	649.65775
1	1	4	8	2	837.39525
1	1	4	16	2	846.7112105
1	1	4	32	2	818.3110526
1	1	8	1	2	213.9025
1	1	8	2	2	368.12
1	1	8	4	2	652.1825
1	1	8	8	2	744.25525
1	1	8	16	2	730.1175
1	1	8	32	2	684.698
1	1	16	1	2	215.98325
1	1	16	2	2	378.17975
1	1	16	4	2	568.54625
1	1	16	8	2	591.37525
1	1	16	16	2	576.03875
1	1	16	32	2	571.23875
1	1	32	1	2	206.651
1	1	32	2	2	346.93325
1	1	32	4	2	406.43725
1	1	32	8	2	406.998
1	1	32	16	2	401.88875
1	1	32	32	2	393.1415
1	2	1	1	2	200.58625
1	2	1	2	2	370.73025
1	2	1	4	2	701.90575
1	2	1	8	2	1109.651
1	2	1	16	2	1299.739842
1	2	1	32	2	1219.522789
1	2	2	1	2	223.7525
1	2	2	2	2	384.934
1	2	2	4	2	673.34925
1	2	2	8	2	805.63075
1	2	2	16	2	813.33525
1	2	2	32	2	756.40175
1	2	4	1	2	221.785
1	2	4	2	2	376.2695
1	2	4	4	2	685.08675
1	2	4	8	2	830.69125
1	2	4	16	2	827.9105
1	2	4	32	2	781.66425
1	2	8	1	2	226.61125
1	2	8	2	2	395.07625
1	2	8	4	2	666.65925
1	2	8	8	2	762.4405
1	2	8	16	2	738.757
1	2	8	32	2	706.64675
1	2	16	1	2	222.9525
1	2	16	2	2	378.065
1	2	16	4	2	521.82875
1	2	16	8	2	528.31375
1	2	16	16	2	521.89075
1	2	16	32	2	497.06175
1	4	1	1	2	217.8915
1	4	1	2	2	384.3025
1	4	1	4	2	711.1435
1	4	1	8	2	1133.497
1	4	1	16	2	1535.887789
1	4	1	32	2	1376.555158
1	4	2	1	2	225.25425
1	4	2	2	2	397.079
1	4	2	4	2	704.1005
1	4	2	8	2	729.092
1	4	2	16	2	727.1151053
1	4	2	32	2	692.3007368
1	4	4	1	2	220.64325
1	4	4	2	2	401.1615
1	4	4	4	2	702.409
1	4	4	8	2	829.196
1	4	4	16	2	808.70025
1	4	4	32	2	741.79225
1	4	8	1	2	222.748
1	4	8	2	2	403.5905
1	4	8	4	2	678.99575
1	4	8	8	2	738.196
1	4	8	16	2	692.50375
1	4	8	32	2	659.22725
1	8	1	1	2	222.9745
1	8	1	2	2	396.34325
1	8	1	4	2	682.3325
1	8	1	8	2	1030.96075
1	8	1	16	2	1376.478263
1	8	1	32	2	1100.708368
1	8	2	1	2	220.90275
1	8	2	2	2	383.7545
1	8	2	4	2	643.222
1	8	2	8	2	655.183
1	8	2	16	2	626.16325
1	8	2	32	2	565.44425
1	8	4	1	2	219.2795
1	8	4	2	2	390.7815
1	8	4	4	2	690.8145
1	8	4	8	2	781.6675
1	8	4	16	2	742.03925
1	8	4	32	2	662.0255
1	16	1	1	2	218.1865
1	16	1	2	2	390.70075
1	16	1	4	2	661.216
1	16	1	8	2	1045.22575
1	16	1	16	2	1048.583
1	16	1	32	2	720.784
1	16	2	1	2	217.35925
1	16	2	2	2	375.039
1	16	2	4	2	472.7405
1	16	2	8	2	469.46775
1	16	2	16	2	452.58525
1	32	1	1	2	213.383
1	32	1	2	2	374.62
1	32	1	4	2	649.19825
1	32	1	8	2	945.50775
1	32	1	16	2	699.80275
1	32	1	32	2	485.49125
2	1	1	1	2	124.864
2	1	1	2	2	247.2395
2	1	1	4	2	487.5645
2	1	1	8	2	859.39225
2	1	1	16	2	1129.893
2	1	1	32	2	1183.41375
2	1	2	1	2	203.92375
2	1	2	2	2	358.2725
2	1	2	4	2	648.9555
2	1	2	8	2	1018.1305
2	1	2	16	2	1074.06675
2	1	2	32	2	979.369
2	1	4	1	2	221.66825
2	1	4	2	2	393.91625
2	1	4	4	2	673.57325
2	1	4	8	2	900.60475
2	1	4	16	2	900.71425
2	1	4	32	2	800.7135
2	1	8	1	2	221.576
2	1	8	2	2	374.411
2	1	8	4	2	685.77375
2	1	8	8	2	852.03875
2	1	8	16	2	825.038
2	1	8	32	2	758.87225
2	1	16	1	2	222.441
2	1	16	2	2	386.446
2	1	16	4	2	663.167
2	1	16	8	2	721.81925
2	1	16	16	2	709.0825
2	1	16	32	2	664.308
2	1	32	1	2	215.73475
2	1	32	2	2	382.87375
2	1	32	4	2	563.4895
2	1	32	8	2	566.7425
2	1	32	16	2	557.01375
2	1	32	32	2	542.67275
2	2	1	1	2	211.91075
2	2	1	2	2	384.2955
2	2	1	4	2	692.816
2	2	1	8	2	938.3245
2	2	1	16	2	1112.0455
2	2	1	32	2	968.68825
2	2	2	1	2	223.0015
2	2	2	2	2	409.2825
2	2	2	4	2	713.5055
2	2	2	8	2	1080.3925
2	2	2	16	2	1130.62375
2	2	2	32	2	984.68975
2	2	4	1	2	222.54625
2	2	4	2	2	410.6035
2	2	4	4	2	682.9735
2	2	4	8	2	886.667
2	2	4	16	2	858.28425
2	2	4	32	2	801.4035
2	2	8	1	2	224.94475
2	2	8	2	2	391.73575
2	2	8	4	2	700.78275
2	2	8	8	2	836.558
2	2	8	16	2	816.1365
2	2	8	32	2	732.2645
2	2	16	1	2	223.539
2	2	16	2	2	393.649
2	2	16	4	2	636.53925
2	2	16	8	2	666.558
2	2	16	16	2	645.8475
2	2	16	32	2	601.298
2	4	1	1	2	221.86725
2	4	1	2	2	395.7595
2	4	1	4	2	634.154
2	4	1	8	2	1075.96575
2	4	1	16	2	1225.57275
2	4	1	32	2	979.46125
2	4	2	1	2	223.519
2	4	2	2	2	373.35
2	4	2	4	2	727.00375
2	4	2	8	2	1109.38725
2	4	2	16	2	1184.34925
2	4	2	32	2	954.99075
2	4	4	1	2	224.26925
2	4	4	2	2	393.8505
2	4	4	4	2	709.981
2	4	4	8	2	873.68325
2	4	4	16	2	820.5975
2	4	4	32	2	699.287
2	4	8	1	2	224.85
2	4	8	2	2	410.32575
2	4	8	4	2	705.08425
2	4	8	8	2	820.74
2	4	8	16	2	766.46375
2	4	8	32	2	673.41225
2	8	1	1	2	220.57825
2	8	1	2	2	386.62775
2	8	1	4	2	692.127
2	8	1	8	2	1031.87225
2	8	1	16	2	1188.5905
2	8	1	32	2	774.401
2	8	2	1	2	223.036
2	8	2	2	2	391.555
2	8	2	4	2	715.225
2	8	2	8	2	1039.23575
2	8	2	16	2	1033.28025
2	8	2	32	2	711.6185
2	8	4	1	2	215.27275
2	8	4	2	2	387.49075
2	8	4	4	2	706.2955
2	8	4	8	2	784.83125
2	8	4	16	2	752.2045
2	16	1	1	2	204.5615
2	16	1	2	2	374.0965
2	16	1	4	2	677.7945
2	16	1	8	2	879.04275
2	16	1	16	2	866.307
2	16	1	32	2	552.9395
2	16	2	1	2	210.51475
2	16	2	2	2	377.3645
2	16	2	4	2	660.36125
2	16	2	8	2	1004.3955
2	16	2	16	2	750.298
2	16	2	32	2	517.5735
2	32	1	1	2	201.99825
2	32	1	2	2	363.46975
2	32	1	4	2	628.15925
2	32	1	8	2	805.81325
2	32	1	16	2	577.65025
2	32	1	32	2	502.0645
4	1	1	1	2	129.37
4	1	1	2	2	256.06275
4	1	1	4	2	491.4795
4	1	1	8	2	868.18075
4	1	1	16	2	1234.59525
4	1	1	32	2	1045.985
4	1	2	1	2	208.002
4	1	2	2	2	372.12025
4	1	2	4	2	690.26925
4	1	2	8	2	1061.4295
4	1	2	16	2	1098.38575
4	1	2	32	2	943.71225
4	1	4	1	2	225.1615
4	1	4	2	2	401.5375
4	1	4	4	2	716.00075
4	1	4	8	2	1093.07425
4	1	4	16	2	1230.3775
4	1	4	32	2	997.42375
4	1	8	1	2	224.43325
4	1	8	2	2	404.098
4	1	8	4	2	696.187
4	1	8	8	2	935.0765
4	1	8	16	2	892.9935
4	1	8	32	2	807.29575
4	1	16	1	2	221.824
4	1	16	2	2	388.4505
4	1	16	4	2	706.62975
4	1	16	8	2	831.34475
4	1	16	16	2	778.40675
4	1	16	32	2	710.531
4	1	32	1	2	220.70275
4	1	32	2	2	400.6455
4	1	32	4	2	629.8675
4	1	32	8	2	684.43125
4	1	32	16	2	681.9335
4	1	32	32	2	632.278
4	2	1	1	2	211.45675
4	2	1	2	2	390.27025
4	2	1	4	2	690.176
4	2	1	8	2	1071.48875
4	2	1	16	2	1070.58175
4	2	1	32	2	877.22
4	2	2	1	2	219.55525
4	2	2	2	2	390.238
4	2	2	4	2	686.97825
4	2	2	8	2	1078.05875
4	2	2	16	2	1111.23775
4	2	2	32	2	928.574
4	2	4	1	2	224.128
4	2	4	2	2	395.93325
4	2	4	4	2	705.42925
4	2	4	8	2	1042.59425
4	2	4	16	2	1096.40525
4	2	4	32	2	843.8735
4	2	8	1	2	221.336
4	2	8	2	2	389.24925
4	2	8	4	2	672.3695
4	2	8	8	2	880.38475
4	2	8	16	2	830.4635
4	2	8	32	2	732.48425
4	2	16	1	2	216.22175
4	2	16	2	2	384.88225
4	2	16	4	2	669.2865
4	2	16	8	2	748.13225
4	2	16	16	2	717.1925
4	2	16	32	2	605.39775
4	4	1	1	2	221.135
4	4	1	2	2	381.4065
4	4	1	4	2	642.8745
4	4	1	8	2	1014.052
4	4	1	16	2	1132.864
4	4	1	32	2	728.81925
4	4	2	1	2	217.868
4	4	2	2	2	375.263
4	4	2	4	2	701.471
4	4	2	8	2	958.61125
4	4	2	16	2	996.5815
4	4	2	32	2	688.84525
4	4	4	1	2	218.65725
4	4	4	2	2	380.97025
4	4	4	4	2	707.50675
4	4	4	8	2	1027.871
4	4	4	16	2	995.36475
4	4	4	32	2	714.12225
4	4	8	1	2	221.16075
4	4	8	2	2	385.79125
4	4	8	4	2	672.36875
4	4	8	8	2	789.9085
4	4	8	16	2	693.8
4	8	1	1	2	184.58375
4	8	1	2	2	369.888
4	8	1	4	2	598.955
4	8	1	8	2	899.367
4	8	1	16	2	780.38975
4	8	1	32	2	526.45325
4	8	2	1	2	211.005
4	8	2	2	2	354.0445
4	8	2	4	2	606.9045
4	8	2	8	2	910.8735
4	8	2	16	2	818.426
4	8	2	32	2	511.35475
4	8	4	1	2	208.6615
4	8	4	2	2	370.90775
4	8	4	4	2	644.45325
4	8	4	8	2	910.983
4	8	4	16	2	703.02225
4	8	4	32	2	491.17675
4	16	1	1	2	188.57975
4	16	1	2	2	357.64125
4	16	1	4	2	615.24375
4	16	1	8	2	826.114
4	16	1	16	2	624.407
4	16	1	32	2	483.5355
4	16	2	1	2	183.86875
4	16	2	2	2	360.42775
4	16	2	4	2	620.765
4	16	2	8	2	716.861
4	16	2	16	2	590.904
4	16	2	32	2	455.908
4	32	1	1	2	197.22425
4	32	1	2	2	327.685
4	32	1	4	2	506.78175
4	32	1	8	2	552.209
4	32	1	16	2	509.04175
4	32	1	32	2	324.139
8	1	1	1	2	131.3415
8	1	1	2	2	260.80275
8	1	1	4	2	510.748
8	1	1	8	2	846.076
8	1	1	16	2	1094.78825
8	1	1	32	2	913.6495
8	1	2	1	2	212.96575
8	1	2	2	2	382.823
8	1	2	4	2	688.47375
8	1	2	8	2	1001.86525
8	1	2	16	2	1000.8255
8	1	2	32	2	784.11525
8	1	4	1	2	220.6515
8	1	4	2	2	394.766
8	1	4	4	2	715.726
8	1	4	8	2	1058.03275
8	1	4	16	2	1113.0815
8	1	4	32	2	889.043
8	1	8	1	2	212.1615
8	1	8	2	2	383.9325
8	1	8	4	2	665.13625
8	1	8	8	2	947.1925
8	1	8	16	2	1031.1755
8	1	8	32	2	875.7005
8	1	16	1	2	220.108
8	1	16	2	2	388.9695
8	1	16	4	2	689.42225
8	1	16	8	2	879.05275
8	1	16	16	2	811.1315
8	1	16	32	2	703.37675
8	1	32	1	2	221.28125
8	1	32	2	2	390.28225
8	1	32	4	2	676.499
8	1	32	8	2	802.24525
8	1	32	16	2	768.68975
8	2	1	1	2	207.613
8	2	1	2	2	372.051
8	2	1	4	2	660.269
8	2	1	8	2	938.49025
8	2	1	16	2	963.59075
8	2	1	32	2	685.019
8	2	2	1	2	217.3275
8	2	2	2	2	401.03625
8	2	2	4	2	695.37525
8	2	2	8	2	1027.2425
8	2	2	16	2	1043.855
8	2	2	32	2	728.58075
8	2	4	1	2	215.358
8	2	4	2	2	397.432
8	2	4	4	2	690.4655
8	2	4	8	2	1033.3505
8	2	4	16	2	995.18725
8	2	4	32	2	702.91325
8	2	8	1	2	209.80775
8	2	8	2	2	391.2685
8	2	8	4	2	654.94075
8	2	8	8	2	997.8935
8	2	8	16	2	1016.92675
8	2	8	32	2	650.043
8	2	16	1	2	205.11525
8	2	16	2	2	388.644
8	2	16	4	2	688.15975
8	2	16	8	2	840.206
8	2	16	16	2	763.0865
8	4	1	1	2	197.82
8	4	1	2	2	367.4265
8	4	1	4	2	645.396
8	4	1	8	2	934.49175
8	4	1	16	2	790.6435
8	4	1	32	2	568.24225
8	4	2	1	2	206.27875
8	4	2	2	2	368.9675
8	4	2	4	2	647.7905
8	4	2	8	2	916.3805
8	4	2	16	2	762.80725
8	4	2	32	2	526.8315
8	4	4	1	2	211.3035
8	4	4	2	2	372.79825
8	4	4	4	2	629.52325
8	4	4	8	2	992.23875
8	4	4	16	2	739.87375
8	4	4	32	2	521.16725
8	4	8	1	2	189.04525
8	4	8	2	2	381.69225
8	4	8	4	2	656.3915
8	4	8	8	2	884.817
8	4	8	16	2	809.653
8	4	8	32	2	515.8595
8	8	1	1	2	194.16625
8	8	1	2	2	353.09125
8	8	1	4	2	608.969
8	8	1	8	2	757.56
8	8	1	16	2	596.569
8	8	1	32	2	492.28575
8	8	2	1	2	182.53725
8	8	2	2	2	365.33825
8	8	2	4	2	598.654
8	8	2	8	2	748.9915
8	8	2	16	2	589.04775
8	8	2	32	2	489.67675
8	8	4	1	2	203.7685
8	8	4	2	2	386.78875
8	8	4	4	2	632.15625
8	8	4	8	2	775.6315
8	8	4	16	2	587.81
8	8	4	32	2	494.97725
8	16	1	1	2	192.5925
8	16	1	2	2	334.82025
8	16	1	4	2	577.45675
8	16	1	8	2	619.2855
8	16	1	16	2	564.333
8	16	1	32	2	355.591
8	16	2	1	2	197.69025
8	16	2	2	2	351.4345
8	16	2	4	2	549.31975
8	16	2	8	2	577.46275
8	16	2	16	2	542.6345
8	32	1	1	2	195.8285
8	32	1	2	2	335.15825
8	32	1	4	2	451.689
8	32	1	8	2	516.50375
8	32	1	16	2	340.9265
16	1	1	1	2	136.6075
16	1	1	2	2	268.38075
16	1	1	4	2	515.8855
16	1	1	8	2	838.1175
16	1	1	16	2	985.615
16	1	1	32	2	704.30925
16	1	2	1	2	210.45225
16	1	2	2	2	383.64975
16	1	2	4	2	689.80275
16	1	2	8	2	999.086
16	1	2	16	2	1019.91325
16	1	2	32	2	658.922
16	1	4	1	2	206.274
16	1	4	2	2	392.78425
16	1	4	4	2	674.9165
16	1	4	8	2	979.459
16	1	4	16	2	1091.8495
16	1	4	32	2	748.78575
16	1	8	1	2	194.34525
16	1	8	2	2	397.826
16	1	8	4	2	678.55375
16	1	8	8	2	1054.411
16	1	8	16	2	1024.6235
16	1	8	32	2	710.59825
16	1	16	1	2	218.0775
16	1	16	2	2	395.89375
16	1	16	4	2	733.4005
16	1	16	8	2	1090.408
16	1	16	16	2	1067.22475
16	1	16	32	2	760.488
16	1	32	1	2	222.623
16	1	32	2	2	406.3315
16	1	32	4	2	720.27775
16	1	32	8	2	973.56025
16	1	32	16	2	886.79225
16	2	1	1	2	202.15
16	2	1	2	2	370.51625
16	2	1	4	2	612.1645
16	2	1	8	2	960.23125
16	2	1	16	2	786.5625
16	2	1	32	2	538.627
16	2	2	1	2	202.773
16	2	2	2	2	388.2235
16	2	2	4	2	603.097
16	2	2	8	2	918.95325
16	2	2	16	2	854.783
16	2	2	32	2	574.79125
16	2	4	1	2	214.2405
16	2	4	2	2	393.0845
16	2	4	4	2	606.687
16	2	4	8	2	927.279
16	2	4	16	2	845.86175
16	2	4	32	2	520.93025
16	2	8	1	2	204.555
16	2	8	2	2	392.08675
16	2	8	4	2	638.16925
16	2	8	8	2	953.008
16	2	8	16	2	749.69475
16	2	8	32	2	537.0955
16	2	16	1	2	215.52825
16	2	16	2	2	385.54075
16	2	16	4	2	687.8905
16	2	16	8	2	1070.69525
16	2	16	16	2	833.71025
16	2	16	32	2	558.90225
16	4	1	1	2	194.29775
16	4	1	2	2	353.5795
16	4	1	4	2	595.52575
16	4	1	8	2	816.586
16	4	1	16	2	676.526
16	4	1	32	2	544.1955
16	4	2	1	2	193.64
16	4	2	2	2	370.32575
16	4	2	4	2	608.16825
16	4	2	8	2	799.197
16	4	2	16	2	628.343
16	4	2	32	2	520.942
16	4	4	1	2	197.24175
16	4	4	2	2	374.42275
16	4	4	4	2	625.321
16	4	4	8	2	813.3295
16	4	4	16	2	565.9605
16	4	4	32	2	509.82625
16	4	8	1	2	198.811
16	4	8	2	2	372.7965
16	4	8	4	2	661.252
16	4	8	8	2	793.76925
16	4	8	16	2	562.367
16	8	1	1	2	205.1795
16	8	1	2	2	320.006
16	8	1	4	2	554.587
16	8	1	8	2	656.629
16	8	1	16	2	577.13775
16	8	1	32	2	310.97075
16	8	2	1	2	197.445
16	8	2	2	2	345.41575
16	8	2	4	2	563.73525
16	8	2	8	2	569.82625
16	8	2	16	2	548.647
16	8	4	1	2	191.88725
16	8	4	2	2	370.42675
16	8	4	4	2	546.5275
16	8	4	8	2	580.14575
16	8	4	16	2	564.803
16	16	1	1	2	202.41975
16	16	1	2	2	339.923
16	16	1	4	2	492.44275
16	16	1	8	2	517.2855
16	16	1	16	2	372.6865
16	16	2	1	2	198.24625
16	16	2	2	2	330.25325
16	16	2	4	2	458.26775
16	16	2	8	2	480.23625
16	32	1	1	2	185.5735
16	32	1	2	2	281.387
16	32	1	4	2	406.1345
16	32	1	8	2	316.54175
32	1	1	1	2	135.7625
32	1	1	2	2	265.297
32	1	1	4	2	494.37175
32	1	1	8	2	802.80925
32	1	1	16	2	863.489
32	1	1	32	2	619.39
32	1	2	1	2	209.36475
32	1	2	2	2	366.4925
32	1	2	4	2	668.414
32	1	2	8	2	948.7305
32	1	2	16	2	789.765
32	1	2	32	2	542.598
32	1	4	1	2	211.6675
32	1	4	2	2	386.98875
32	1	4	4	2	689.74575
32	1	4	8	2	966.13
32	1	4	16	2	898.59075
32	1	4	32	2	608.81375
32	1	8	1	2	212.59225
32	1	8	2	2	383.41575
32	1	8	4	2	648.12975
32	1	8	8	2	1009.7665
32	1	8	16	2	856.23725
32	1	8	32	2	588.43425
32	1	16	1	2	206.7975
32	1	16	2	2	406.99025
32	1	16	4	2	711.35625
32	1	16	8	2	1001.01825
32	1	16	16	2	865.03275
32	1	32	1	2	216.446
32	1	32	2	2	395.243
32	1	32	4	2	675.8125
32	1	32	8	2	1047.56925
32	1	32	16	2	791.193
32	2	1	1	2	186.4635
32	2	1	2	2	363.34025
32	2	1	4	2	620.20825
32	2	1	8	2	831.07975
32	2	1	16	2	645.78075
32	2	1	32	2	529.5555
32	2	2	1	2	193.44375
32	2	2	2	2	375.1565
32	2	2	4	2	613.8305
32	2	2	8	2	831.453
32	2	2	16	2	642.157
32	2	2	32	2	554.056
32	2	4	1	2	194.38625
32	2	4	2	2	381.7015
32	2	4	4	2	672.62325
32	2	4	8	2	859.176
32	2	4	16	2	650.15375
32	2	4	32	2	528.25075
32	2	8	1	2	204.45775
32	2	8	2	2	392.69225
32	2	8	4	2	671.96875
32	2	8	8	2	859.24875
32	2	8	16	2	669.47575
32	2	8	32	2	563.5415
32	2	16	1	2	208.848
32	2	16	2	2	385.71
32	2	16	4	2	678.5445
32	2	16	8	2	889.78225
32	2	16	16	2	656.91775
32	4	1	1	2	188.50925
32	4	1	2	2	363.68275
32	4	1	4	2	563.9205
32	4	1	8	2	657.86725
32	4	1	16	2	611.051
32	4	1	32	2	379.34075
32	4	2	1	2	195.845
32	4	2	2	2	359.745
32	4	2	4	2	588.08175
32	4	2	8	2	635.84325
32	4	2	16	2	607.32775
32	4	4	1	2	199.98675
32	4	4	2	2	362.9335
32	4	4	4	2	602.17775
32	4	4	8	2	631.833
32	4	4	16	2	591.44425
32	4	8	1	2	212.535
32	4	8	2	2	373.297
32	4	8	4	2	609.49925
32	4	8	8	2	624.5625
32	4	8	16	2	577.65625
32	8	1	1	2	195.55425
32	8	1	2	2	320.531
32	8	1	4	2	486.776
32	8	1	8	2	564.65475
32	8	1	16	2	377.833
32	8	1	32	2	207.46175
32	8	2	1	2	200.9125
32	8	2	2	2	333.9355
32	8	2	4	2	499.15125
32	8	2	8	2	547.5775
32	8	2	16	2	335.7005
32	8	4	1	2	209.25975
32	8	4	2	2	350.06225
32	8	4	4	2	487.98075
32	8	4	8	2	550.7605
32	16	1	1	2	185.7695
32	16	1	2	2	296.72525
32	16	1	4	2	410.264
32	16	1	8	2	344.587
32	16	1	16	2	206.27025
32	16	2	1	2	193.3485
32	16	2	2	2	279.19325
32	16	2	4	2	402.3165
32	16	2	8	2	316.508
32	32	1	1	2	166.7185
32	32	1	2	2	263.24225
32	32	1	4	2	264.6215
32	32	1	8	2	186.20875
