2	16	2	1	2	114.19
1	32	1	2	2	113.147
2	16	1	1	2	112.982
1	8	1	2	2	112.683
2	32	1	2	2	111.697
1	32	1	1	2	111.178
2	16	2	2	2	111.024
8	32	1	2	2	110.698
1	2	1	8	2	110.608
1	16	1	1	2	110.22
8	16	1	2	2	110.13
1	1	1	16	2	109.759
1	16	1	2	2	109.487
2	8	2	2	2	109.221
2	8	1	2	2	109.175
8	8	2	2	2	109.083
2	16	1	2	2	108.588
2	32	1	1	2	108.298
1	2	1	16	2	107.889
2	1	1	8	2	107.721
2	1	2	8	2	106.621
2	4	2	2	2	106.122
8	8	1	2	2	105.899
1	2	1	4	2	105.797
1	1	2	16	2	105.767
1	4	1	4	2	105.578
2	1	4	8	2	105.532
2	1	2	16	2	105.327
1	8	1	8	2	105.016
2	2	2	4	2	104.903
2	4	1	4	2	104.521
8	4	4	2	2	104.475
2	2	4	4	2	104.026
2	2	1	8	2	103.947
2	32	1	4	2	103.871
1	1	4	32	2	103.794
1	1	1	8	2	103.765
1	16	1	8	2	103.652
1	4	1	8	2	103.639
2	1	4	16	2	103.591
8	16	2	2	2	103.588
1	2	2	16	2	103.503
8	2	8	2	2	103.475
1	1	4	8	2	103.459
1	2	1	32	2	103.362
2	4	4	2	2	103.353
4	4	4	2	2	103.318
4	16	1	2	2	103.296
1	1	2	8	2	103.267
1	1	1	32	2	103.106
2	4	2	8	2	103.052
2	2	1	4	2	103.039
2	8	2	4	2	103.02
2	16	1	4	2	103.017
2	1	1	16	2	103.015
2	16	2	4	2	102.997
1	2	2	8	2	102.906
2	16	1	8	2	102.888
2	4	2	4	2	102.878
2	2	2	8	2	102.833
1	16	1	4	2	102.699
2	8	1	4	2	102.677
4	8	1	2	2	102.312
2	2	4	8	2	102.096
1	16	1	16	2	102.047
2	2	1	16	2	101.978
1	4	1	16	2	101.934
1	1	4	16	2	101.874
4	16	2	2	2	101.71
1	1	2	32	2	101.635
2	4	4	4	2	101.625
4	8	4	1	2	101.425
2	4	1	8	2	101.166
4	1	4	4	2	101.047
4	16	2	1	2	101.024
4	8	4	2	2	100.991
4	2	1	8	2	100.978
1	8	1	16	2	100.872
2	1	2	32	2	100.847
4	1	4	8	2	100.729
8	8	4	2	2	100.67
2	32	1	16	2	100.593
1	32	1	8	2	100.565
1	8	1	4	2	100.394
4	8	1	4	2	100.369
2	8	1	8	2	100.273
2	2	2	16	2	100.178
8	8	4	1	2	100.17
4	4	4	8	2	100.099
4	16	1	1	2	100.049
1	32	1	4	2	100.011
4	8	2	2	2	99.7005
1	1	1	64	2	99.5175
8	4	2	2	2	99.4796
4	32	1	2	2	99.3226
1	4	1	32	2	99.2511
4	4	2	8	2	99.1895
4	2	4	8	2	98.9542
4	32	1	8	2	98.9102
2	4	4	8	2	98.7748
2	4	2	16	2	98.758
2	4	1	16	2	98.7252
4	8	4	4	2	98.6545
8	2	8	8	2	98.632
8	16	1	4	2	98.6275
2	8	2	8	2	98.6232
8	2	4	8	2	98.5231
4	4	2	2	2	98.519
4	2	4	16	2	98.4877
2	1	1	32	2	98.4454
4	2	4	4	2	98.425
4	8	2	4	2	98.4056
4	1	2	8	2	98.405
8	1	2	8	2	98.2458
1	32	1	16	2	98.165
4	2	2	16	2	98.1197
4	1	2	16	2	98.0622
4	1	1	16	2	98.0301
4	1	1	8	2	97.8775
4	16	1	4	2	97.8285
8	1	4	8	2	97.7743
8	1	2	16	2	97.6602
8	4	4	8	2	97.6402
8	1	8	8	2	97.6271
8	2	2	8	2	97.5724
4	2	2	8	2	97.4222
8	1	8	16	2	97.3438
1	2	4	4	2	97.3405
8	1	4	16	2	97.3278
2	8	1	16	2	97.3164
2	2	1	32	2	97.2478
4	2	1	16	2	97.2298
2	16	1	16	2	97.2231
8	8	2	4	2	97.17
4	2	1	4	2	97.165
1	2	4	16	2	97.1131
1	2	4	8	2	97.0951
8	2	2	4	2	97.0476
8	8	1	4	2	97.0141
4	4	1	8	2	96.9567
8	1	8	4	2	96.8574
4	1	4	16	2	96.7854
8	2	1	8	2	96.7785
2	2	2	32	2	96.7217
4	4	1	16	2	96.695
8	4	2	8	2	96.6588
1	8	1	32	2	96.6456
8	16	1	8	2	96.5782
2	16	1	32	2	96.5679
4	2	2	4	2	96.5664
8	4	1	8	2	96.5425
2	32	1	8	2	96.4343
1	32	1	32	2	96.0892
8	2	2	16	2	95.9512
4	4	4	4	2	95.9296
8	4	4	4	2	95.8234
4	32	1	1	2	95.8207
4	1	2	32	2	95.8127
4	8	1	8	2	95.7605
8	8	4	4	2	95.6941
8	2	8	4	2	95.2585
2	4	1	32	2	95.1891
8	2	1	16	2	94.8258
4	16	1	16	2	94.7291
8	4	8	1	2	94.6432
8	1	4	4	2	94.5566
1	4	4	2	2	94.5543
1	4	4	4	2	94.5315
4	1	4	32	2	94.426
8	4	1	4	2	94.2942
2	1	1	64	2	94.1379
2	8	1	32	2	94.0305
4	2	1	32	2	93.9393
4	32	1	4	2	93.8695
4	4	2	4	2	93.8119
4	1	1	32	2	93.6323
8	1	1	32	2	93.4859
8	8	1	8	2	93.3738
8	8	1	16	2	93.3241
4	4	1	4	2	93.2931
8	4	8	2	2	93.2821
8	1	1	8	2	93.2713
8	1	1	16	2	93.2357
8	4	2	4	2	93.1101
2	4	1	2	2	93.0862
2	1	2	64	2	93.0697
4	1	8	8	2	92.9859
8	2	4	4	2	92.8805
1	16	1	32	2	92.8615
4	8	1	16	2	92.8355
1	2	1	64	2	92.6477
8	4	1	16	2	92.6264
4	1	8	4	2	92.5178
4	4	1	32	2	91.9596
4	4	1	2	2	91.8398
1	16	1	64	2	91.7263
2	8	1	64	2	91.6539
1	4	1	2	2	91.098
8	2	1	4	2	91.0566
1	4	4	8	2	91.0157
4	16	1	8	2	90.8907
1	4	2	4	2	90.7622
1	4	1	64	2	90.7415
8	2	1	32	2	90.4504
8	4	8	4	2	90.4189
4	8	1	32	2	90.1967
8	16	1	1	2	90.0672
2	1	8	16	2	89.9602
4	2	4	2	2	89.8876
1	4	2	8	2	89.5738
2	1	8	8	2	89.4531
2	8	2	1	2	89.4458
8	4	1	2	2	89.4456
2	1	8	4	2	89.3978
4	2	1	64	2	89.0827
2	2	8	2	2	88.8688
8	2	4	2	2	88.77
8	1	1	64	2	88.5703
1	2	2	4	2	88.5401
8	16	2	1	2	88.1945
1	8	1	64	2	87.8809
2	1	4	4	2	87.8435
2	2	8	4	2	87.827
4	2	8	2	2	87.6951
4	1	1	64	2	87.5153
2	2	1	64	2	87.3288
8	32	1	4	2	87.2749
8	4	1	32	2	87.266
4	8	2	1	2	86.8755
8	2	1	64	2	86.4898
2	4	1	64	2	86.2662
4	2	8	4	2	86.1469
2	2	8	8	2	86.0872
4	4	1	64	2	85.1867
1	1	8	8	2	85.0973
8	8	2	1	2	84.4245
1	2	8	4	2	83.3425
1	1	8	16	2	83.0444
1	1	8	4	2	82.9996
1	2	8	8	2	82.9958
1	2	8	2	2	82.9478
2	1	2	4	2	82.5037
1	1	8	32	2	81.8482
4	1	2	4	2	81.8211
1	2	8	16	2	81.397
8	32	1	1	2	81.2529
1	1	4	4	2	81.1285
8	1	2	4	2	81.1205
4	4	4	1	2	80.5673
2	8	4	1	2	80.0161
2	8	4	2	2	79.4995
8	4	4	1	2	79.4888
2	8	4	4	2	78.7922
2	2	4	2	2	78.0116
1	4	2	2	2	77.9085
4	4	8	1	2	77.0299
4	4	8	2	2	75.7636
1	2	4	2	2	75.4087
1	8	2	4	2	74.5509
1	8	2	2	2	74.5394
2	4	8	1	2	73.8552
1	8	4	1	2	73.5541
2	4	8	2	2	73.5192
1	4	8	2	2	73.2917
1	8	4	2	2	73.1157
1	4	8	1	2	73.0982
1	4	8	4	2	73.0653
2	4	8	4	2	72.525
1	8	4	4	2	72.2073
1	4	8	8	2	71.8973
2	4	4	1	2	71.8764
8	1	8	2	2	71.4076
1	1	2	4	2	70.9583
4	1	16	4	2	70.7963
4	1	16	2	2	70.414
8	1	16	2	2	69.5477
4	1	16	8	2	69.2922
1	4	4	1	2	67.2843
8	1	16	4	2	66.5528
8	2	8	1	2	66.0806
1	32	1	64	2	65.9532
2	8	1	1	2	65.5986
2	1	16	4	2	65.5362
2	32	1	32	2	65.4709
2	1	16	2	2	65.464
1	8	1	1	2	65.3526
2	1	16	8	2	65.0433
1	1	16	16	2	64.991
2	1	16	16	2	64.8853
4	2	16	1	2	64.8186
1	1	16	2	2	64.7996
1	1	16	4	2	64.7528
1	1	16	8	2	64.5519
4	2	16	2	2	64.4987
4	16	1	32	2	64.2413
4	1	8	2	2	64.1625
4	8	1	1	2	64.0462
8	16	1	16	2	63.6309
4	2	16	4	2	63.4032
2	2	2	2	2	63.1682
8	8	1	32	2	62.9322
2	1	8	2	2	62.2295
8	8	1	1	2	62.0941
2	16	1	64	2	61.9266
2	4	2	1	2	61.8836
4	2	2	2	2	61.8635
4	32	1	16	2	61.7405
8	4	1	64	2	61.6271
8	2	16	1	2	61.1127
4	4	2	1	2	60.862
1	8	2	1	2	60.731
8	2	2	2	2	60.6302
4	8	1	64	2	60.2751
8	2	16	2	2	60.1897
1	2	2	2	2	59.6802
8	4	2	1	2	59.2439
1	2	16	2	2	58.9208
1	2	16	1	2	58.8121
1	2	16	4	2	58.6147
2	2	16	2	2	58.387
1	2	16	8	2	58.1695
2	2	8	1	2	58.0457
1	2	16	16	2	58.0269
2	2	16	1	2	57.9419
2	2	16	4	2	57.9348
1	1	8	2	2	57.834
4	2	8	1	2	57.6594
2	1	1	4	2	57.4807
8	32	1	8	2	57.4483
1	1	1	4	2	57.1551
2	2	16	8	2	56.9047
4	1	1	4	2	56.7386
1	2	8	1	2	55.7314
8	1	1	4	2	55.4258
1	4	2	1	2	54.4527
1	16	2	1	2	54.2977
2	2	1	2	2	54.2787
4	2	1	2	2	53.9995
4	1	4	2	2	53.762
1	2	1	2	2	53.4411
8	1	4	2	2	53.3461
1	16	2	2	2	53.3455
8	2	1	2	2	53.295
8	1	32	1	2	52.6868
2	1	32	2	2	52.3997
2	1	32	1	2	52.3697
8	1	32	2	2	52.3522
2	1	32	4	2	52.2318
2	1	32	8	2	51.8513
8	1	32	4	2	51.58
8	2	4	1	2	51.0335
4	2	4	1	2	50.6606
1	1	4	2	2	50.6164
1	1	32	2	2	50.2013
1	1	32	1	2	49.9611
1	1	32	4	2	49.92
1	1	32	8	2	49.914
1	1	32	16	2	49.9137
2	1	4	2	2	49.4253
2	4	1	1	2	47.0505
4	4	1	1	2	46.9167
2	2	4	1	2	46.7617
8	4	1	1	2	46.0672
1	2	4	1	2	45.9423
1	4	1	1	2	45.8182
4	1	32	1	2	45.408
4	1	32	2	2	45.2175
4	1	32	4	2	44.9759
4	1	32	8	2	44.2213
4	1	2	2	2	43.7833
2	1	2	2	2	43.7606
8	1	2	2	2	43.6758
4	1	16	1	2	42.8435
4	2	2	1	2	41.9307
8	2	2	1	2	41.6218
2	2	2	1	2	41.6005
8	1	16	1	2	41.1845
2	1	16	1	2	40.8093
1	1	16	1	2	39.7919
1	1	2	2	2	39.4471
8	1	8	1	2	38.9302
1	2	2	1	2	36.95
4	1	8	1	2	35.715
2	1	8	1	2	35.4633
1	1	8	1	2	33.9803
8	16	1	32	2	33.5947
8	32	1	16	2	32.7027
8	1	4	1	2	32.7005
4	1	4	1	2	32.5044
2	1	4	1	2	30.1588
1	1	4	1	2	29.2547
2	1	1	2	2	28.8013
4	1	1	2	2	28.7827
8	1	1	2	2	28.6031
1	1	1	2	2	28.5977
4	2	1	1	2	27.327
8	2	1	1	2	27.2282
2	2	1	1	2	27.1285
1	2	1	1	2	26.7632
8	1	2	1	2	23.0828
4	1	2	1	2	23.0427
2	1	2	1	2	22.9383
1	1	2	1	2	20.7632
8	1	1	1	2	14.4631
2	1	1	1	2	14.4089
4	1	1	1	2	14.3509
1	1	1	1	2	14.2906
