2	4	1	8	2	859.3752
1	8	1	8	2	819.076
1	4	1	8	2	818.0168
1	4	1	16	2	805.7364
4	4	1	8	2	773.2552
1	8	1	16	2	771.7032
2	8	1	8	2	766.661
1	16	1	8	2	764.3042
2	4	1	16	2	760.5728
8	4	1	8	2	736.1176
1	4	1	32	2	731.795
1	1	1	32	2	721.7278
8	2	1	8	2	711.9792
2	2	1	8	2	702.0266
4	1	1	16	2	697.9694
4	2	1	8	2	697.7076
8	1	8	8	2	689.1016
4	4	1	16	2	684.7624
1	2	1	8	2	681.3138
2	16	1	8	2	669.5654
1	2	1	16	2	668.5804
2	2	1	16	2	666.7786
2	1	1	16	2	664.9668
1	1	1	16	2	661.5102
4	8	1	8	2	661.1116
8	1	8	4	2	650.2484
1	8	1	4	2	648.6228
4	2	1	16	2	646.5834
2	8	1	4	2	645.332
16	1	16	8	2	643.1435
8	2	8	8	2	634.2042
8	2	8	4	2	634.0142
16	1	8	8	2	633.145
1	32	1	8	2	631.1812
2	4	1	4	2	629.5264
2	8	1	16	2	629.07
1	16	1	16	2	628.371
8	2	1	16	2	621.199
8	1	1	16	2	620.6072
1	2	1	32	2	619.582
16	2	16	8	2	618.993
16	1	1	16	2	617.56225
2	1	1	32	2	615.0134
32	1	8	8	2	613.96125
16	2	1	8	2	613.386
32	1	32	4	2	611.59425
32	1	16	4	2	611.28325
16	2	8	8	2	608.01
16	1	8	4	2	607.685
32	2	16	4	2	603.85675
16	2	8	4	2	601.093
8	4	8	8	2	600.4705
16	1	16	4	2	599.4155
8	4	1	4	2	599.2804
1	16	1	4	2	594.9892
2	4	1	32	2	594.8368
8	8	1	8	2	593.045
2	16	1	4	2	591.6038
8	1	8	16	2	587.8534
32	1	8	4	2	587.657
2	2	1	32	2	587.0454
4	4	1	4	2	586.322
1	8	1	32	2	579.6484
32	2	8	4	2	579.4405
16	2	16	4	2	577.14875
16	4	8	4	2	575.92175
4	16	1	8	2	574.5022
8	4	8	4	2	570.39475
1	4	1	4	2	568.3586
16	4	1	8	2	566.08725
4	8	1	4	2	563.2228
1	32	1	4	2	560.6242
4	16	1	4	2	555.8192
8	1	1	32	2	554.6742
2	32	1	4	2	552.5352
4	1	1	32	2	548.2542
8	8	1	4	2	542.66975
8	4	1	16	2	540.1268
4	2	1	32	2	521.844
16	4	1	4	2	519.558
32	2	1	8	2	515.68425
16	4	8	8	2	514.10875
2	32	1	8	2	507.326
8	1	4	8	2	503.138
4	8	1	16	2	502.946
16	1	4	8	2	502.19225
32	2	8	8	2	497.30125
8	16	1	4	2	487.73
16	1	32	4	2	484.1735
16	8	1	4	2	479.1
8	1	4	16	2	476.2584
2	16	1	16	2	469.5302
8	2	4	4	2	465.2612
4	32	1	4	2	464.7054
16	2	4	4	2	463.37025
8	1	1	8	2	462.0928
32	4	8	4	2	458.7505
8	2	4	8	2	458.5252
16	2	1	16	2	455.4605
16	1	1	32	2	454.6835
4	1	1	8	2	454.6798
4	1	4	8	2	453.8538
32	1	1	16	2	453.361
8	2	1	4	2	447.751
4	1	4	16	2	447.4488
1	32	1	16	2	446.9282
4	4	1	32	2	444.597
8	2	1	32	2	443.8544
16	1	4	4	2	443.00725
16	1	1	8	2	442.2485
4	2	1	4	2	439.5488
4	2	4	4	2	435.7024
2	1	1	8	2	435.3534
8	1	4	4	2	432.4594
32	4	1	4	2	431.469
2	4	8	4	2	430.015
4	2	4	8	2	428.9218
2	8	1	32	2	427.7178
2	4	8	8	2	426.78
32	1	1	8	2	425.281
2	2	8	4	2	423.933
16	2	1	4	2	423.517
4	1	8	8	2	423.3592
8	4	4	4	2	423.13625
2	2	1	4	2	422.1244
2	1	8	4	2	421.7302
4	1	8	4	2	420.0296
2	2	8	8	2	419.377
2	1	8	16	2	417.3128
16	8	1	8	2	416.899
2	2	8	16	2	415.7712
2	1	8	8	2	413.8698
4	2	4	16	2	413.129
32	4	1	8	2	412.28625
4	2	8	4	2	411.5892
4	1	8	16	2	411.5338
2	1	4	8	2	410.2316
4	2	8	8	2	409.8288
2	4	8	16	2	409.607
32	2	1	4	2	406.492
4	4	8	4	2	406.402
4	4	4	4	2	405.9852
1	16	1	32	2	404.8036
2	2	4	4	2	404.5974
1	1	1	8	2	404.392
8	16	1	8	2	404.14175
32	1	4	4	2	397.91025
2	2	4	8	2	397.721
8	1	16	4	2	397.0785
4	4	8	8	2	396.6032
8	1	16	8	2	395.9645
2	1	4	16	2	394.1136
1	2	1	4	2	393.794
2	2	4	16	2	390.7406
4	1	2	8	2	388.9334
8	1	2	8	2	388.8994
4	1	4	4	2	387.5336
8	8	1	16	2	386.46275
4	1	16	8	2	384.3788
4	1	16	4	2	383.9556
8	2	16	4	2	383.8565
4	1	2	16	2	378.6778
4	1	16	16	2	378.2678
16	1	32	2	2	377.909
8	2	16	8	2	377.7525
1	4	8	4	2	377.6744
2	1	4	32	2	376.8596
1	4	8	8	2	376.6978
1	2	8	4	2	376.6754
1	2	8	8	2	376.2902
8	1	16	2	2	375.70125
4	4	4	8	2	373.1508
8	2	8	2	2	371.0486
2	1	4	4	2	370.7592
1	16	1	2	2	369.979
4	16	1	16	2	369.7082
1	4	8	16	2	369.4616
4	2	8	2	2	369.4374
1	2	8	16	2	369.1756
2	1	2	8	2	368.3166
32	1	16	2	2	367.213
32	8	1	4	2	366.7875
1	1	4	4	2	366.6066
8	2	4	2	2	366.3388
1	1	4	8	2	365.5326
16	2	8	2	2	365.1835
2	8	1	2	2	365.0122
16	2	16	2	2	364.5755
4	4	8	2	2	364.5534
16	1	16	2	2	363.71275
4	4	4	2	2	362.5624
1	1	8	8	2	362.4364
2	2	8	2	2	361.8592
1	4	8	2	2	361.6632
2	1	2	16	2	360.2122
32	1	8	2	2	360.12075
8	1	8	2	2	359.8746
1	1	2	8	2	359.749
8	4	8	2	2	359.64575
1	1	8	4	2	359.6286
16	16	1	4	2	359.607
2	4	8	2	2	359.4108
32	1	32	2	2	358.2325
1	2	4	4	2	357.9166
1	32	1	2	2	357.6712
8	4	4	2	2	357.65975
1	1	8	16	2	357.5688
4	1	16	2	2	357.1912
32	4	1	16	2	356.769
8	32	1	4	2	355.9045
16	1	8	2	2	355.588
1	1	2	16	2	355.5738
1	2	8	32	2	355.3592
1	1	4	16	2	354.021
2	4	4	16	2	353.8656
1	8	1	2	2	352.8206
16	16	1	8	2	352.3355
16	4	8	2	2	352.1785
16	4	1	16	2	351.99775
2	1	2	32	2	351.9446
4	2	16	4	2	351.8842
8	4	1	32	2	351.5696
4	2	16	8	2	350.5998
2	4	4	2	2	350.4862
2	1	16	4	2	350.2118
4	32	1	8	2	350.0474
16	4	4	2	2	349.1095
1	1	8	32	2	348.44
2	1	16	8	2	348.1958
8	4	1	2	2	347.9588
4	16	1	2	2	347.5376
32	2	1	16	2	346.8595
32	2	16	2	2	346.748
4	8	4	4	2	345.851
1	2	8	2	2	345.4164
1	2	4	8	2	345.089
4	4	1	2	2	344.5748
1	1	2	32	2	343.7468
2	4	4	4	2	343.539
4	8	1	2	2	343.1968
2	4	1	2	2	343.1764
4	2	16	2	2	342.38
4	2	4	2	2	341.7622
2	4	4	8	2	341.5106
1	2	2	4	2	341.4492
4	1	8	2	2	341.2708
2	32	1	2	2	340.9218
4	8	4	2	2	340.0876
1	1	4	32	2	339.8296
2	1	16	16	2	338.9568
8	8	4	2	2	337.387
16	8	1	16	2	337.0585
32	8	1	8	2	336.869
16	2	4	2	2	335.78025
2	2	16	4	2	335.7
32	2	8	2	2	334.76075
8	2	16	2	2	333.6995
8	16	1	2	2	333.1875
32	2	4	2	2	332.4235
1	2	2	8	2	331.8742
2	2	4	2	2	331.6726
1	4	4	2	2	331.3776
32	4	8	2	2	331.28775
16	4	1	2	2	330.619
2	16	1	2	2	330.2726
4	2	2	4	2	328.9808
2	2	16	8	2	328.8448
2	2	16	16	2	328.2824
4	2	2	8	2	327.5984
2	1	8	2	2	327.4174
1	4	1	2	2	326.9992
2	2	2	8	2	325.2574
1	2	4	16	2	325.0686
2	2	16	2	2	324.3938
1	2	4	2	2	323.772
4	32	1	2	2	323.663
2	1	16	2	2	322.797
2	8	4	4	2	321.336
16	8	1	2	2	321.12575
2	2	2	4	2	321.0996
1	4	4	4	2	320.9392
8	2	2	4	2	320.8916
32	1	1	32	2	319.11575
2	2	2	16	2	318.2296
2	8	4	2	2	317.8082
1	2	4	32	2	317.3114
8	1	32	4	2	317.127
4	32	1	16	2	316.1486
2	32	1	16	2	315.8908
8	1	32	2	2	315.82725
8	1	32	8	2	315.53625
8	32	1	8	2	314.35525
2	8	4	8	2	314.1456
8	16	1	16	2	313.98725
1	1	16	4	2	312.5012
4	1	2	4	2	312.1804
8	8	1	2	2	311.47125
16	2	2	4	2	311.07225
1	2	2	16	2	310.991
1	1	16	8	2	310.9114
8	1	2	4	2	310.435
2	16	1	32	2	309.5968
1	2	16	4	2	309.1118
1	1	16	16	2	308.034
1	2	16	8	2	307.669
1	2	2	32	2	307.4608
16	1	2	4	2	306.49275
4	8	1	32	2	305.1398
1	2	16	16	2	304.9782
16	16	1	2	2	304.81925
32	1	2	4	2	304.42675
1	4	4	8	2	303.1008
32	16	1	4	2	302.8865
1	2	16	2	2	302.4072
4	4	2	4	2	302.1316
16	32	1	4	2	299.245
16	2	1	32	2	298.5745
1	4	2	2	2	298.5706
8	32	1	2	2	297.96
1	1	16	32	2	297.533
2	1	2	4	2	295.6928
32	4	1	2	2	294.14925
4	2	2	2	2	291.6766
4	4	2	2	2	291.51
1	1	16	2	2	290.744
8	8	1	32	2	290.67375
1	8	4	4	2	290.5822
2	4	2	2	2	290.5368
1	8	4	8	2	287.6632
1	1	8	2	2	287.6404
8	4	2	2	2	286.5576
4	1	32	4	2	284.037
8	2	2	2	2	283.9538
1	8	4	2	2	283.8314
1	8	4	16	2	283.5818
4	1	32	2	2	283.0832
4	1	32	8	2	282.4988
4	16	1	32	2	281.3772
1	1	2	4	2	281.125
32	2	1	32	2	278.4265
16	1	4	2	2	278.2365
1	4	4	16	2	278.2298
16	2	2	2	2	277.32725
2	2	2	2	2	277.0164
16	4	1	32	2	276.672
16	4	2	2	2	274.997
1	32	1	32	2	274.5078
8	1	4	2	2	270.6822
2	4	2	4	2	270.2168
1	4	2	16	2	265.7732
32	2	2	2	2	265.471
1	4	2	4	2	265.0254
1	2	2	2	2	264.5248
32	1	4	2	2	262.72675
1	4	2	8	2	262.2906
4	1	4	2	2	258.417
2	8	2	4	2	256.8056
16	32	1	2	2	255.97225
2	8	2	2	2	254.5928
2	4	2	8	2	253.5056
32	8	1	2	2	252.1375
1	8	2	2	2	250.956
4	8	2	2	2	248.5034
1	8	2	8	2	246.7968
8	1	1	4	2	245.4782
2	1	32	4	2	245.4688
16	1	1	4	2	244.699
2	1	32	8	2	244.651
1	8	2	4	2	244.6008
2	32	1	32	2	243.9444
2	1	32	2	2	243.0682
2	1	32	16	2	243.0266
2	1	4	2	2	242.5612
4	1	1	4	2	241.8694
32	1	1	4	2	240.30025
1	1	4	2	2	239.4792
8	2	1	2	2	231.8872
2	1	1	4	2	228.929
16	2	1	2	2	228.65925
4	2	1	2	2	226.9422
32	16	1	2	2	224.37225
32	2	1	2	2	223.0885
16	16	1	16	2	218.24075
2	2	1	2	2	216.343
1	1	1	4	2	212.6376
1	1	32	4	2	212.528
1	1	32	8	2	212.2176
1	1	32	2	2	211.9418
1	1	32	16	2	210.4478
32	32	1	2	2	209.7075
32	16	1	8	2	207.006
32	4	1	32	2	201.172
32	8	1	16	2	200.64
16	1	2	2	2	199.8985
4	1	16	1	2	199.639
16	32	1	8	2	199.48375
2	2	16	1	2	199.2916
1	4	2	1	2	198.7908
16	8	1	32	2	198.643
1	2	1	2	2	198.617
8	1	16	1	2	198.1645
2	4	2	1	2	197.957
16	2	8	1	2	197.86
8	2	16	1	2	197.54175
4	1	32	1	2	197.5036
2	8	2	1	2	197.4226
8	2	4	1	2	197.3958
4	2	16	1	2	197.0982
16	1	32	1	2	196.90775
4	4	4	1	2	196.8662
8	1	32	1	2	196.581
32	1	2	2	2	196.562
1	16	2	2	2	196.5114
8	1	2	2	2	196.381
8	1	8	1	2	196.2488
1	4	4	1	2	196.0974
1	16	2	4	2	196.0546
4	4	8	1	2	196.0464
2	2	8	1	2	195.7892
2	4	4	1	2	195.6032
16	1	16	1	2	194.8745
2	1	16	1	2	194.819
1	2	8	1	2	194.7834
1	4	8	1	2	194.6914
1	8	2	1	2	194.6258
4	4	2	1	2	194.6248
4	1	8	1	2	194.5776
2	16	2	2	2	194.4626
2	8	4	1	2	193.7912
1	8	4	1	2	193.7274
8	2	8	1	2	193.5674
8	4	2	1	2	193.541
8	32	1	16	2	193.2355
1	8	1	1	2	193.1688
1	16	1	1	2	193.1548
8	4	4	1	2	193.0442
4	1	2	2	2	192.7064
1	32	1	1	2	192.4422
2	4	8	1	2	192.1964
4	2	8	1	2	192.1478
32	1	8	1	2	191.5205
2	1	8	1	2	191.4118
2	8	1	1	2	191.1034
2	1	32	1	2	191.0398
32	1	32	1	2	190.60275
1	2	16	1	2	190.4582
16	1	8	1	2	189.98225
8	4	8	1	2	189.91425
1	1	16	1	2	189.5328
1	2	4	1	2	189.3946
32	4	8	1	2	189.359
4	2	4	1	2	189.3092
4	4	1	1	2	189.302
4	16	1	1	2	189.2402
8	8	4	1	2	188.5605
16	4	8	1	2	188.51825
2	2	4	1	2	187.9858
8	2	2	1	2	187.5764
32	2	8	1	2	186.96725
16	4	4	1	2	186.6375
16	2	4	1	2	185.9335
8	4	1	1	2	185.9298
8	16	1	1	2	185.82925
2	16	2	1	2	185.558
1	16	2	1	2	185.3038
16	2	2	1	2	184.66875
4	8	4	1	2	184.6658
4	8	2	1	2	184.6574
32	2	4	1	2	184.624
4	8	1	1	2	183.9632
16	1	4	1	2	183.74125
16	2	16	1	2	183.357
8	16	1	32	2	182.9755
4	32	1	1	2	182.6998
16	4	2	1	2	181.9405
32	2	2	1	2	181.7165
2	4	1	1	2	180.1664
2	16	1	1	2	180.1614
32	4	4	1	2	179.92975
1	1	8	1	2	179.9016
4	2	2	1	2	179.6462
16	4	1	1	2	179.5815
2	1	2	2	2	178.6242
4	16	2	1	2	178.5514
8	1	4	1	2	177.6524
32	1	16	1	2	177.46025
16	8	1	1	2	177.11975
1	1	32	1	2	177.0968
32	2	16	1	2	176.645
8	8	2	1	2	176.61075
32	32	1	4	2	176.55225
32	4	1	1	2	176.0385
16	16	1	1	2	175.3095
8	32	1	1	2	175.17725
32	1	4	1	2	175.112
2	32	1	1	2	174.8304
16	8	4	1	2	174.74575
4	1	4	1	2	169.942
8	8	1	1	2	169.60275
4	32	1	32	2	169.4026
16	32	1	1	2	168.99525
1	4	1	1	2	168.926
32	8	1	1	2	166.5715
2	2	2	1	2	165.7914
1	1	2	2	2	161.9686
2	1	4	1	2	154.48
1	2	2	1	2	151.955
32	16	1	1	2	151.072
1	1	4	1	2	137.9028
32	32	1	1	2	128.69425
16	1	1	2	2	124.891
8	1	1	2	2	124.1842
32	1	1	2	2	123.6045
4	1	1	2	2	121.5688
16	2	1	1	2	117.7015
8	2	1	1	2	117.1128
32	2	1	1	2	115.845
2	1	1	2	2	115.4706
4	2	1	1	2	114.8252
32	32	1	8	2	113.222175
2	2	1	1	2	109.148
16	1	2	1	2	108.24425
32	1	2	1	2	107.9805
1	1	1	2	2	106.492
8	1	2	1	2	106.0598
4	1	2	1	2	102.569
1	2	1	1	2	100.944
2	1	2	1	2	94.29532
1	1	2	1	2	85.05974
16	1	1	1	2	62.92135
32	1	1	1	2	62.920625
8	1	1	1	2	62.33958
4	1	1	1	2	60.9419
2	1	1	1	2	58.11322
1	1	1	1	2	53.63032
