2	4	1	8	2	1166.364
1	8	1	8	2	2003.998
1	4	1	8	2	1173.916
1	4	1	16	2	2062.476
4	4	1	8	2	1245.774
1	8	1	16	2	3963.67
2	8	1	8	2	2108.97
1	16	1	8	2	3731.68
2	4	1	16	2	2197.048
8	4	1	8	2	1311.25
1	4	1	32	2	4182.632
1	1	1	32	2	1026.714
8	2	1	8	2	870.7604
2	2	1	8	2	793.2472
4	1	1	16	2	886.7766
4	2	1	8	2	843.007
8	1	8	8	2	1475.204
4	4	1	16	2	2377.268
1	2	1	8	2	757.4924
2	16	1	8	2	4089.738
1	2	1	16	2	1428.092
2	2	1	16	2	1537.544
2	1	1	16	2	812.9828
1	1	1	16	2	762.1612
4	8	1	8	2	2224.684
8	1	8	4	2	755.8554
1	8	1	4	2	1121.128
4	2	1	16	2	1669.24
2	8	1	4	2	1101.266
16	1	16	8	2	2842.6075
8	2	8	8	2	3038.074
8	2	8	4	2	1554.76
16	1	8	8	2	1438.78
1	32	1	8	2	6577.462
2	4	1	4	2	755.6618
2	8	1	16	2	4208.118
1	16	1	16	2	7410.538
8	2	1	16	2	1736.81
8	1	1	16	2	924.8336
1	2	1	32	2	2867.018
16	2	16	8	2	5885.44
16	1	1	16	2	939.27025
2	1	1	32	2	1461.438
32	1	8	8	2	1527.5425
16	2	1	8	2	897.0935
32	1	32	4	2	2951.76
32	1	16	4	2	1557.2075
16	2	8	8	2	3057.8575
16	1	8	4	2	764.5925
32	2	16	4	2	3257.7825
16	2	8	4	2	1546.295
8	4	8	8	2	5806.6825
16	1	16	4	2	1455.39
8	4	1	4	2	821.553
1	16	1	4	2	1963.358
2	4	1	32	2	4502.59
8	8	1	8	2	1876.625
2	16	1	4	2	2109.704
8	1	8	16	2	2937.48
32	1	8	4	2	797.16025
2	2	1	32	2	3093.07
4	4	1	4	2	801.5018
1	8	1	32	2	8037.922
32	2	8	4	2	1610.3825
16	2	16	4	2	2945.7225
16	4	8	4	2	3167.5825
4	16	1	8	2	3660.142
8	4	8	4	2	2906.0125
1	4	1	4	2	707.8218
16	4	1	8	2	1053.705
4	8	1	4	2	1134.724
1	32	1	4	2	3293.174
4	16	1	4	2	2209.112
8	1	1	32	2	1656.33
2	32	1	4	2	3875.204
4	1	1	32	2	1641.544
8	8	1	4	2	1150.505
8	4	1	16	2	2026.748
4	2	1	32	2	3359.25
16	4	1	4	2	837.00475
32	2	1	8	2	746.5635
16	4	8	8	2	5291.4975
2	32	1	8	2	6410.168
8	1	4	8	2	540.3782
4	8	1	16	2	3690.68
16	1	4	8	2	564.07925
32	2	8	8	2	2632.36
8	16	1	4	2	1880.445
16	1	32	4	2	2040.1375
16	8	1	4	2	962.343
8	1	4	16	2	1102.34
2	16	1	16	2	6873.628
8	2	4	4	2	507.8962
4	32	1	4	2	3561.044
16	2	4	4	2	538.651
8	1	1	8	2	487.9666
32	4	8	4	2	2789.1675
8	2	4	8	2	1017.089
16	2	1	16	2	1485.635
16	1	1	32	2	1325.8
4	1	1	8	2	479.296
4	1	4	8	2	479.7656
32	1	1	16	2	790.56575
8	2	1	4	2	474.4992
4	1	4	16	2	954.7062
1	32	1	16	2	10952.64
4	4	1	32	2	4157.266
8	2	1	32	2	2918.012
16	1	4	4	2	473.6885
16	1	1	8	2	495.24625
4	2	1	4	2	463.8392
4	2	4	4	2	464.7442
2	1	1	8	2	456.5636
8	1	4	4	2	458.3524
32	4	1	4	2	701.72625
2	4	8	4	2	1802.074
4	2	4	8	2	907.1352
2	8	1	32	2	7037.228
2	4	8	8	2	3611.03
32	1	1	8	2	497.12575
2	2	8	4	2	871.4348
16	2	1	4	2	481.08175
4	1	8	8	2	870.954
8	4	4	4	2	926.22025
2	2	1	4	2	442.6726
2	1	8	4	2	452.0684
4	1	8	4	2	460.1022
2	2	8	8	2	1733.766
2	1	8	16	2	1726.072
16	8	1	8	2	1426.7375
2	2	8	16	2	3497.268
2	1	8	8	2	868.8164
4	2	4	16	2	1830.926
32	4	1	8	2	760.88275
4	2	8	4	2	856.1092
4	1	8	16	2	1769.912
2	1	4	8	2	431.5384
4	2	8	8	2	1716.944
2	4	8	16	2	7214.368
32	2	1	4	2	484.45175
4	4	8	4	2	1724.016
4	4	4	4	2	859.908
1	16	1	32	2	12428.2
2	2	4	4	2	420.2892
1	1	1	8	2	425.2436
8	16	1	8	2	2809.48
32	1	4	4	2	443.69175
2	2	4	8	2	811.9298
8	1	16	4	2	818.1455
4	4	8	8	2	3457.668
8	1	16	8	2	1647.5925
2	1	4	16	2	844.2216
1	2	1	4	2	413.139
2	2	4	16	2	1645.76
4	1	2	8	2	410.7106
8	1	2	8	2	416.7692
4	1	4	4	2	406.1122
8	8	1	16	2	2817.325
4	1	16	8	2	1576.456
4	1	16	4	2	788.335
8	2	16	4	2	1607.065
4	1	2	16	2	802.3026
4	1	16	16	2	3158.288
16	1	32	2	2	1020.5575
8	2	16	8	2	3216.4775
1	4	8	4	2	1566.868
2	1	4	32	2	1679.462
1	4	8	8	2	3135.5
1	2	8	4	2	774.5722
1	2	8	8	2	1536.348
8	1	16	2	2	436.335
4	4	4	8	2	1622.906
8	2	8	2	2	851.7562
2	1	4	4	2	389.3436
1	16	1	2	2	1031.146
4	16	1	16	2	5473.626
1	4	8	16	2	6265.004
4	2	8	2	2	513.5988
1	2	8	16	2	3063.886
2	1	2	8	2	383.6482
32	1	16	2	2	915.599
32	8	1	4	2	720.94825
1	1	4	4	2	388.1368
8	2	4	2	2	430.4282
1	1	4	8	2	378.9178
16	2	8	2	2	860.761
2	8	1	2	2	551.3366
16	2	16	2	2	1479.3775
4	4	8	2	2	878.8852
16	1	16	2	2	840.264
4	4	4	2	2	496.8934
1	1	8	8	2	739.2646
2	2	8	2	2	489.2392
1	4	8	2	2	805.8706
2	1	2	16	2	754.4016
32	1	8	2	2	508.71175
8	1	8	2	2	520.8962
1	1	2	8	2	378.9832
8	4	8	2	2	1456.345
1	1	8	4	2	385.05
16	16	1	4	2	1422.165
2	4	8	2	2	909.6718
32	1	32	2	2	1476.15
1	2	4	4	2	371.4484
1	32	1	2	2	1646.008
8	4	4	2	2	575.6915
1	1	8	16	2	1472.922
4	1	16	2	2	413.5534
32	4	1	16	2	1532.745
8	32	1	4	2	2762.495
16	1	8	2	2	494.3875
1	1	2	16	2	728.663
1	2	8	32	2	6124.248
1	1	4	16	2	725.589
2	4	4	16	2	3083.308
1	8	1	2	2	561.6328
16	16	1	8	2	2850.755
16	4	8	2	2	1593.075
16	4	1	16	2	1545.7075
2	1	2	32	2	1504.264
4	2	16	4	2	1468.346
8	4	1	32	2	3086.132
4	2	16	8	2	2935.198
2	4	4	2	2	443.5492
2	1	16	4	2	716.296
4	32	1	8	2	5350.6
16	4	4	2	2	557.33725
1	1	8	32	2	2937.384
2	1	16	8	2	1436.49
8	4	1	2	2	411.5768
4	16	1	2	2	1116.274
32	2	1	16	2	1119.265
32	2	16	2	2	1646.2025
4	8	4	4	2	1511.76
1	2	8	2	2	423.2118
1	2	4	8	2	701.3082
4	4	1	2	2	400.8392
1	1	2	32	2	1478.632
2	4	4	4	2	708.9398
4	8	1	2	2	568.3128
2	4	1	2	2	378.2014
4	2	16	2	2	738.7784
4	2	4	2	2	380.7244
2	4	4	8	2	1447.278
1	2	2	4	2	361.2374
4	1	8	2	2	384.734
2	32	1	2	2	1924.168
4	8	4	2	2	751.6104
1	1	4	32	2	1444.816
2	1	16	16	2	2871.494
8	8	4	2	2	863.1295
16	8	1	16	2	2850.205
32	8	1	8	2	1440.5675
16	2	4	2	2	444.538
2	2	16	4	2	1390.052
32	2	8	2	2	914.0125
8	2	16	2	2	805.702
8	16	1	2	2	1129.18
32	2	4	2	2	404.02425
1	2	2	8	2	346.6974
2	2	4	2	2	369.6458
1	4	4	2	2	407.786
32	4	8	2	2	1671.335
16	4	1	2	2	418.77275
2	16	1	2	2	1073.84
4	2	2	4	2	349.3428
2	2	16	8	2	2776.092
2	2	16	16	2	5553.804
4	2	2	8	2	356.2362
2	1	8	2	2	374.2258
1	4	1	2	2	355.2184
2	2	2	8	2	347.3832
1	2	4	16	2	1352.194
2	2	16	2	2	704.552
1	2	4	2	2	378.563
4	32	1	2	2	2140.534
2	1	16	2	2	373.2122
2	8	4	4	2	1340.942
16	8	1	2	2	575.99625
2	2	2	4	2	340.2294
1	4	4	4	2	652.4058
8	2	2	4	2	342.3922
32	1	1	32	2	991.1195
2	2	2	16	2	685.6184
2	8	4	2	2	663.4346
1	2	4	32	2	2674.978
8	1	32	4	2	1303.425
4	32	1	16	2	10692.84
2	32	1	16	2	9625.292
8	1	32	2	2	651.81575
8	1	32	8	2	2606.6375
8	32	1	8	2	5523.0125
2	8	4	8	2	2672.816
8	16	1	16	2	5625.06
1	1	16	4	2	643.0106
4	1	2	4	2	325.0266
8	8	1	2	2	575.2305
16	2	2	4	2	349.533
1	2	2	16	2	642.078
1	1	16	8	2	1284.286
8	1	2	4	2	324.6312
2	16	1	32	2	10234.26
1	2	16	4	2	1296.652
1	1	16	16	2	2566.864
1	2	16	8	2	2595.436
1	2	2	32	2	1336.94
16	1	2	4	2	331.4565
4	8	1	32	2	5528.576
1	2	16	16	2	5191.2
16	16	1	2	2	956.728
32	1	2	4	2	334.84825
1	4	4	8	2	1234.924
32	16	1	4	2	1434.95
1	2	16	2	2	667.5582
4	4	2	4	2	322.486
16	32	1	4	2	2810.7375
16	2	1	32	2	2228.53
1	4	2	2	2	317.927
8	32	1	2	2	1845.77
1	1	16	32	2	5116.236
2	1	2	4	2	306.3892
32	4	1	2	2	422.31825
4	2	2	2	2	302.2742
4	4	2	2	2	313.395
1	1	16	2	2	343.4348
8	8	1	32	2	5641.9625
1	8	4	4	2	1195.8
2	4	2	2	2	303.7728
1	8	4	8	2	2390.28
1	1	8	2	2	337.2226
8	4	2	2	2	313.698
4	1	32	4	2	1166.862
8	2	2	2	2	293.6098
1	8	4	2	2	590.526
1	8	4	16	2	4798.224
4	1	32	2	2	583.658
4	1	32	8	2	2334.566
4	16	1	32	2	10927.84
1	1	2	4	2	294.8032
32	2	1	32	2	2253.7475
16	1	4	2	2	290.981
1	4	4	16	2	2306.85
16	2	2	2	2	293.18275
2	2	2	2	2	291.02
16	4	1	32	2	3101.0575
16	4	2	2	2	312.85125
1	32	1	32	2	16402.12
8	1	4	2	2	283.6236
2	4	2	4	2	278.536
1	4	2	16	2	1097.398
32	2	2	2	2	292.02475
1	4	2	4	2	270.0692
1	2	2	2	2	283.021
32	1	4	2	2	275.09575
1	4	2	8	2	531.6406
4	1	4	2	2	270.0084
2	8	2	4	2	530.2814
16	32	1	2	2	1400.245
2	8	2	2	2	265.6064
2	4	2	8	2	521.3108
32	8	1	2	2	481.96625
1	8	2	2	2	259.953
4	8	2	2	2	269.499
1	8	2	8	2	1013.0654
8	1	1	4	2	250.4052
2	1	32	4	2	1018.782
16	1	1	4	2	253.34925
2	1	32	8	2	2039.588
1	8	2	4	2	498.6564
2	32	1	32	2	19252.08
2	1	32	2	2	507.347
2	1	32	16	2	4073.084
2	1	4	2	2	257.5878
4	1	1	4	2	245.2296
32	1	1	4	2	254.65525
1	1	4	2	2	258.5126
8	2	1	2	2	237.3586
2	1	1	4	2	235.2912
16	2	1	2	2	240.32
4	2	1	2	2	232.018
32	16	1	2	2	716.92025
32	2	1	2	2	242.1145
16	16	1	16	2	2840.1275
2	2	1	2	2	221.5454
1	1	1	4	2	218.5072
1	1	32	4	2	902.5858
1	1	32	8	2	1804.892
1	1	32	2	2	454.927
1	1	32	16	2	3611.226
32	32	1	2	2	1411.4825
32	16	1	8	2	1432.4375
32	4	1	32	2	1535.6275
32	8	1	16	2	1436.1525
16	1	2	2	2	204.3025
4	1	16	1	2	305.653
16	32	1	8	2	2814.1625
2	2	16	1	2	348.7196
1	4	2	1	2	256.456
16	8	1	32	2	2848.54
1	2	1	2	2	206.7008
8	1	16	1	2	324.14325
2	4	2	1	2	265.4774
16	2	8	1	2	493.0825
8	2	16	1	2	401.405
4	1	32	1	2	291.2892
2	8	2	1	2	245.775
8	2	4	1	2	266.8092
4	2	16	1	2	370.6086
16	1	32	1	2	507.0375
4	4	4	1	2	361.6916
8	1	32	1	2	326.192
32	1	2	2	2	203.62425
1	16	2	2	2	401.4358
8	1	2	2	2	199.045
8	1	8	1	2	284.5122
1	4	4	1	2	343.1956
1	16	2	4	2	805.4772
4	4	8	1	2	433.698
2	2	8	1	2	339.5702
2	4	4	1	2	342.2026
16	1	16	1	2	481.12225
2	1	16	1	2	274.64
1	2	8	1	2	314.0676
1	4	8	1	2	406.2664
1	8	2	1	2	250.0446
4	4	2	1	2	270.2316
4	1	8	1	2	244.7682
2	16	2	2	2	404.2134
2	8	4	1	2	319.2374
1	8	4	1	2	282.5692
8	2	8	1	2	487.4642
8	4	2	1	2	271.557
8	32	1	16	2	5534.7325
1	8	1	1	2	281.3116
1	16	1	1	2	512.7542
8	4	4	1	2	380.503
4	1	2	2	2	197.4204
1	32	1	1	2	823.3154
2	4	8	1	2	459.5666
4	2	8	1	2	371.487
32	1	8	1	2	283.75225
2	1	8	1	2	234.707
2	8	1	1	2	276.409
2	1	32	1	2	250.8808
32	1	32	1	2	743.761
1	2	16	1	2	332.78
16	1	8	1	2	273.75925
8	4	8	1	2	729.78825
1	1	16	1	2	240.9048
1	2	4	1	2	231.0236
32	4	8	1	2	836.20025
4	2	4	1	2	249.8386
4	4	1	1	2	200.7534
4	16	1	1	2	560.4222
8	8	4	1	2	430.7285
16	4	8	1	2	791.6885
2	2	4	1	2	238.5528
8	2	2	1	2	193.4796
32	2	8	1	2	510.2765
16	4	4	1	2	385.1155
16	2	4	1	2	273.0465
8	4	1	1	2	206.3566
8	16	1	1	2	568.22825
2	16	2	1	2	203.017
1	16	2	1	2	202.2632
16	2	2	1	2	197.3315
4	8	4	1	2	368.6532
4	8	2	1	2	251.2606
32	2	4	1	2	267.76575
4	8	1	1	2	284.5516
16	1	4	1	2	192.21475
16	2	16	1	2	742.97175
8	16	1	32	2	5619.4675
4	32	1	1	2	1082.394
16	4	2	1	2	271.5875
32	2	2	1	2	199.6605
2	4	1	1	2	189.566
2	16	1	1	2	536.1088
32	4	4	1	2	379.5385
1	1	8	1	2	208.4524
4	2	2	1	2	188.7112
16	4	1	1	2	209.43725
2	1	2	2	2	184.3364
4	16	2	1	2	205.7424
8	1	4	1	2	186.959
32	1	16	1	2	505.21475
16	8	1	1	2	289.61575
1	1	32	1	2	227.5434
32	2	16	1	2	819.72325
8	8	2	1	2	252.14575
32	32	1	4	2	1417.3
32	4	1	1	2	210.647
16	16	1	1	2	575.6375
8	32	1	1	2	1115.035
32	1	4	1	2	191.648
2	32	1	1	2	961.8514
16	8	4	1	2	442.2145
4	1	4	1	2	178.788
8	8	1	1	2	287.10575
4	32	1	32	2	10697.44
16	32	1	1	2	941.9185
1	4	1	1	2	178.0764
32	8	1	1	2	289.43625
2	2	2	1	2	178.3866
1	1	2	2	2	169.4996
2	1	4	1	2	164.7192
1	2	2	1	2	161.0128
32	16	1	1	2	480.58075
1	1	4	1	2	147.7502
32	32	1	1	2	708.22025
16	1	1	2	2	126.6285
8	1	1	2	2	125.2024
32	1	1	2	2	127.2845
4	1	1	2	2	122.658
16	2	1	1	2	120.10325
8	2	1	1	2	118.792
32	2	1	1	2	120.91825
2	1	1	2	2	117.5156
4	2	1	1	2	116.1328
32	32	1	8	2	1416.505
2	2	1	1	2	110.9228
16	1	2	1	2	109.304
32	1	2	1	2	110.38775
1	1	1	2	2	109.0736
8	1	2	1	2	107.0914
4	1	2	1	2	104.1656
1	2	1	1	2	103.4086
2	1	2	1	2	96.85266
1	1	2	1	2	88.15124
16	1	1	1	2	63.319475
32	1	1	1	2	63.66175
8	1	1	1	2	62.60336
4	1	1	1	2	61.32014
2	1	1	1	2	58.7639
1	1	1	1	2	54.55738
