4	1	1	16	2	1778.9
2	4	1	16	2	1742.196667
1	4	1	16	2	1733.203333
2	1	1	32	2	1731.486667
2	1	1	16	2	1716.686667
1	1	1	16	2	1691.963333
1	1	1	32	2	1681.256667
2	2	1	16	2	1646.086667
1	8	1	16	2	1643.77
1	2	1	16	2	1629.56
4	4	1	16	2	1628.563333
1	4	1	32	2	1598.82
8	1	1	16	2	1596.86
2	8	1	16	2	1562.536667
1	2	1	32	2	1531.283333
4	2	1	16	2	1526.456667
4	1	1	32	2	1505.473333
1	16	1	16	2	1502.233333
16	1	1	16	2	1501.393333
8	2	1	16	2	1480.99
2	2	1	32	2	1476.563333
2	4	1	32	2	1464.93
8	1	1	32	2	1464.016667
1	8	1	32	2	1414.313333
4	2	1	32	2	1372.463333
2	2	1	8	2	1351.953333
2	4	1	8	2	1349.146667
1	4	1	8	2	1316.566667
1	2	1	8	2	1300.773333
4	2	1	8	2	1287.47
2	8	1	8	2	1285.25
2	1	1	8	2	1282.32
1	16	1	8	2	1279.566667
4	1	1	8	2	1269.023333
1	8	1	8	2	1253.163333
8	2	1	8	2	1245.29
8	1	4	8	2	1240.546667
4	1	4	16	2	1235.253333
4	4	1	8	2	1235.05
8	1	4	16	2	1231.706667
8	1	1	8	2	1223.67
4	1	4	8	2	1219.046667
4	8	1	16	2	1188.003333
16	1	4	16	2	1187.313333
16	1	1	8	2	1183.19
2	16	1	16	2	1179.776667
4	1	4	32	2	1162.556667
1	1	1	8	2	1162.026667
4	2	4	8	2	1161.956667
8	1	8	8	2	1158.78
8	2	4	8	2	1156.32
8	1	8	16	2	1153.39
16	1	4	8	2	1151.16
16	2	1	8	2	1144.55
16	1	16	8	2	1144.53
4	8	1	8	2	1136.506667
16	1	8	8	2	1134.14
4	4	1	32	2	1129.241333
4	2	4	16	2	1128.94
2	16	1	8	2	1126.436667
1	32	1	8	2	1117.676667
16	2	1	16	2	1116.425667
16	1	8	16	2	1106.18
2	1	4	8	2	1098.17
8	1	4	32	2	1095.242667
16	1	32	8	2	1092.166667
2	1	4	16	2	1090.896667
8	2	4	16	2	1090.123333
8	4	1	16	2	1085.807
8	2	8	8	2	1084.416667
1	1	4	16	2	1080.996667
8	2	8	16	2	1079.846667
1	32	1	16	2	1076.65
16	1	1	32	2	1076.11
32	1	1	16	2	1074.833
4	1	8	16	2	1074.426667
1	16	1	32	2	1074.129
4	1	8	8	2	1073.36
16	1	16	16	2	1069.33
2	8	1	32	2	1068.673667
8	4	1	8	2	1065.933333
4	4	4	8	2	1065.773333
32	1	32	8	2	1052.860667
2	1	4	32	2	1052.796667
4	2	4	32	2	1050.013333
8	1	32	8	2	1048.86
1	1	4	8	2	1048.356667
1	1	4	32	2	1047.09
16	2	16	8	2	1044.338
32	1	1	8	2	1039.530333
8	1	8	32	2	1034.377
2	2	4	8	2	1032.576667
32	1	4	8	2	1031.895
4	4	4	16	2	1030.243333
16	2	4	8	2	1029.245333
16	1	32	16	2	1022.022
8	4	8	8	2	1021.191
32	1	8	8	2	1015.939
2	1	8	8	2	1008.884
2	2	4	16	2	1007.481
2	1	8	16	2	1003.359
16	2	8	8	2	1001.786667
4	1	8	32	2	999.8006667
4	8	4	8	2	999.567
8	2	1	32	2	999.338
1	1	8	16	2	998.6913333
32	1	16	8	2	995.597
1	1	8	8	2	994.6963333
1	2	4	8	2	991.4586667
1	2	4	16	2	989.891
4	2	8	8	2	983.5543333
8	1	32	16	2	980.9246667
4	2	8	16	2	979.1023333
4	16	1	8	2	975.0303333
2	2	4	32	2	964.3236667
8	4	4	8	2	961.5366667
1	1	8	32	2	955.847
8	8	1	8	2	942.9896667
2	1	8	32	2	942.411
2	32	1	8	2	940.61
2	2	8	8	2	939.5406667
4	1	16	8	2	936.0496667
8	1	16	8	2	923.304
2	2	8	16	2	923.2886667
1	2	4	32	2	920.992
4	2	8	32	2	919.7333333
4	4	8	8	2	913.3686667
32	1	4	16	2	911.325
1	2	8	8	2	909.5893333
4	1	16	16	2	905.7113333
2	1	16	8	2	901.5436667
16	1	4	32	2	898.6683333
1	2	8	16	2	896.2096667
4	1	2	8	2	895.726
2	1	16	16	2	890.7656667
2	4	4	8	2	890.4686667
4	2	16	8	2	888.629
8	1	16	16	2	887.8223333
4	1	2	16	2	884.6033333
16	2	8	16	2	882.5233333
4	2	16	16	2	881.966
4	4	8	16	2	881.8726667
4	1	16	32	2	881.5616667
32	1	32	16	2	880.7966667
32	1	16	16	2	880.3413333
16	1	2	8	2	879.8776667
16	4	1	8	2	877.1186667
1	4	4	8	2	873.902
2	1	2	8	2	873.293
2	1	16	32	2	869.2663333
16	2	16	16	2	868.824
1	4	4	16	2	867.786
8	1	2	8	2	866.191
2	2	8	32	2	864.6946667
1	2	8	32	2	863.707
2	4	4	16	2	862.5286667
2	4	8	8	2	861.515
8	2	16	16	2	850.9596667
8	2	16	8	2	850.4536667
2	1	2	16	2	850.327
16	1	8	32	2	845.5056667
8	1	2	16	2	843.6593333
8	2	4	32	2	842.62
16	2	4	16	2	836.8556667
4	1	2	32	2	836.3673333
8	1	16	32	2	833.6123333
4	8	1	32	2	831.8833333
2	4	8	16	2	830.9363333
1	4	4	32	2	830.2823333
4	8	4	16	2	829.7813333
2	4	4	32	2	825.9063333
16	1	16	32	2	822.406
32	1	8	16	2	818.9573333
1	1	2	8	2	817.5106667
8	4	8	16	2	816.768
4	2	16	32	2	812.128
2	16	1	32	2	812.0993333
1	4	8	8	2	808.8853333
4	4	4	32	2	808.8176667
1	1	2	32	2	806.472
16	1	32	32	2	803.3143333
32	2	16	8	2	800.8563333
2	1	2	32	2	798.9126667
4	1	32	8	2	798.216
32	2	8	8	2	796.362
8	4	4	16	2	792.119
2	2	2	8	2	791.477
2	2	16	8	2	791.3176667
2	2	16	16	2	790.0593333
1	4	8	16	2	788.589
2	32	1	16	2	786.696
32	2	1	8	2	786.184
32	2	4	8	2	786.0136667
4	1	32	16	2	785.7263333
2	1	4	4	2	781.5626667
16	4	1	16	2	781.0436667
1	1	2	16	2	780.5756667
8	2	8	32	2	780.2146667
4	16	1	16	2	778.0253333
1	4	4	4	2	772.873
2	4	8	32	2	772.5646667
2	2	16	32	2	772.4753333
16	4	8	8	2	768.928
8	2	2	8	2	768.2476667
16	4	4	8	2	766.059
1	4	8	32	2	765.288
2	2	1	4	2	764.62
16	2	1	32	2	764.2343333
2	2	8	4	2	764.2003333
1	2	2	8	2	763.3893333
4	2	2	8	2	762.414
2	2	4	4	2	760.0436667
2	8	4	8	2	758.968
2	4	1	4	2	758.0093333
1	8	4	8	2	757.7453333
2	4	8	4	2	757.588
2	2	2	16	2	757.0663333
4	1	1	4	2	755.9223333
4	1	8	4	2	755.3176667
2	2	2	32	2	754.279
32	2	1	16	2	751.825
4	4	1	4	2	751.0936667
2	1	8	4	2	750.3653333
8	1	32	4	2	749.4693333
8	4	1	32	2	748.8233333
4	1	32	4	2	747.8116667
4	16	1	32	2	746.4906667
4	1	16	4	2	746.4766667
8	1	16	4	2	746.375
4	2	1	4	2	745.9466667
4	4	4	4	2	745.4626667
4	1	4	4	2	744.8733333
4	1	32	32	2	743.6493333
1	2	2	16	2	741.998
2	4	4	4	2	741.9643333
8	16	1	8	2	741.5446667
1	32	1	32	2	741.526
1	4	1	4	2	739.8213333
32	1	1	32	2	739.6686667
8	1	8	4	2	734.358
1	1	16	8	2	734.1833333
4	4	8	4	2	733.6316667
8	1	1	4	2	732.6906667
8	8	4	8	2	732.6113333
1	1	16	16	2	731.93
16	1	32	4	2	731.4256667
4	2	2	4	2	730.2166667
16	1	8	4	2	729.9156667
1	8	4	16	2	729.824
8	2	16	4	2	727.5766667
1	2	1	4	2	726.405
4	2	8	4	2	725.039
2	1	16	4	2	724.5993333
2	8	4	16	2	724.5346667
1	16	1	4	2	723.381
8	2	8	4	2	722.4593333
8	2	4	4	2	720.3003333
1	8	1	4	2	720.1943333
16	2	8	4	2	719.528
8	2	1	4	2	717.8816667
2	2	16	4	2	717.3426667
32	1	32	4	2	715.616
16	1	2	4	2	714.682
1	1	16	32	2	714.5633333
8	2	2	4	2	714.1576667
2	1	2	4	2	713.7723333
4	2	4	4	2	713.76
16	2	4	4	2	712.9833333
1	2	4	4	2	712.7946667
8	1	4	4	2	712.3523333
4	32	1	16	2	710.9793333
1	4	8	4	2	710.0596667
16	1	16	4	2	709.0383333
4	2	16	4	2	708.8176667
1	2	2	32	2	707.8606667
16	2	16	4	2	707.7486667
8	1	2	4	2	707.3653333
8	8	1	16	2	704.4016667
1	2	8	4	2	704.247
2	1	1	4	2	704.0183333
2	32	1	32	2	703.4166667
2	16	1	4	2	702.4873333
1	8	4	32	2	702.1893333
4	1	2	4	2	701.8246667
2	2	2	4	2	699.9753333
1	8	4	4	2	699.915
1	1	4	4	2	699.301
2	8	4	4	2	697.6356667
1	1	8	4	2	697.17
2	1	32	8	2	695.315
2	8	1	4	2	693.621
16	8	1	16	2	690.944
1	2	16	8	2	690.402
4	32	1	8	2	689.4686667
1	2	2	4	2	689.258
32	1	16	4	2	688.645
32	1	8	4	2	687.814
16	1	4	4	2	687.4936667
2	1	32	16	2	685.4863333
1	2	16	16	2	685.3493333
8	4	1	4	2	685.251
16	4	1	32	2	684.674
8	4	8	4	2	683.8493333
4	4	2	8	2	683.0286667
1	1	2	4	2	682.9453333
4	2	2	16	2	682.6676667
2	4	2	8	2	682.516
32	1	2	4	2	681.6303333
1	32	1	4	2	680.3396667
32	4	1	16	2	680.0483333
16	1	1	4	2	679.2813333
1	1	1	4	2	677.788
8	16	1	16	2	675.3323333
16	8	1	8	2	674.3283333
32	4	1	8	2	672.5346667
2	1	32	4	2	671.3083333
32	1	4	4	2	671.0386667
16	2	2	4	2	669.4463333
2	1	32	32	2	667.8423333
16	4	4	4	2	665.7736667
2	32	1	4	2	663.806
16	2	1	4	2	662.879
4	8	1	4	2	661.962
1	2	16	4	2	661.808
32	2	1	32	2	661.1716667
4	8	4	4	2	658.6083333
1	2	16	32	2	656.6576667
32	2	16	4	2	655.9256667
8	4	4	4	2	655.4166667
32	2	4	4	2	646.2616667
4	16	1	4	2	641.442
32	1	1	4	2	640.0003333
1	1	16	4	2	638.5976667
32	2	4	16	2	635.7346667
32	2	1	4	2	635.4403333
8	8	4	4	2	634.5013333
4	4	2	4	2	633.292
32	2	8	4	2	632.9633333
16	4	1	4	2	630.3426667
8	8	1	4	2	625.9456667
32	2	8	16	2	625.2393333
16	4	8	4	2	623.4133333
2	4	2	4	2	621.5293333
1	4	2	8	2	621.2656667
32	1	4	32	2	621.238
16	2	4	32	2	621.1746667
8	8	1	32	2	619.3196667
16	4	4	16	2	618.195
1	4	2	4	2	601.348
1	4	2	16	2	600.8596667
32	1	8	32	2	596.445
2	4	2	16	2	595.369
8	4	2	4	2	588.1653333
8	32	1	8	2	582.9023333
1	4	2	32	2	579.05
4	32	1	4	2	577.861
32	4	1	4	2	565.919
16	16	1	8	2	562.424
1	8	2	8	2	558.2586667
8	16	1	4	2	553.8563333
1	8	2	4	2	551.61
32	4	8	8	2	544.4183333
1	8	2	16	2	543.0443333
1	1	32	8	2	541.864
16	8	4	4	2	540.966
1	1	32	16	2	539.827
32	4	8	4	2	538.5266667
32	8	1	8	2	538.0053333
1	1	32	4	2	536.9616667
16	8	1	4	2	536.626
16	8	4	8	2	530.7123333
32	4	4	4	2	530.343
1	1	32	32	2	526.242
32	4	4	8	2	524.8346667
2	8	2	8	2	524.0666667
4	8	2	4	2	492.8816667
2	8	2	4	2	480.4326667
16	16	1	4	2	468.2573333
8	32	1	4	2	449.5073333
32	8	1	4	2	435.589
2	4	1	2	2	435.3276667
2	1	4	2	2	432.9113333
2	4	2	2	2	432.866
4	4	1	2	2	431.349
2	2	8	2	2	431.299
4	2	4	2	2	431.1236667
1	4	8	2	2	430.445
16	8	1	32	2	430.2176667
2	2	1	2	2	430.2003333
1	2	4	2	2	428.6193333
4	1	4	2	2	428.0223333
4	4	2	2	2	426.75
1	8	4	2	2	423.3323333
2	2	4	2	2	422.8213333
8	1	32	2	2	422.303
8	1	8	2	2	422.2683333
8	16	1	32	2	422.0903333
2	1	16	2	2	421.3256667
2	1	8	2	2	421.1556667
4	4	8	2	2	420.9233333
4	1	8	2	2	420.4143333
2	2	2	2	2	419.095
16	1	32	2	2	418.583
8	2	16	2	2	418.4553333
32	8	4	4	2	418.332
16	1	16	2	2	417.906
16	1	8	2	2	417.4823333
4	2	2	2	2	417.1976667
4	1	2	2	2	415.797
2	2	16	2	2	415.4696667
8	2	8	2	2	413.7196667
16	2	4	2	2	413.1986667
1	8	1	2	2	412.477
4	1	16	2	2	412.1503333
1	1	4	2	2	411.6926667
1	16	1	2	2	411.0683333
32	4	1	32	2	410.7853333
32	1	32	2	2	410.5066667
1	2	1	2	2	410.3843333
16	1	1	2	2	410.145
8	1	16	2	2	408.9676667
1	4	2	2	2	408.835
1	2	2	2	2	408.7146667
1	2	16	2	2	407.648
2	4	4	2	2	407.4503333
8	2	1	2	2	407.134
16	1	4	2	2	406.9133333
16	1	2	2	2	406.3463333
8	2	2	2	2	404.6896667
4	2	16	2	2	404.3996667
1	1	32	2	2	404.268
2	1	2	2	2	403.402
2	8	2	2	2	403.0553333
32	8	1	16	2	402.75
8	1	4	2	2	402.4603333
8	2	4	2	2	402.456
2	1	32	2	2	402.2
2	8	4	2	2	401.24
1	2	8	2	2	400.4273333
2	16	2	4	2	400.281
4	1	32	2	2	399.5593333
8	1	2	2	2	399.3673333
4	2	8	2	2	398.7513333
1	4	1	2	2	398.627
16	2	1	2	2	398.3266667
1	16	2	4	2	398.2373333
1	1	8	2	2	397.4746667
1	16	2	8	2	397.145
32	2	8	2	2	396.967
4	4	4	2	2	396.778
1	1	16	2	2	396.2283333
16	2	16	2	2	395.5243333
16	2	8	2	2	395.1423333
1	4	4	2	2	394.6203333
4	32	1	32	2	393.3143333
16	32	1	4	2	391.5593333
1	1	2	2	2	391.3703333
16	16	1	16	2	390.2713333
32	16	1	4	2	390.0193333
32	1	16	2	2	389.6193333
32	1	4	2	2	388.6836667
4	2	1	2	2	388.614
1	8	2	2	2	387.96
16	4	2	2	2	386.6533333
4	1	1	2	2	385.9846667
8	4	8	2	2	385.5826667
32	2	16	2	2	385.255
8	4	1	2	2	384.9673333
8	4	2	2	2	384.9193333
2	32	1	2	2	384.137
32	1	8	2	2	383.7846667
4	8	2	2	2	383.736
8	1	1	2	2	383.5516667
2	8	1	2	2	382.4333333
2	4	8	2	2	382.228
1	16	2	2	2	381.7673333
32	1	2	2	2	380.934
4	8	1	2	2	378.5733333
1	32	1	2	2	378.499
2	16	1	2	2	374.4413333
16	8	4	2	2	374.3233333
8	32	1	16	2	373.9606667
32	1	1	2	2	373.9213333
16	4	1	2	2	369.4913333
16	2	2	2	2	369.1606667
8	4	4	2	2	368.4243333
8	8	2	2	2	368.3483333
32	2	1	2	2	367.6453333
4	8	4	2	2	366.414
2	16	2	2	2	364.5566667
2	1	1	2	2	363.2723333
32	2	4	2	2	360.6733333
4	16	1	2	2	359.6123333
8	16	1	2	2	359.2743333
32	4	8	2	2	357.779
32	2	2	2	2	355.4213333
8	8	4	2	2	355.2653333
4	32	1	2	2	353.462
8	8	1	2	2	353.4296667
16	4	4	2	2	353.232
32	4	1	2	2	352.8286667
16	8	1	2	2	350.9723333
16	32	1	8	2	349.9666667
16	4	8	2	2	347.1333333
4	16	2	2	2	346.2783333
32	4	4	2	2	345.7863333
1	1	1	2	2	332.386
16	16	1	2	2	327.3986667
8	32	1	2	2	322.2486667
32	16	1	8	2	321.4166667
32	8	4	2	2	308.5513333
32	8	1	2	2	293.6023333
16	32	1	2	2	284.237
32	16	1	2	2	265.6126667
32	32	1	2	2	257.6043333
1	4	2	1	2	249.947
1	4	1	1	2	249.3973333
4	2	1	1	2	247.9193333
2	2	4	1	2	247.267
2	1	8	1	2	245.9686667
2	4	2	1	2	244.9313333
1	4	8	1	2	244.9146667
1	8	2	1	2	244.555
4	1	8	1	2	244.1783333
4	1	32	1	2	244.1293333
8	1	2	1	2	243.584
1	2	2	1	2	242.82
1	2	8	1	2	242.0816667
1	8	4	1	2	242.0083333
1	2	16	1	2	241.999
4	2	8	1	2	241.831
4	1	4	1	2	241.803
4	1	16	1	2	241.5593333
32	32	1	4	2	241.401
2	2	8	1	2	241.0073333
2	2	1	1	2	240.9993333
2	8	1	1	2	240.94
1	2	4	1	2	240.486
1	2	1	1	2	240.41
2	4	8	1	2	240.363
2	1	2	1	2	240.253
8	1	8	1	2	239.983
8	2	2	1	2	239.6803333
4	1	2	1	2	238.7126667
2	1	4	1	2	237.6796667
1	4	4	1	2	237.0603333
4	2	4	1	2	236.8903333
1	1	8	1	2	236.315
16	1	8	1	2	236.297
32	8	1	32	2	236.2493333
1	1	16	1	2	236.2216667
8	1	16	1	2	235.9696667
8	1	32	1	2	235.7046667
2	2	2	1	2	235.1386667
2	1	16	1	2	235.0046667
1	1	4	1	2	234.9643333
2	4	1	1	2	234.8536667
2	2	16	1	2	234.671
8	2	4	1	2	234.198
2	1	32	1	2	233.4293333
4	2	16	1	2	233.1636667
32	1	32	1	2	232.9923333
32	1	8	1	2	232.857
2	8	2	1	2	232.8313333
1	16	2	1	2	232.593
2	4	4	1	2	232.4306667
1	8	1	1	2	231.3663333
16	2	16	1	2	231.322
1	1	32	1	2	231.1606667
32	1	16	1	2	231.135
4	4	1	1	2	231.0183333
1	16	1	1	2	230.9366667
16	1	16	1	2	230.182
8	4	8	1	2	230.136
16	1	32	1	2	229.6533333
4	2	2	1	2	229.557
8	1	4	1	2	229.1343333
1	1	2	1	2	229.042
8	2	8	1	2	228.0706667
4	4	8	1	2	227.4756667
1	32	1	1	2	227.3683333
8	16	1	1	2	224.8673333
16	1	4	1	2	224.0643333
8	4	1	1	2	223.805
4	4	2	1	2	221.7853333
32	1	4	1	2	221.2326667
16	1	2	1	2	220.9546667
8	4	2	1	2	220.798
8	4	4	1	2	220.63
8	2	1	1	2	220.2183333
16	4	4	1	2	220.167
8	8	2	1	2	219.6403333
4	8	2	1	2	219.521
32	1	2	1	2	219.5006667
16	8	4	1	2	219.1866667
16	2	8	1	2	218.915
32	4	1	1	2	218.8276667
8	2	16	1	2	218.5986667
2	8	4	1	2	218.5093333
32	4	2	1	2	216.9413333
16	2	4	1	2	216.279
32	2	8	1	2	216.1786667
4	16	2	1	2	215.6103333
16	2	2	1	2	215.4386667
4	8	4	1	2	214.0226667
8	8	1	1	2	213.6383333
32	2	4	1	2	213.555
16	8	1	1	2	213.1846667
2	16	2	1	2	212.8836667
16	2	1	1	2	211.7283333
16	8	2	1	2	211.672
32	8	4	1	2	210.111
16	4	8	1	2	210.042
2	16	1	1	2	209.5996667
32	4	8	1	2	209.3603333
16	1	1	1	2	208.2456667
32	1	1	1	2	207.976
4	4	4	1	2	207.1033333
8	1	1	1	2	206.821
32	2	16	1	2	206.7966667
4	8	1	1	2	206.749
4	1	1	1	2	205.1506667
4	16	1	1	2	204.5123333
32	16	1	16	2	203.5823333
2	1	1	1	2	200.9376667
32	2	1	1	2	200.89
32	4	4	1	2	199.7173333
8	32	1	1	2	198.6513333
8	8	4	1	2	198.473
32	2	2	1	2	198.4126667
16	32	1	1	2	197.539
16	16	1	1	2	197.28
4	32	1	1	2	195.4326667
8	16	2	1	2	191.9916667
2	32	1	1	2	190.0426667
1	1	1	1	2	187.7073333
16	4	1	1	2	186.4
32	16	1	1	2	179.9013333
32	8	1	1	2	178.4683333
16	4	2	1	2	176.7786667
32	32	1	8	2	173.743
32	32	1	1	2	164.7926667
