4	1	1	16	2	2144.476667
2	4	1	16	2	4268.68
1	4	1	16	2	4038.793333
2	1	1	32	2	2271.933333
2	1	1	16	2	2153.916667
1	1	1	16	2	2050.51
1	1	1	32	2	2204.87
2	2	1	16	2	3782.58
1	8	1	16	2	8067.043333
1	2	1	16	2	3533.886667
4	4	1	16	2	4484.123333
1	4	1	32	2	8183.846667
8	1	1	16	2	2217.943333
2	8	1	16	2	8515.723333
1	2	1	32	2	6983.39
4	2	1	16	2	3920.676667
4	1	1	32	2	2972.533333
1	16	1	16	2	15585.8
16	1	1	16	2	2231.053333
8	2	1	16	2	4042.873333
2	2	1	32	2	7607.93
2	4	1	32	2	8797.43
8	1	1	32	2	3149.053333
1	8	1	32	2	16058.76667
4	2	1	32	2	7914.713333
2	2	1	8	2	2164.92
2	4	1	8	2	2751.096667
1	4	1	8	2	2644.446667
1	2	1	8	2	2026.57
4	2	1	8	2	2257.703333
2	8	1	8	2	4341.416667
2	1	1	8	2	1491.83
1	16	1	8	2	7951.596667
4	1	1	8	2	1544.793333
1	8	1	8	2	4111.75
8	2	1	8	2	2314.15
8	1	4	8	2	1499.743333
4	1	4	16	2	2724.36
4	4	1	8	2	2898.896667
8	1	4	16	2	2859.316667
8	1	1	8	2	1567.626667
4	1	4	8	2	1448.736667
4	8	1	16	2	7193.083333
16	1	4	16	2	3038.94
16	1	1	8	2	1559.216667
2	16	1	16	2	14028.93333
4	1	4	32	2	5430.763333
1	1	1	8	2	1442.81
4	2	4	8	2	2515.49
8	1	8	8	2	2583.776667
8	2	4	8	2	2720.043333
8	1	8	16	2	5174.07
16	1	4	8	2	1647.38
16	2	1	8	2	2203.843333
16	1	16	8	2	5147.806667
4	8	1	8	2	4357.406667
16	1	8	8	2	2685.86
4	4	1	32	2	7508.626667
4	2	4	16	2	4994.083333
2	16	1	8	2	8488.606667
1	32	1	8	2	14756.4
16	2	1	16	2	3411.243333
16	1	8	16	2	5276.993333
2	1	4	8	2	1263.61
8	1	4	32	2	5960.746667
16	1	32	8	2	9827.44
2	1	4	16	2	2346.263333
8	2	4	16	2	5342.68
8	4	1	16	2	3886.173333
8	2	8	8	2	5182.9
1	1	4	16	2	2243.566667
8	2	8	16	2	10341
1	32	1	16	2	24497.56667
16	1	1	32	2	2540.99
32	1	1	16	2	1939.74
4	1	8	16	2	4518.066667
1	16	1	32	2	26005.23333
4	1	8	8	2	2275.046667
16	1	16	16	2	10420.33333
2	8	1	32	2	14248.06667
8	4	1	8	2	2777.383333
4	4	4	8	2	4791.856667
32	1	32	8	2	10977.76667
2	1	4	32	2	4690.016667
4	2	4	32	2	10220.62667
8	1	32	8	2	9081.463333
1	1	4	8	2	1224.773333
1	1	4	32	2	4487.156667
16	2	16	8	2	10585.16667
32	1	1	8	2	1586.713333
8	1	8	32	2	10390.36667
2	2	4	8	2	2192.556667
32	1	4	8	2	1655.72
4	4	4	16	2	9591.693333
16	2	4	8	2	2851.77
16	1	32	16	2	19639.53333
8	4	8	8	2	10640.13333
32	1	8	8	2	2892.766667
2	1	8	8	2	2100.58
2	2	4	16	2	4294.466667
2	1	8	16	2	4183.193333
16	2	8	8	2	5205.7
4	1	8	32	2	9016.7
4	8	4	8	2	9833.51
8	2	1	32	2	6829.066667
1	1	8	16	2	4157.53
32	1	16	8	2	5408.626667
1	1	8	8	2	2097.316667
1	2	4	8	2	2067.803333
1	2	4	16	2	4121.366667
4	2	8	8	2	4205.9
8	1	32	16	2	18139.6
4	2	8	16	2	8364.57
4	16	1	8	2	7113.476667
2	2	4	32	2	8670.816667
8	4	4	8	2	5110.613333
1	1	8	32	2	8305.533333
8	8	1	8	2	3632.133333
2	1	8	32	2	8342.62
2	32	1	8	2	13339.3
2	2	8	8	2	3930.556667
4	1	16	8	2	3910.726667
8	1	16	8	2	3903.766667
2	2	8	16	2	7856.86
1	2	4	32	2	8147.413333
4	2	8	32	2	16963.8
4	4	8	8	2	8056.013333
32	1	4	16	2	2560.293333
1	2	8	8	2	3810.67
4	1	16	16	2	7666.416667
2	1	16	8	2	3810.736667
16	1	4	32	2	5045.593333
1	2	8	16	2	7596.716667
4	1	2	8	2	961.314
2	1	16	16	2	7606.543333
2	4	4	8	2	3772.47
4	2	16	8	2	7663.85
8	1	16	16	2	7779.89
4	1	2	16	2	1853.203333
16	2	8	16	2	8758.29
4	2	16	16	2	15353.8
4	4	8	16	2	16117.53333
4	1	16	32	2	15507.73333
32	1	32	16	2	18309.56667
32	1	16	16	2	8849.21
16	1	2	8	2	1002.770667
16	4	1	8	2	2079.89
1	4	4	8	2	3688.48
2	1	2	8	2	925.964
2	1	16	32	2	15108.1
16	2	16	16	2	17641.26667
1	4	4	16	2	7330.246667
8	1	2	8	2	942.767
2	2	8	32	2	15665.7
1	2	8	32	2	15142.96667
2	4	4	16	2	7650.083333
2	4	8	8	2	7456.503333
8	2	16	16	2	15505.9
8	2	16	8	2	7750.913333
2	1	2	16	2	1746.966667
16	1	8	32	2	8896.89
8	1	2	16	2	1862.28
8	2	4	32	2	8819.59
16	2	4	16	2	4579.43
4	1	2	32	2	3681.14
8	1	16	32	2	15894.13333
4	8	1	32	2	10807.6
2	4	8	16	2	14885.4
1	4	4	32	2	14679.73333
4	8	4	16	2	16384.36667
2	4	4	32	2	15204.5
16	1	16	32	2	17387.4
32	1	8	16	2	4615.266667
1	1	2	8	2	880.7993333
8	4	8	16	2	17685.13333
4	2	16	32	2	30667.26667
2	16	1	32	2	21089.76667
1	4	8	8	2	6967.116667
4	4	4	32	2	16019.93333
1	1	2	32	2	3362.296667
16	1	32	32	2	32765.63333
32	2	16	8	2	9135.066667
2	1	2	32	2	3473.923333
4	1	32	8	2	6842.5
32	2	8	8	2	4553.11
8	4	4	16	2	8388.156667
2	2	2	8	2	834.5153333
2	2	16	8	2	6860.716667
2	2	16	16	2	13705.96667
1	4	8	16	2	13992.53333
2	32	1	16	2	19941.7
32	2	1	8	2	1870.726667
32	2	4	8	2	2366.263333
4	1	32	16	2	13667.53333
2	1	4	4	2	1208.823333
16	4	1	16	2	2855.446667
1	1	2	16	2	1594.626667
8	2	8	32	2	17340.23333
4	16	1	16	2	10705.03333
1	4	4	4	2	2169.65
2	4	8	32	2	29851.03333
2	2	16	32	2	27477.36667
16	4	8	8	2	8815.79
8	2	2	8	2	870.2363333
16	4	4	8	2	4347.426667
1	4	8	32	2	28037.76667
2	2	1	4	2	1342.266667
16	2	1	32	2	5106.896667
2	2	8	4	2	2226.1
1	2	2	8	2	800.159
4	2	2	8	2	828.316
2	2	4	4	2	1550.31
2	8	4	8	2	6561.87
2	4	1	4	2	1856.41
1	8	4	8	2	6442.863333
2	4	8	4	2	3748.756667
2	2	2	16	2	1574.876667
4	1	1	4	2	869.343
4	1	8	4	2	1725.436667
2	2	2	32	2	3276.166667
32	2	1	16	2	2593.746667
4	4	1	4	2	1885.736667
2	1	8	4	2	1500.646667
8	1	32	4	2	4559.65
8	4	1	32	2	5665.826667
4	1	32	4	2	3418.21
4	16	1	32	2	21337.96667
4	1	16	4	2	2095.953333
8	1	16	4	2	2331.373333
4	2	1	4	2	1372.093333
4	4	4	4	2	2678.966667
4	1	4	4	2	1096.093333
4	1	32	32	2	27334.5
1	2	2	16	2	1515.87
2	4	4	4	2	2415.696667
8	16	1	8	2	5358.843333
1	32	1	32	2	36637.93333
1	4	1	4	2	1783.823333
32	1	1	32	2	2115.99
8	1	8	4	2	1704.146667
1	1	16	8	2	3142.33
4	4	8	4	2	4037.056667
8	1	1	4	2	880.2543333
8	8	4	8	2	8204.586667
1	1	16	16	2	6254.306667
16	1	32	4	2	4937.04
4	2	2	4	2	858.3856667
16	1	8	4	2	1760.23
1	8	4	16	2	12767.93333
8	2	16	4	2	3882.78
1	2	1	4	2	1256.8
4	2	8	4	2	2533.363333
2	1	16	4	2	2016.503333
2	8	4	16	2	13125.76667
1	16	1	4	2	4085.556667
8	2	8	4	2	2949.53
8	2	4	4	2	1705.186667
1	8	1	4	2	2106.44
16	2	8	4	2	2987.653333
8	2	1	4	2	1396.02
2	2	16	4	2	3434.486667
32	1	32	4	2	5537.32
16	1	2	4	2	944.5026667
1	1	16	32	2	12564.96667
8	2	2	4	2	979.9836667
2	1	2	4	2	852.708
4	2	4	4	2	1634.53
16	2	4	4	2	1807.993333
1	2	4	4	2	1486.993333
8	1	4	4	2	1168.8
4	32	1	16	2	20327.3
1	4	8	4	2	3517.85
16	1	16	4	2	3018.266667
4	2	16	4	2	3845.273333
1	2	2	32	2	3014.666667
16	2	16	4	2	5368.85
8	1	2	4	2	930.83
8	8	1	16	2	5441.89
1	2	8	4	2	2208.11
2	1	1	4	2	846.3453333
2	32	1	32	2	39926.86667
2	16	1	4	2	4302.183333
1	8	4	32	2	25719.33333
4	1	2	4	2	887.0203333
2	2	2	4	2	873.5586667
1	8	4	4	2	3198.7
1	1	4	4	2	1183.693333
2	8	4	4	2	3289.223333
1	1	8	4	2	1497.89
2	1	32	8	2	6153.85
2	8	1	4	2	2192.07
16	8	1	16	2	5444.44
1	2	16	8	2	6107.953333
4	32	1	8	2	10188.36667
1	2	2	4	2	897.658
32	1	16	4	2	3087.183333
32	1	8	4	2	1760.316667
16	1	4	4	2	1209.43
2	1	32	16	2	12290.1
1	2	16	16	2	12160.1
8	4	1	4	2	1890.026667
16	4	1	32	2	5603.65
8	4	8	4	2	5340.873333
4	4	2	8	2	1471.3
1	1	2	4	2	819.873
4	2	2	16	2	1478.003333
2	4	2	8	2	1451.6
32	1	2	4	2	927.642
1	32	1	4	2	7431.16
32	4	1	16	2	2907.233333
16	1	1	4	2	884.9656667
1	1	1	4	2	808.0293333
8	16	1	16	2	10797.23333
16	8	1	8	2	2727.19
32	4	1	8	2	1555.96
2	1	32	4	2	3066.256667
32	1	4	4	2	1182.743333
16	2	2	4	2	995.006
2	1	32	32	2	24604.5
16	4	4	4	2	2912.28
2	32	1	4	2	8051.316667
16	2	1	4	2	1399.04
4	8	1	4	2	2206.64
1	2	16	4	2	3043.693333
32	2	1	32	2	5166.536667
4	8	4	4	2	4931.046667
1	2	16	32	2	24328.7
32	2	16	4	2	5501.79
8	4	4	4	2	2800.836667
32	2	4	4	2	1706.586667
4	16	1	4	2	4323.916667
32	1	1	4	2	889.803
1	1	16	4	2	1672.576667
32	2	4	16	2	3556.506667
32	2	1	4	2	1402.65
8	8	4	4	2	4958.72
4	4	2	4	2	729.2016667
32	2	8	4	2	3082.26
16	4	1	4	2	1889.456667
8	8	1	4	2	2216.51
32	2	8	16	2	6816.686667
16	4	8	4	2	5312.396667
2	4	2	4	2	684.407
1	4	2	8	2	1268.836667
32	1	4	32	2	3822.92
16	2	4	32	2	7034.79
8	8	1	32	2	10871.9
16	4	4	16	2	6506.65
1	4	2	4	2	676.304
1	4	2	16	2	2477.353333
32	1	8	32	2	7005.19
2	4	2	16	2	2559.013333
8	4	2	4	2	776.7776667
8	32	1	8	2	10327.03333
1	4	2	32	2	4922.74
4	32	1	4	2	6850.813333
32	4	1	4	2	1574.75
16	16	1	8	2	5424.73
1	8	2	8	2	2304.11
8	16	1	4	2	3610.053333
1	8	2	4	2	1146.873333
32	4	8	8	2	7027.6
1	8	2	16	2	4604.063333
1	1	32	8	2	5032.156667
16	8	4	4	2	4407.033333
1	1	32	16	2	10054.93333
32	4	8	4	2	4682.343333
32	8	1	8	2	2736.04
1	1	32	4	2	2520.406667
16	8	1	4	2	1849.143333
16	8	4	8	2	6591.04
32	4	4	4	2	2280.73
1	1	32	32	2	20093.56667
32	4	4	8	2	3302.896667
2	8	2	8	2	2240.556667
4	8	2	4	2	1078.676333
2	8	2	4	2	1016.423
16	16	1	4	2	2694.766667
8	32	1	4	2	5215.143333
32	8	1	4	2	1381.896667
2	4	1	2	2	931.3096667
2	1	4	2	2	783.108
2	4	2	2	2	1051.4
4	4	1	2	2	944.1083333
2	2	8	2	2	1396.873333
4	2	4	2	2	998.6426667
1	4	8	2	2	1814.04
16	8	1	32	2	5450.456667
2	2	1	2	2	670.4416667
1	2	4	2	2	998.9316667
4	1	4	2	2	690.1686667
4	4	2	2	2	1048.966667
1	8	4	2	2	1649.303333
2	2	4	2	2	1050.49
8	1	32	2	2	2294.476667
8	1	8	2	2	1028.843333
8	16	1	32	2	10727.86667
2	1	16	2	2	1204.386667
2	1	8	2	2	1037.643333
4	4	8	2	2	2061.12
4	1	8	2	2	1117.77
2	2	2	2	2	833.2446667
16	1	32	2	2	2481.43
8	2	16	2	2	1964.783333
32	8	4	4	2	3327.946667
16	1	16	2	2	1663.123333
16	1	8	2	2	1049.486667
4	2	2	2	2	865.75
4	1	2	2	2	573.738
2	2	16	2	2	1806.896667
8	2	8	2	2	1641.043333
16	2	4	2	2	1043.796667
1	8	1	2	2	1056.94
4	1	16	2	2	1306.24
1	1	4	2	2	733.3303333
1	16	1	2	2	2041.536667
32	4	1	32	2	2925.576667
32	1	32	2	2	2806.61
1	2	1	2	2	629.404
16	1	1	2	2	442.9353333
8	1	16	2	2	1478.823333
1	4	2	2	2	1029.683333
1	2	2	2	2	794.2283333
1	2	16	2	2	1647.35
2	4	4	2	2	1488.843333
8	2	1	2	2	693.6666667
16	1	4	2	2	724.8133333
16	1	2	2	2	601.671
8	2	2	2	2	906.3803333
4	2	16	2	2	1978.103333
1	1	32	2	2	1268.16
2	1	2	2	2	549.756
2	8	2	2	2	758.8343333
32	8	1	16	2	2729.18
8	1	4	2	2	710.6283333
8	2	4	2	2	1035.456667
2	1	32	2	2	1530.133333
2	8	4	2	2	1666.51
1	2	8	2	2	1355.94
2	16	2	4	2	1716.726667
4	1	32	2	2	1716.77
8	1	2	2	2	592.548
4	2	8	2	2	1569.396667
1	4	1	2	2	892.597
16	2	1	2	2	699.1676667
1	16	2	4	2	1653.856667
1	1	8	2	2	998.9143333
1	16	2	8	2	3319.183333
32	2	8	2	2	1713.896667
4	4	4	2	2	1529.53
1	1	16	2	2	1000.844333
16	2	16	2	2	2711.153333
16	2	8	2	2	1620.563333
1	4	4	2	2	1390.806667
4	32	1	32	2	20320.2
16	32	1	4	2	5232.64
1	1	2	2	2	519.1373333
16	16	1	16	2	5358.966667
32	16	1	4	2	2715.196667
32	1	16	2	2	1746.22
32	1	4	2	2	740.6286667
4	2	1	2	2	684.6856667
1	8	2	2	2	751.3136667
16	4	2	2	2	1066.490667
4	1	1	2	2	435.0773333
8	4	8	2	2	2684.373333
32	2	16	2	2	2761.766667
8	4	1	2	2	941.7066667
8	4	2	2	2	1050.727333
2	32	1	2	2	4046.166667
32	1	8	2	2	1060.54
4	8	2	2	2	815.0903333
8	1	1	2	2	441.0033333
2	8	1	2	2	1096.93
2	4	8	2	2	1891.893333
1	16	2	2	2	833.7913333
32	1	2	2	2	600.221
4	8	1	2	2	1103.503333
1	32	1	2	2	3711.943333
2	16	1	2	2	2142.523333
16	8	4	2	2	2669.003333
8	32	1	16	2	10341.1
32	1	1	2	2	444.2596667
16	4	1	2	2	939.7556667
16	2	2	2	2	889.7806667
8	4	4	2	2	1523.033333
8	8	2	2	2	878.8893333
32	2	1	2	2	699.927
4	8	4	2	2	2463.006667
2	16	2	2	2	856.052
2	1	1	2	2	423.718
32	2	4	2	2	1057.386667
4	16	1	2	2	2173.06
8	16	1	2	2	2167.476667
32	4	8	2	2	2829.366667
32	2	2	2	2	871.395
8	8	4	2	2	2468.426667
4	32	1	2	2	4087.196667
8	8	1	2	2	1105.71
16	4	4	2	2	1591.453333
32	4	1	2	2	945.8926667
16	8	1	2	2	1106.37
16	32	1	8	2	5226.196667
16	4	8	2	2	2644.026667
4	16	2	2	2	859.064
32	4	4	2	2	1547.193333
1	1	1	2	2	402.5263333
16	16	1	2	2	1808.443333
8	32	1	2	2	3457.463333
32	16	1	8	2	2698.52
32	8	4	2	2	2234.07
32	8	1	2	2	925.389
16	32	1	2	2	2615.016667
32	16	1	2	2	1358.326667
32	32	1	2	2	2624.443333
1	4	2	1	2	692.9833333
1	4	1	1	2	446.265
4	2	1	1	2	341.711
2	2	4	1	2	608.2953333
2	1	8	1	2	583.0406667
2	4	2	1	2	698.2203333
1	4	8	1	2	916.0133333
1	8	2	1	2	510.0736667
4	1	8	1	2	611.3966667
4	1	32	1	2	855.5263333
8	1	2	1	2	314.703
1	2	2	1	2	447.5256667
1	2	8	1	2	781.15
1	8	4	1	2	826.4723333
1	2	16	1	2	832.2446667
4	2	8	1	2	912.2673333
4	1	4	1	2	430.973
4	1	16	1	2	768.5756667
32	32	1	4	2	2616.873333
2	2	8	1	2	833.7706667
2	2	1	1	2	335.6993333
2	8	1	1	2	548.9053333
1	2	4	1	2	576.5303333
1	2	1	1	2	316.9656667
2	4	8	1	2	943.088
2	1	2	1	2	294.2393333
8	1	8	1	2	563.0533333
8	2	2	1	2	495.9256667
4	1	2	1	2	307.1913333
2	1	4	1	2	448.2976667
1	4	4	1	2	837.8333333
4	2	4	1	2	549.7173333
1	1	8	1	2	557.917
16	1	8	1	2	570.193
32	8	1	32	2	2726.536667
1	1	16	1	2	592.943
8	1	16	1	2	853.6803333
8	1	32	1	2	1139.613333
2	2	2	1	2	465.722
2	1	16	1	2	705.5286667
1	1	4	1	2	412.0786667
2	4	1	1	2	465.5193333
2	2	16	1	2	907.5656667
8	2	4	1	2	560.986
2	1	32	1	2	766.5503333
4	2	16	1	2	1005.378333
32	1	32	1	2	1410.723333
32	1	8	1	2	573.1736667
2	8	2	1	2	519.311
1	16	2	1	2	423.569
2	4	4	1	2	856.5496667
1	8	1	1	2	528.6153333
16	2	16	1	2	1363.676667
1	1	32	1	2	633.205
32	1	16	1	2	959.654
4	4	1	1	2	471.1653333
1	16	1	1	2	1009.876667
16	1	16	1	2	943.5366667
8	4	8	1	2	1327.406667
16	1	32	1	2	1233.543333
4	2	2	1	2	485.6783333
8	1	4	1	2	446.9986667
1	1	2	1	2	275.4876667
8	2	8	1	2	897.089
4	4	8	1	2	1014.926667
1	32	1	1	2	1841.763333
8	16	1	1	2	1092.616667
16	1	4	1	2	452.095
8	4	1	1	2	471.449
4	4	2	1	2	691.706
32	1	4	1	2	457.1086667
16	1	2	1	2	318.836
8	4	2	1	2	659.4623333
8	4	4	1	2	840.5616667
8	2	1	1	2	348.0603333
16	4	4	1	2	870.587
8	8	2	1	2	552.1473333
4	8	2	1	2	543.953
32	1	2	1	2	321.6066667
16	8	4	1	2	1331.71
16	2	8	1	2	927.6763333
32	4	1	1	2	472.4343333
8	2	16	1	2	982.0526667
2	8	4	1	2	831.913
32	4	2	1	2	639.2336667
16	2	4	1	2	568.0323333
32	2	8	1	2	962.7176667
4	16	2	1	2	430.6976667
16	2	2	1	2	501.9006667
4	8	4	1	2	1216.803333
8	8	1	1	2	554.2763333
32	2	4	1	2	570.6253333
16	8	1	1	2	550.6466667
2	16	2	1	2	428.5423333
16	2	1	1	2	349.5406667
16	8	2	1	2	549.6163333
32	8	4	1	2	1342.336667
16	4	8	1	2	1313.5
2	16	1	1	2	1069.213333
32	4	8	1	2	1402.04
16	1	1	1	2	221.416
32	1	1	1	2	222.7053333
4	4	4	1	2	814.98
8	1	1	1	2	220.1466667
32	2	16	1	2	1385.08
4	8	1	1	2	551.919
4	1	1	1	2	217.4933333
4	16	1	1	2	1085.71
32	16	1	16	2	2698.513333
2	1	1	1	2	212.0013333
32	2	1	1	2	350.2356667
32	4	4	1	2	881.244
8	32	1	1	2	2068.603333
8	8	4	1	2	1208.27
32	2	2	1	2	511.0343333
16	32	1	1	2	1744.58
16	16	1	1	2	1097.866667
4	32	1	1	2	2033.973333
8	16	2	1	2	424.3513333
2	32	1	1	2	2023.44
1	1	1	1	2	201.764
16	4	1	1	2	474.245
32	16	1	1	2	915.7683333
32	8	1	1	2	553.289
16	4	2	1	2	638.0876667
32	32	1	8	2	2613.783333
32	32	1	1	2	1311.276667
