110.603825
247.649
484.98525
905.06875
1516.1725
1662.9675
1437.39
194.323
344.355
589.674
847.772
852.55225
837.91325
762.928
242.367
417.3045
645.7285
859.756
847.617
827.22675
715.31
245.21075
410.78375
647.623
757.8845
758.65975
746.37375
716.641
239.015
402.0024
570.1742
585.6834
594.1882
572.3524
570.897
236.088
364.6616
409.6918
408.0842
404.2114
400.2545
220.60575
378.437
692.5585
1258.735
1465.32
1395.874
1202.33
248.8934
408.3294
676.6664
836.0858
822.6694
788.2774
753.948
250.4244
394.0982
665.9992
832.6104
831.9422
803.1634
780.883
248.167
379.0776
687.6566
771.8746
767.3992
739.415
706.63
239.103
372.0592
530.0844
529.7496
527.2652
513.679
505.046
249.6324
403.7836
726.781
1291.478
1758.124
1643.042
1223.93
254.7178
387.641
706.1348
748.3854
733.8976
693.913
650.422
247.8012
384.581
702.87
848.5652
836.7656
814.0175
738.707
247.1954
384.7892
694.128
746.0816
743.1164
710.2785
246.003
419.2838
749.5466
1262.888
1681.912
1530.442
885.082
249.9814
411.0866
649.2896
638.0106
655.1035
590.941
245.8714
417.8202
706.4002
761.0716
753.234
724.529
238.1922
395.2062
719.6126
1229.702
1446.822
1160.62
644.478
238.7116
414.8402
476.574
479.7305
473.363
227.4166
402.4028
709.6748
1149.4
984.658
729.4666
542.658
128.8282
255.634
502.8842
950.5896
1572.668
1800.004
1533.61
223.1692
360.8908
692.3572
1200.646
1242.996
1215.12
1072.71
248.7698
387.74
710.3632
961.7178
952.496
903.2618
866.085
249.7072
392.8632
733.014
862.2792
863.8562
823.5522
780.131
247.7222
389.4786
682.9922
717.5062
710.9156
691.405
669.37
242.621
386.835
570.132
571.6534
569.5146
559.7255
225.9446
394.449
732.8714
1313.5
1540.638
1417.896
1143.47
255.3986
392.7694
747.5338
1311.254
1431.012
1355.846
1075.7
253.5624
393.96
767.6216
906.3524
907.5838
872.18
801.744
250.3366
396.3774
751.1596
837.1266
833.072
788.7986
739.602
250.5312
391.1232
652.538
663.2222
656.7
631.3725
247.5434
423.8598
749.0252
1353.74
1851.46
1623.128
903.888
243.6634
422.4816
708.267
1313.502
1387.096
1256.34
813.722
247.4686
415.875
747.7694
891.8506
886.4078
850.9595
243.8262
421.9744
734.8282
811.9156
795.7526
762.3725
237.7598
408.3102
698.6134
1276.168
1710.756
1337.308
721.214
238.9296
433.4882
706.3718
1245.752
1373.28
1069.898
630.705
231.466
412.7602
732.5306
819.5858
793.482
217.6182
413.473
698.4336
1239.886
1250.9
930.8808
642.401
211.6814
390.8246
704.2696
1175.178
1032.9758
700.1095
559.943
194.241
368.3448
664.3286
965.4804
799.0422
788.188
373.161
133.0144
263.3024
517.6414
971.7328
1638.218
1734.432
1228.24
229.2108
370.4282
708.3326
1242.626
1328.4
1241.592
984.846
249.232
415.5574
739.2978
1288.422
1478.148
1343.63
1043.21
254.5278
414.127
739.4798
967.5592
964.6738
921.0722
827.351
252.4434
432.7638
734.764
841.7716
837.4942
813.4985
741.627
246.7926
406.5778
693.4514
720.2284
713.2632
689.2035
232.1078
391.2518
715.396
1288.85
1529.844
1399.102
886.187
246.6622
418.173
734.8826
1291.382
1507.724
1434.592
840.142
247.1158
435.8026
769.774
1322.922
1361.072
1267.88
810.446
247.1316
433.7276
767.724
926.7438
915.7434
905.739
242.5768
440.096
726.6976
774.4502
754.6448
730.8325
233.2784
428.2428
713.767
1185.862
1711.602
1386.638
730.134
235.8928
424.4552
731.9032
1244.544
1402.65
1118.952
643.68
230.9224
409.8124
748.8908
1252.124
1390.824
1097.656
643.828
236.8908
418.8686
700.3096
843.483
833.81
672.469
201.2318
406.1006
658.4608
1203.254
1283.906
977.6526
697.744
212.4188
393.1332
698.648
1175.02
1096.984
825.038
608.066
230.5558
425.963
724.4446
1201.072
1057.024
769.401
573.949
174.6528
377.9124
661.415
1011.498
855.0068
870.297
413.468
184.6904
375.456
627.382
940.8824
762.9568
788.292
208.6182
348.389
563.2914
744.2574
764.8466
486.3445
134.256
265.4884
521.5758
973.6236
1553.904
1595.628
899.472
228.9562
371.5264
707.3972
1262.612
1314.114
1204.82
786.172
243.2646
424.3856
745.2548
1261.992
1509.548
1333.518
803.456
243.1284
422.8948
749.0488
1280.084
1322.36
1186.196
767.711
239.6112
421.4312
728.846
901.273
873.4236
863.278
238.7754
442.492
737.9458
862.1552
842.5775
813.249
232.224
404.9968
694.0988
1199.716
1400.354
1170.076
671.229
238.0364
412.9472
719.5578
1239.37
1477.916
1178.44
669.364
239.8054
423.3012
730.1142
1282.09
1380.038
1086.916
637.013
238.9818
411.1958
718.9998
1261.986
1323.19
1066.126
644.309
230.8834
425.864
677.4564
901.6564
885.584
213.6198
407.855
709.1038
1130.85
1325.424
977.7828
660.656
228.3988
397.7964
708.6074
1155.296
1105.678
824.8448
592.033
219.0112
409.9496
715.5444
1187.752
1103.754
833.7546
596.487
228.5188
391.4826
726.1722
1209.744
1081.872
781.658
586.002
186.4506
358.2582
639.9352
998.0216
891.6296
889.1816
413.226
180.6016
355.8422
649.2968
948.987
771.9366
805.171
177.269
380.2508
670.4408
929.9416
759.529
788.899
185.5296
357.5162
559.5734
761.3668
783.4064
503.8405
235.441
181.442
340.448
564.9894
677.088
718.9345
450.8465
201.5452
317.7242
472.7866
617.5466
441.7985
268.1315
134.9656
265.4326
517.1234
931.6554
1371.972
1302.596
726.609
227.6812
379.867
677.733
1183.698
1231.36
1008.4212
595.344
233.5106
424.6512
724.3084
1265.926
1433.302
1119.1
655.034
231.8446
402.7248
705.189
1226.298
1310.942
1053.4876
627.836
238.4218
410.0742
702.537
1227.682
1298.362
1044.205
588.535
231.1252
414.8732
707.8556
1012.996
992.4365
222.9436
386.4984
646.361
1077.136
1066.952
803.4488
587.524
214.6744
403.1502
669.8278
1110.15
1119.006
849.6376
602.258
191.9404
414.9396
634.1444
1137.586
1078.186
824.321
600.463
224.7806
401.1358
681.1686
1181.924
1120.294
812.72
591.525
228.9862
394.6736
715.4688
1161.168
1029.3752
795.7275
209.1818
361.2968
638.7488
955.33
888.6942
878.157
427.479
208.7882
386.9776
629.9052
914.041
762.97
765.7455
197.8858
381.7336
659.0536
945.3154
757.5328
746.1705
193.5444
378.6806
645.6928
931.4422
770.3042
800.7895
197.8906
327.9042
529.0338
737.8582
766.3
508.394
244.878
187.0754
344.6146
560.6714
691.8094
693.498
440.5395
202.6762
343.4048
590.5846
694.9058
748.279
198.131
312.4242
474.0886
630.1944
463.443
267.2285
195.695
312.4564
464.9138
578.056
410.995
192.3348
263.9732
410.4232
377.7695
240.5595
134.111
261.6018
494.8882
847.3184
1023.9534
911.6988
617.909
218.3654
376.0664
648.701
1065.084
968.0678
707.8628
536.15
212.9728
405.9668
663.4978
1102.17
1095.154
757.8826
591.857
215.2806
412.997
668.9726
1094.4072
1055.865
772.0515
581.933
220.873
418.2564
700.2004
1122.098
1010.3284
755.0675
224.3682
398.9828
702.5756
1116.752
1013.6732
763.518
196.561
373.8906
570.1344
865.4252
716.158
719.811
362.42
185.7738
352.6058
600.4832
864.6802
746.2664
686.227
195.8046
385.8104
622.2294
885.1546
729.4288
762.8805
200.4666
375.8568
628.1574
890.7664
724.4878
743.673
195.0372
378.6854
638.4988
923.6854
760.92
741.5015
171.718
322.3728
499.0094
711.7832
738.737
527.8025
238.204
207.0758
336.1788
510.0104
652.2078
704.0535
419.6355
192.4692
338.1138
544.1014
646.1026
719.2265
181.0156
343.4656
536.2086
682.14
709.745
201.9402
289.6548
428.384
578.1954
439.386
270.2265
203.4612
291.1994
434.0912
569.074
410.945
200.4866
305.771
450.2726
568.69
181.8998
253.8668
386.8508
374.7955
239.4665
190.263
274.1204
390.391
335.99
169.2598
244.605
262.0966
211.5095
131.8002
249.1592
453.518
627.7332
681.46
775.9046
200.5056
348.9724
534.681
798.1708
650.549
203.5844
372.1502
583.2512
842.9338
726.6054
188.8144
361.3038
607.6008
853.4228
668.9298
170.0758
389.9248
625.8254
878.3468
182.638
392.7536
635.8268
905.7494
203.439
309.9808
451.9154
599.9254
599.4916
216.7206
330.9124
479.7046
643.7262
199.7938
334.478
530.4204
641.2086
192.1168
338.4372
537.3416
635.6368
191.7722
336.516
556.5024
677.495
179.088
277.4492
404.7158
571.9444
185.0738
286.3732
424.7136
193.4704
301.8602
447.8994
190.4676
317.4896
440.7908
178.2778
235.1686
378.591
181.4736
266.451
359.7296
192.0036
262.7568
157.119
233.1526
256.1522
