1	4	1	8	2	576.339
1	1	1	16	2	564.619
1	16	1	8	2	549.2563333
1	8	1	8	2	532.9423333
1	2	1	8	2	527.2496667
8	1	2	8	2	526.8743333
1	1	1	32	2	520.5323333
8	2	1	8	2	511.086
2	4	2	8	2	503.7653333
2	2	1	8	2	500.8143333
16	2	2	16	2	500.158
2	16	1	8	2	499.9963333
4	1	4	16	2	499.244
2	1	2	8	2	497.8393333
1	32	1	8	2	496.3336667
4	4	1	8	2	495.9843333
4	2	2	16	2	494.0613333
2	4	1	16	2	493.529
4	1	4	8	2	491.0746667
1	2	1	16	2	490.8736667
4	1	1	16	2	490.2733333
2	1	1	16	2	486.0116667
8	1	8	8	2	485.5886667
32	1	1	16	2	484.6106667
2	4	2	16	2	482.0906667
8	1	4	16	2	480.672
2	16	2	8	2	480.551
4	2	2	8	2	480.512
2	8	2	8	2	479.9696667
16	1	16	8	2	479.087
4	4	2	8	2	478.4753333
2	1	2	16	2	477.1966667
4	2	1	8	2	476.9373333
32	1	4	8	2	476.6813333
4	1	2	8	2	474.6336667
16	2	4	16	2	474.287
4	1	1	8	2	474.1073333
8	1	8	16	2	473.4946667
16	1	8	16	2	472.48
2	8	1	8	2	469.9966667
4	8	4	8	2	468.8086667
4	1	2	16	2	468.3516667
8	1	1	8	2	468.2443333
2	1	1	8	2	468.1243333
1	2	1	32	2	467.777
8	2	8	16	2	466.3586667
4	2	1	16	2	466.0683333
2	2	2	16	2	465.6153333
16	1	8	8	2	465.4956667
8	2	4	16	2	465.4346667
16	2	2	8	2	464.48
2	2	2	8	2	462.336
32	1	2	16	2	459.391
4	2	4	16	2	459.204
1	8	1	16	2	458.2863333
4	4	2	16	2	458.2483333
2	8	2	16	2	458.085
1	1	1	8	2	457.4756667
4	8	1	8	2	457.351
16	1	1	16	2	456.952
8	4	2	8	2	455.167
8	2	2	8	2	454.3493333
1	2	1	4	2	453.823
8	1	4	8	2	452.1203333
32	1	2	8	2	451.083
8	1	2	16	2	449.6133333
4	4	4	16	2	448.1286667
8	2	8	8	2	447.8673333
4	8	2	8	2	447.772
8	2	4	8	2	446.8903333
1	1	4	8	2	444.3943333
16	1	2	32	2	443.533
2	1	1	32	2	443.257
1	4	1	16	2	442.2376667
8	4	8	8	2	442.074
4	4	1	16	2	437.2336667
32	2	1	8	2	436.3886667
16	1	4	8	2	435.627
32	1	8	8	2	435.2323333
1	16	1	16	2	433.184
2	2	2	32	2	432.871
2	2	1	16	2	432.23
4	8	1	32	2	431.832
8	4	4	8	2	431.139
8	4	1	16	2	431.086
1	1	2	16	2	430.2663333
16	1	2	16	2	429.2663333
16	2	8	8	2	427.8636667
4	16	1	8	2	426.8626667
8	2	2	16	2	426.5713333
8	4	1	8	2	426.5226667
2	1	4	16	2	425.2923333
16	1	1	8	2	424.6056667
1	1	4	16	2	424.392
2	32	1	8	2	424.161
16	2	1	16	2	424.1346667
4	2	4	4	2	423.7356667
4	1	8	8	2	423.3566667
32	2	4	8	2	422.5783333
2	4	1	8	2	421.5763333
1	16	1	4	2	420.7046667
8	8	2	8	2	420.403
4	1	8	4	2	420.024
1	4	1	4	2	419.721
16	1	16	16	2	419.535
1	2	4	4	2	419.4236667
1	1	4	32	2	418.7766667
4	4	4	8	2	417.6146667
16	2	16	8	2	416.604
8	2	1	16	2	413.689
16	2	1	8	2	413.5186667
2	4	2	4	2	413.2353333
2	8	1	16	2	412.7533333
4	1	4	4	2	412.288
1	1	2	8	2	411.864
32	2	2	8	2	411.4
8	8	1	16	2	410.8263333
1	2	4	8	2	410.582
2	1	4	8	2	410.4013333
16	1	4	16	2	410.164
1	2	2	16	2	410.0843333
1	8	1	4	2	408.7616667
8	1	8	4	2	408.017
4	2	2	32	2	407.9763333
16	1	2	8	2	407.5306667
16	1	4	32	2	407.201
2	2	4	4	2	407.1393333
2	8	2	4	2	407.1353333
1	32	1	16	2	406.1413333
2	1	2	32	2	405.3586667
4	4	4	4	2	404.302
2	2	4	16	2	404.159
2	32	1	16	2	403.876
8	4	4	16	2	403.754
4	16	2	8	2	401.912
8	4	2	16	2	401.5196667
4	2	4	8	2	400.3376667
1	4	4	4	2	400.1346667
8	8	1	8	2	399.3223333
1	1	2	32	2	399.2636667
2	8	1	4	2	398.962
8	1	4	4	2	398.843
1	2	4	32	2	398.255
16	1	8	4	2	398.1946667
4	1	8	16	2	397.9446667
16	2	2	32	2	397.913
8	4	2	32	2	396.309
2	1	4	32	2	396.058
4	2	1	4	2	395.96
4	8	4	16	2	395.8103333
4	2	2	4	2	394.4753333
4	16	1	16	2	393.951
2	4	1	4	2	393.193
32	2	1	16	2	392.8153333
4	8	1	16	2	392.7313333
1	8	1	32	2	392.3533333
1	2	2	32	2	391.666
4	1	2	32	2	391.5676667
1	2	2	8	2	391.265
4	2	1	32	2	391.0966667
1	4	4	8	2	390.8613333
8	2	8	4	2	390.6393333
4	1	4	32	2	390.1956667
1	2	4	16	2	389.971
16	4	2	8	2	389.4243333
16	4	1	8	2	389.0203333
4	4	1	4	2	388.9166667
16	2	8	16	2	388.857
4	2	8	4	2	388.572
4	8	2	16	2	388.358
1	32	1	4	2	388.055
4	2	4	32	2	387.211
1	1	8	4	2	386.2246667
1	4	1	32	2	385.8183333
16	4	8	8	2	385.2856667
1	1	8	8	2	384.923
4	1	8	32	2	384.561
2	16	1	32	2	384.2283333
8	8	2	16	2	383.982
8	2	2	4	2	383.3383333
4	1	1	32	2	383.323
2	16	1	16	2	382.9416667
2	16	2	4	2	382.8783333
16	4	4	8	2	381.5673333
16	4	1	16	2	381.303
2	1	8	8	2	379.65
1	1	8	16	2	378.4426667
16	2	4	4	2	378.283
32	1	16	4	2	377.84
16	4	4	16	2	377.678
8	2	1	4	2	377.452
2	1	8	4	2	376.931
16	2	8	4	2	376.9303333
1	1	8	32	2	375.612
8	2	4	4	2	375.277
1	4	4	16	2	374.4523333
1	1	4	4	2	374.229
8	4	8	4	2	374.2006667
16	2	1	32	2	374.0226667
2	4	8	4	2	373.817
2	4	4	4	2	373.6733333
2	8	2	32	2	373.098
16	2	16	16	2	372.913
2	4	1	32	2	372.7216667
4	1	2	4	2	372.7113333
2	1	8	16	2	372.7
16	1	16	4	2	372.1336667
1	8	4	4	2	372.0713333
1	2	8	4	2	370.982
2	4	4	8	2	370.428
8	1	16	4	2	369.7593333
2	2	1	4	2	369.502
2	4	8	8	2	369.3923333
1	8	4	8	2	368.8256667
2	2	4	8	2	368.529
2	2	8	4	2	367.638
16	4	2	16	2	367.567
16	1	4	4	2	367.3586667
4	8	2	32	2	366.84
2	2	4	32	2	366.552
4	2	8	16	2	366.165
8	4	4	4	2	366.1253333
8	8	4	8	2	365.3316667
1	8	4	16	2	365.261
16	2	2	4	2	364.905
1	4	2	16	2	364.452
1	4	4	32	2	364.233
4	1	16	4	2	364.114
2	1	8	32	2	363.887
2	16	2	16	2	363.4146667
4	2	8	8	2	362.2696667
1	4	8	4	2	361.5313333
2	2	1	32	2	361.3206667
8	2	2	32	2	361.142
1	2	8	8	2	360.9776667
1	4	2	32	2	360.337
8	1	16	16	2	359.33
32	1	1	8	2	358.536
32	1	1	32	2	358.367
4	8	4	4	2	358.251
8	1	1	32	2	357.9096667
8	4	1	32	2	357.6136667
8	4	2	4	2	357.593
32	1	4	4	2	357.409
2	8	1	32	2	357.3166667
32	1	32	4	2	357.11
8	1	2	4	2	356.7946667
8	1	16	8	2	356.7836667
4	8	2	4	2	355.9623333
2	16	1	4	2	355.8663333
2	1	2	4	2	354.9713333
16	2	1	4	2	354.8396667
2	8	4	4	2	354.7516667
8	4	1	4	2	354.5893333
4	4	8	8	2	353.908
1	2	8	16	2	353.6583333
4	8	1	4	2	353.541
1	4	2	8	2	353.3096667
2	2	2	4	2	352.9846667
1	4	2	4	2	352.5086667
16	1	1	32	2	351.3946667
16	2	16	4	2	351.2116667
2	2	8	16	2	351.0206667
1	16	1	32	2	349.8316667
1	2	8	32	2	349.538
1	4	8	16	2	348.423
4	2	16	4	2	346.6066667
4	4	1	32	2	345.324
4	4	8	4	2	345.215
1	4	8	8	2	343.6446667
16	1	2	4	2	343.3376667
2	2	8	8	2	343.0296667
4	2	16	8	2	342.5843333
32	2	8	4	2	341.962
4	8	4	32	2	341.537
1	2	2	4	2	341.3453333
4	1	16	16	2	339.215
1	32	1	32	2	338.2686667
16	2	4	8	2	337.9556667
1	4	8	32	2	337.459
2	1	4	4	2	337.4123333
8	1	2	32	2	336.494
4	16	1	4	2	336.195
4	1	16	8	2	335.2296667
4	2	16	16	2	335.187
16	1	32	4	2	334.584
2	4	8	16	2	334.264
8	16	1	8	2	333.8406667
2	2	8	32	2	333.311
2	4	2	32	2	333.0586667
8	8	4	4	2	331.6633333
16	1	32	8	2	330.587
8	8	2	4	2	330.094
32	2	16	4	2	329.567
2	32	1	4	2	329.348
4	16	2	4	2	329.326
4	4	4	32	2	328.573
8	2	16	4	2	327.9893333
4	4	2	4	2	327.8853333
2	8	4	8	2	327.174
2	1	16	8	2	326.2343333
16	4	8	4	2	326.1993333
2	2	16	4	2	324.611
2	2	16	8	2	324.168
8	1	1	16	2	322.8911
32	1	8	4	2	321.325
16	4	8	16	2	321.164
8	2	1	32	2	321.0016667
2	2	16	16	2	320.1173333
8	2	16	8	2	319.584
16	4	2	4	2	317.948
2	1	16	4	2	317.317
16	4	1	4	2	316.0863333
8	8	1	4	2	314.9346667
1	1	2	4	2	314
32	4	1	8	2	310.0606667
2	4	4	16	2	308.159
1	8	2	8	2	308.1056667
2	1	16	16	2	307.145
32	1	2	4	2	307.0676667
32	2	2	4	2	305.3643333
32	2	4	4	2	305.0863333
16	4	4	4	2	304.2746667
1	8	2	16	2	301.632
4	32	1	8	2	301.0473333
8	1	4	32	2	300.652
2	1	16	32	2	300.328
8	1	32	4	2	299.8576667
1	8	2	4	2	299.2293333
16	8	1	8	2	298.8166667
1	1	16	16	2	294.8026667
8	1	32	8	2	294.076
1	1	16	4	2	293.685
8	8	4	16	2	291.898
1	1	16	32	2	291.538
4	4	2	32	2	291.411
4	1	32	4	2	290.6456667
8	1	32	16	2	289.911
32	2	1	4	2	289.551
4	1	32	8	2	288.4096667
1	2	16	8	2	288.195
1	2	16	16	2	287.12
8	1	8	32	2	286.731
1	2	16	4	2	281.7163333
1	2	16	32	2	281.213
1	1	8	2	2	279.9023333
2	1	8	2	2	275.681
1	1	16	2	2	274.421
4	16	2	16	2	273.248
1	2	4	2	2	272.613
32	4	1	16	2	272.4793333
8	2	4	32	2	272.195
1	2	16	2	2	271.8696667
1	1	16	8	2	268.2656667
4	32	1	16	2	268.2576667
4	32	1	4	2	267.555
8	1	1	4	2	266.5796667
8	4	4	32	2	266.37
1	4	8	2	2	265.0016667
2	1	1	4	2	264.4043333
2	32	1	32	2	264.197
8	2	8	32	2	264.172
4	1	1	4	2	263.2206667
16	8	1	16	2	262.6673333
8	16	2	8	2	262.276
1	1	1	4	2	260.7526667
1	2	2	2	2	259.7786667
8	16	2	4	2	259.679
2	2	16	32	2	259.432
1	4	1	2	2	259.1466667
4	1	8	2	2	258.7936667
16	1	1	4	2	258.3053333
1	2	8	2	2	257.1876667
8	4	8	16	2	256.665
8	16	1	4	2	256.2656667
16	8	2	4	2	254.4373333
2	1	16	2	2	253.4426667
1	4	2	2	2	252.0793333
1	8	1	2	2	251.287
4	1	4	2	2	251.205
1	4	4	2	2	250.3433333
2	1	32	8	2	249.798
2	2	4	2	2	248.718
2	1	32	4	2	248.3786667
4	1	32	2	2	247.4043333
2	1	32	16	2	247.0936667
8	16	1	16	2	245.5216667
2	1	32	2	2	245.3406667
4	1	16	2	2	245.133
16	8	1	4	2	244.0386667
32	1	1	4	2	242.9683333
1	8	4	2	2	242.1796667
4	16	1	32	2	242.142
2	16	2	32	2	242.074
1	16	1	2	2	241.6776667
32	4	8	4	2	241.6546667
1	32	1	2	2	239.718
2	1	32	32	2	239.333
1	2	1	2	2	238.7146667
1	8	2	2	2	238.403
2	8	2	2	2	238.3963333
2	2	8	2	2	236.812
8	8	1	32	2	236.7203333
4	2	16	2	2	236.5626667
4	2	2	2	2	235.9193333
2	2	2	2	2	235.762
16	1	8	2	2	235.0106667
4	2	4	2	2	234.915
1	1	4	2	2	234.8433333
2	2	1	2	2	233.458
8	2	16	2	2	232.4876667
4	1	32	16	2	231.613
8	1	16	2	2	231.2853333
2	1	4	2	2	230.965
4	2	1	2	2	230.5406667
16	8	4	4	2	230.4696667
32	4	1	4	2	229.741
8	1	4	2	2	229.4986667
2	8	1	2	2	229.0093333
2	4	1	2	2	228.0643333
8	1	8	2	2	228.024
2	4	4	2	2	227.6876667
4	2	8	2	2	227.5876667
2	4	2	2	2	227.316
16	8	2	8	2	226.181
16	1	32	2	2	226.0586667
16	1	16	2	2	225.6096667
16	4	1	32	2	225.477
2	4	8	2	2	224.8596667
4	4	4	2	2	224.143
1	16	2	8	2	223.284
32	4	4	4	2	222.9586667
32	1	32	2	2	222.305
1	16	2	2	2	221.978
8	2	8	2	2	221.5846667
4	4	2	2	2	220.9803333
2	2	16	2	2	220.9786667
2	8	4	2	2	220.5956667
1	16	2	4	2	220.4946667
32	1	8	2	2	219.9896667
16	1	4	2	2	219.7816667
16	2	4	2	2	219.2303333
8	2	4	2	2	218.8936667
32	1	4	2	2	218.5806667
32	1	16	2	2	218.019
16	2	16	2	2	216.5263333
2	16	1	2	2	216.3503333
4	8	2	2	2	216.152
4	4	1	2	2	215.8536667
8	32	1	8	2	215.7906667
4	8	1	2	2	215.6403333
32	8	1	8	2	215.488
4	4	8	2	2	215.1126667
8	2	2	2	2	214.722
16	2	2	2	2	214.7096667
8	2	1	2	2	214.429
16	2	8	2	2	213.899
16	2	1	2	2	213.3313333
8	4	8	2	2	213.2593333
1	1	32	4	2	212.4023333
1	1	32	8	2	212.319
32	4	2	4	2	212.029
4	8	4	2	2	211.8983333
1	1	32	16	2	211.6656667
8	1	32	2	2	211.6296667
32	2	16	2	2	210.2456667
32	2	8	2	2	209.4073333
1	1	32	32	2	209.371
8	4	4	2	2	209.271
16	4	8	2	2	207.282
4	1	2	2	2	207.134
2	32	1	2	2	207.043
32	2	4	2	2	206.7666667
2	16	2	2	2	206.3906667
16	16	1	8	2	206.0483333
32	2	2	2	2	205.4016667
8	1	2	2	2	205.2533333
16	4	2	2	2	205.231
8	4	2	2	2	203.98
4	16	1	2	2	203.9003333
16	4	4	2	2	203.2613333
4	16	2	2	2	202.9163333
8	4	1	2	2	202.429
16	8	4	8	2	201.553
8	32	1	4	2	200.4406667
2	1	2	2	2	200.3326667
16	1	2	2	2	199.9863333
1	1	32	2	2	198.946
8	8	4	2	2	198.495
32	2	1	2	2	195.632
16	4	1	2	2	195.198
8	8	1	2	2	194.1296667
32	1	2	2	2	189.8956667
8	8	2	2	2	188.8636667
16	16	2	4	2	187.164
32	8	1	4	2	184.592
32	4	4	2	2	182.253
32	4	2	2	2	181.835
1	1	2	2	2	181.4693333
16	16	1	4	2	180.9346667
8	16	2	2	2	178.0033333
4	32	1	2	2	177.2963333
32	4	1	2	2	176.9213333
8	16	1	2	2	174.3463333
16	8	1	2	2	174.2046667
16	8	4	2	2	173.4313333
16	8	2	2	2	172.291
32	4	8	2	2	170.7613333
4	32	1	32	2	166.753
8	32	1	2	2	149.1186667
16	8	1	32	2	147.975
32	8	4	2	2	147.825
32	8	2	2	2	147.0123333
16	16	1	16	2	145.669
1	2	4	1	2	145.495
16	16	1	2	2	145.3716667
1	2	16	1	2	144.933
1	1	8	1	2	144.4816667
1	1	16	1	2	144.2483333
1	2	8	1	2	144.126
1	2	2	1	2	143.7906667
1	1	32	1	2	143.6066667
2	1	16	1	2	143.435
32	8	1	2	2	142.7323333
16	16	2	2	2	142.5616667
1	1	4	1	2	141.7486667
16	32	1	4	2	140.909
2	1	8	1	2	140.2753333
1	4	1	1	2	139.2613333
1	4	4	1	2	139.055
1	4	2	1	2	138.692
1	4	8	1	2	138.358
2	1	4	1	2	138.3
2	1	32	1	2	137.884
4	1	8	1	2	136.8183333
8	1	1	2	2	136.8143333
8	32	1	16	2	136.739
4	1	16	1	2	136.6356667
2	2	8	1	2	136.0546667
8	16	1	32	2	135.364
2	1	1	2	2	134.8953333
4	1	1	2	2	134.3823333
16	1	1	2	2	134.2323333
4	1	32	1	2	133.5596667
32	16	1	4	2	133.5156667
2	2	2	1	2	133.424
4	1	4	1	2	133.0116667
1	8	4	1	2	132.453
2	2	4	1	2	131.807
1	1	1	2	2	131.4793333
1	8	2	1	2	130.659
1	8	1	1	2	130.369
32	1	1	2	2	130.312
2	2	16	1	2	129.2556667
4	2	4	1	2	128.3666667
2	4	4	1	2	127.8126667
2	4	2	1	2	127.6313333
4	2	8	1	2	127.3843333
4	2	2	1	2	127.1236667
2	4	1	1	2	126.8223333
2	8	2	1	2	126.6583333
2	4	8	1	2	126.612
8	1	8	1	2	126.2203333
4	2	16	1	2	125.941
8	1	4	1	2	125.5053333
1	32	1	1	2	125.228
1	16	2	1	2	124.993
1	16	1	1	2	124.7253333
2	8	1	1	2	124.6823333
16	1	32	1	2	124.4253333
2	8	4	1	2	122.8666667
4	4	8	1	2	122.8203333
2	2	1	1	2	122.6516667
32	1	16	1	2	122.3803333
8	1	32	1	2	121.7753333
4	4	2	1	2	121.6703333
8	1	16	1	2	121.4336667
4	4	4	1	2	121.296
32	1	8	1	2	120.8646667
1	2	1	1	2	120.2936667
32	1	32	1	2	120.2286667
4	4	1	1	2	120.0256667
4	8	4	1	2	119.9283333
4	8	1	1	2	119.8613333
8	2	2	1	2	119.154
4	8	2	1	2	118.8966667
4	2	1	1	2	118.8133333
8	2	8	1	2	118.726
8	2	4	1	2	118.515
2	16	1	1	2	118.4513333
2	32	1	1	2	118.3723333
32	1	4	1	2	118.3263333
16	2	16	1	2	118.0156667
32	2	8	1	2	117.6133333
32	2	4	1	2	117.598
32	2	16	1	2	117.287
16	1	8	1	2	116.4833333
16	1	16	1	2	116.243
8	2	1	1	2	116.189
8	2	16	1	2	116.125
16	4	4	1	2	116.0823333
4	1	2	1	2	115.8213333
8	4	4	1	2	115.749
16	32	1	8	2	115.475
8	1	2	1	2	115.2223333
8	4	8	1	2	114.8126667
8	4	2	1	2	114.5063333
32	2	2	1	2	113.9153333
16	1	4	1	2	113.9136667
16	4	8	1	2	113.7216667
4	16	2	1	2	113.7086667
8	4	1	1	2	113.3433333
32	1	2	1	2	113.0053333
4	16	1	1	2	112.5546667
16	4	2	1	2	111.8656667
8	8	4	1	2	111.7876667
32	16	1	2	2	111.4216667
8	8	2	1	2	110.3113333
16	1	2	1	2	109.5593333
2	1	2	1	2	109.4596667
16	32	1	2	2	109.305
32	2	1	1	2	109.2723333
16	2	2	1	2	109.0520667
16	2	8	1	2	108.7852667
32	4	4	1	2	108.434
16	2	4	1	2	107.9520333
16	2	1	1	2	107.7992667
32	4	8	1	2	106.8933333
8	8	1	1	2	106.7486667
32	4	2	1	2	104.7299667
4	32	1	1	2	104.3556667
16	8	2	1	2	104.0919
16	4	1	1	2	103.7521333
2	16	2	1	2	103.1063333
32	4	1	1	2	102.9133333
16	8	4	1	2	102.8081
8	16	1	1	2	101.9283667
8	16	2	1	2	101.379
16	8	1	1	2	101.0441333
1	1	2	1	2	98.21216667
32	8	2	1	2	97.5971
32	8	4	1	2	96.9824
8	32	1	1	2	95.0068
16	16	2	1	2	94.81093333
16	16	1	1	2	94.08866667
32	8	1	1	2	89.22016667
32	16	1	1	2	79.00953333
16	32	1	1	2	77.68286667
8	1	1	1	2	69.5019
16	1	1	1	2	68.8493
4	1	1	1	2	67.62343333
32	1	1	1	2	67.48086667
2	1	1	1	2	67.0488
1	1	1	1	2	66.40656667
