1	4	1	8	2	1324.206667
1	1	1	16	2	970.1806667
1	16	1	8	2	4016.163333
1	8	1	8	2	2150.53
1	2	1	8	2	892.2973333
8	1	2	8	2	721.2553333
1	1	1	32	2	1821.2
8	2	1	8	2	912.722
2	4	2	8	2	1545.36
2	2	1	8	2	901.768
16	2	2	16	2	1689.7
2	16	1	8	2	4181.716667
4	1	4	16	2	1595.13
2	1	2	8	2	696.923
1	32	1	8	2	7122.34
4	4	1	8	2	1386.5
4	2	2	16	2	1775.556667
2	4	1	16	2	2500.38
4	1	4	8	2	868.8216667
1	2	1	16	2	1748.21
4	1	1	16	2	988.5856667
2	1	1	16	2	998.6013333
8	1	8	8	2	1253.696667
32	1	1	16	2	971.7693333
2	4	2	16	2	3036.29
8	1	4	16	2	1599.856667
2	16	2	8	2	5460.303333
4	2	2	8	2	913.7603333
2	8	2	8	2	3068.01
16	1	16	8	2	2197.376667
4	4	2	8	2	1549.29
2	1	2	16	2	1365.18
4	2	1	8	2	902.1133333
32	1	4	8	2	833.4016667
4	1	2	8	2	723.6336667
16	2	4	16	2	3047.65
4	1	1	8	2	512.5263333
8	1	8	16	2	2530.29
16	1	8	16	2	2556.24
2	8	1	8	2	2166.816667
4	8	4	8	2	5506.623333
4	1	2	16	2	1434.193333
8	1	1	8	2	520.475
2	1	1	8	2	519.3106667
1	2	1	32	2	3420.89
8	2	8	16	2	5317.813333
4	2	1	16	2	1787.306667
2	2	2	16	2	1764.52
16	1	8	8	2	1299.356667
8	2	4	16	2	2791.323333
16	2	2	8	2	895.5633333
2	2	2	8	2	944.0693333
32	1	2	16	2	1389.083333
4	2	4	16	2	2886.846667
1	8	1	16	2	4273.653333
4	4	2	16	2	3106.023333
2	8	2	16	2	6148.52
1	1	1	8	2	514.179
4	8	1	8	2	2201.396667
16	1	1	16	2	1010.783333
8	4	2	8	2	1636.123333
8	2	2	8	2	934.9996667
1	2	1	4	2	488.444
8	1	4	8	2	866.363
32	1	2	8	2	710.5486667
8	1	2	16	2	1461.143333
4	4	4	16	2	5794.67
8	2	8	8	2	2666.096667
4	8	2	8	2	3074.95
8	2	4	8	2	1432.67
1	1	4	8	2	477.9353333
16	1	2	32	2	2809.22
2	1	1	32	2	1896.353333
1	4	1	16	2	2638.41
8	4	8	8	2	5280.013333
4	4	1	16	2	2513.376667
32	2	1	8	2	866.9813333
16	1	4	8	2	888.4343333
32	1	8	8	2	1334.943333
1	16	1	16	2	7996.263333
2	2	2	32	2	3549.91
2	2	1	16	2	1767.62
4	8	1	32	2	8666.59
8	4	4	8	2	2950.203333
8	4	1	16	2	2484.866667
1	1	2	16	2	900.0763333
16	1	2	16	2	1456.663333
16	2	8	8	2	2696.17
4	16	1	8	2	4312.436667
8	2	2	16	2	1826.37
8	4	1	8	2	1331.283333
2	1	4	16	2	960.0613333
16	1	1	8	2	524.3563333
1	1	4	16	2	941.2306667
2	32	1	8	2	7832.213333
16	2	1	16	2	1771.993333
4	2	4	4	2	751.9393333
4	1	8	8	2	917.491
32	2	4	8	2	1564.39
2	4	1	8	2	1384.98
1	16	1	4	2	2029.726667
8	8	2	8	2	3094.43
4	1	8	4	2	469.723
1	4	1	4	2	793.411
16	1	16	16	2	4303.77
1	2	4	4	2	448.406
1	1	4	32	2	1874.71
4	4	4	8	2	2889.82
16	2	16	8	2	4312.426667
8	2	1	16	2	1831.576667
16	2	1	8	2	903.805
2	4	2	4	2	845.8093333
2	8	1	16	2	4293.386667
4	1	4	4	2	488.075
1	1	2	8	2	487.428
32	2	2	8	2	859.596
8	8	1	16	2	4391.003333
1	2	4	8	2	878.227
2	1	4	8	2	557.586
16	1	4	16	2	1617.966667
1	2	2	16	2	893.8673333
1	8	1	4	2	1098.233333
8	1	8	4	2	665.0796667
4	2	2	32	2	3802.066667
16	1	2	8	2	760.0236667
16	1	4	32	2	3217.93
2	2	4	4	2	452.1196667
2	8	2	4	2	1625.263333
1	32	1	16	2	14231.53333
2	1	2	32	2	2734.646667
4	4	4	4	2	1480.733333
2	2	4	16	2	1720.41
2	32	1	16	2	15541.16667
8	4	4	16	2	5890.52
4	16	2	8	2	5592.65
8	4	2	16	2	3171.256667
4	2	4	8	2	1424.16
1	4	4	4	2	856.5636667
8	8	1	8	2	2203.803333
1	1	2	32	2	1788.33
2	8	1	4	2	1101.803333
8	1	4	4	2	478.3213333
1	2	4	32	2	3367.5
16	1	8	4	2	669.547
4	1	8	16	2	1833.793333
16	2	2	32	2	3328.89
8	4	2	32	2	6181.58
2	1	4	32	2	1857.8
4	2	1	4	2	484.9406667
4	8	4	16	2	11019.8
4	2	2	4	2	514.0933333
4	16	1	16	2	8559.363333
2	4	1	4	2	799.3986667
32	2	1	16	2	1771.616667
4	8	1	16	2	4378.03
1	8	1	32	2	8472.076667
1	2	2	32	2	1755.56
4	1	2	32	2	2905.603333
1	2	2	8	2	472.8523333
4	2	1	32	2	3586.026667
1	4	4	8	2	1625.97
8	2	8	4	2	1355.09
4	1	4	32	2	3477.2
1	2	4	16	2	1768.82
16	4	2	8	2	1629.52
16	4	1	8	2	1186.25
4	4	1	4	2	814.775
16	2	8	16	2	5261.04
4	2	8	4	2	828.42
4	8	2	16	2	6047.81
1	32	1	4	2	3585.616667
4	2	4	32	2	5874.69
1	1	8	4	2	398.3463333
1	4	1	32	2	5246.063333
16	4	8	8	2	5381.786667
1	1	8	8	2	793.568
4	1	8	32	2	3722.61
2	16	1	32	2	16427.66667
8	8	2	16	2	6128.13
8	2	2	4	2	534.892
4	1	1	32	2	2005.47
2	16	1	16	2	8310.633333
2	16	2	4	2	2758.826667
16	4	4	8	2	3000.306667
16	4	1	16	2	2367.54
2	1	8	8	2	832.0053333
1	1	8	16	2	1602.09
16	2	4	4	2	783.024
32	1	16	4	2	1139.923333
16	4	4	16	2	6091.7
8	2	1	4	2	500.9073333
2	1	8	4	2	451.1986667
16	2	8	4	2	1353.033333
1	1	8	32	2	3195.976667
8	2	4	4	2	784.9073333
1	4	4	16	2	3239.24
1	1	4	4	2	384.3446667
8	4	8	4	2	2653.04
16	2	1	32	2	3556.82
2	4	8	4	2	1558.186667
2	4	4	4	2	812.1116667
2	8	2	32	2	12198
16	2	16	16	2	8591.96
2	4	1	32	2	5274.343333
4	1	2	4	2	398.5593333
2	1	8	16	2	1676.93
16	1	16	4	2	1111.8
1	8	4	4	2	1571.956667
1	2	8	4	2	760.3316667
2	4	4	8	2	1582.343333
8	1	16	4	2	791.385
2	2	1	4	2	494.2193333
2	4	8	8	2	3115.92
1	8	4	8	2	3145.063333
2	2	4	8	2	884.9803333
2	2	8	4	2	782.6026667
16	4	2	16	2	3172.81
16	1	4	4	2	492.3543333
4	8	2	32	2	12115
2	2	4	32	2	3496.6
4	2	8	16	2	3269.1
8	4	4	4	2	1505.64
8	8	4	8	2	5745.566667
1	8	4	16	2	6305.49
16	2	2	4	2	543.0056667
1	4	2	16	2	1550.496667
1	4	4	32	2	6471.95
4	1	16	4	2	760.837
2	1	8	32	2	3157.74
2	16	2	16	2	10931.6
4	2	8	8	2	1650.583333
1	4	8	4	2	1515.476667
2	2	1	32	2	3559.833333
8	2	2	32	2	3546.39
1	2	8	8	2	1517.54
1	4	2	32	2	3109.08
8	1	16	16	2	3078.49
32	1	1	8	2	523.7063333
32	1	1	32	2	1330.796667
4	8	4	4	2	2772.696667
8	1	1	32	2	2023.28
8	4	1	32	2	4746.726667
8	4	2	4	2	885.419
32	1	4	4	2	470.8343333
2	8	1	32	2	8619.736667
32	1	32	4	2	1726.606667
8	1	2	4	2	397.0966667
8	1	16	8	2	1544.223333
4	8	2	4	2	1667.106667
2	16	1	4	2	2128
2	1	2	4	2	390.9383333
16	2	1	4	2	503.218
2	8	4	4	2	1537.183333
8	4	1	4	2	822.5013333
4	4	8	8	2	3159.96
1	2	8	16	2	3040.893333
4	8	1	4	2	1101.586667
1	4	2	8	2	741.2923333
2	2	2	4	2	538.5773333
1	4	2	4	2	396.019
16	1	1	32	2	1968.09
16	2	16	4	2	2154.84
2	2	8	16	2	3021.256667
1	16	1	32	2	15926.13333
1	2	8	32	2	5985.98
1	4	8	16	2	5990.926667
4	2	16	4	2	1446.533333
4	4	1	32	2	5285.186667
4	4	8	4	2	1577.103333
1	4	8	8	2	2994.08
16	1	2	4	2	399.2896667
2	2	8	8	2	1544.72
4	2	16	8	2	2888.076667
32	2	8	4	2	1353.396667
4	8	4	32	2	22070.9
1	2	2	4	2	392.87
4	1	16	16	2	2885.78
1	32	1	32	2	28494.9
16	2	4	8	2	1538.883333
1	4	8	32	2	11992.6
2	1	4	4	2	405.23
8	1	2	32	2	3039.01
4	16	1	4	2	2164.73
4	1	16	8	2	1451.84
4	2	16	16	2	5758.48
16	1	32	4	2	1445.41
2	4	8	16	2	6234.42
8	16	1	8	2	4383.41
2	2	8	32	2	5827.01
2	4	2	32	2	6555.11
8	8	4	4	2	2875.17
16	1	32	8	2	2893.29
8	8	2	4	2	1645.39
32	2	16	4	2	2294.75
2	32	1	4	2	3916.163333
4	16	2	4	2	2803.506667
4	4	4	32	2	11849.2
8	2	16	4	2	1464.363333
4	4	2	4	2	868.8893333
2	8	4	8	2	3073.57
2	1	16	8	2	1337.663333
16	4	8	4	2	2684.806667
2	2	16	4	2	1365.643333
2	2	16	8	2	2688.176667
8	1	1	16	2	1028.913333
32	1	8	4	2	687.791
16	4	8	16	2	10754.1
8	2	1	32	2	3648.106667
2	2	16	16	2	5384.556667
8	2	16	8	2	2919.92
16	4	2	4	2	857.6386667
2	1	16	4	2	683.2523333
16	4	1	4	2	828.965
8	8	1	4	2	1117.51
1	1	2	4	2	323.5576667
32	4	1	8	2	1139.626667
2	4	4	16	2	3331.21
1	8	2	8	2	1279.463333
2	1	16	16	2	2694.596667
32	1	2	4	2	397.112
32	2	2	4	2	519.815
32	2	4	4	2	799.8856667
16	4	4	4	2	1557.52
1	8	2	16	2	2558.1
4	32	1	8	2	8362.21
8	1	4	32	2	3730.4
2	1	16	32	2	5301.2
8	1	32	4	2	1244.12
1	8	2	4	2	632.8013333
16	8	1	8	2	2200.696667
1	1	16	16	2	2432.07
8	1	32	8	2	2488.15
1	1	16	4	2	611.205
8	8	4	16	2	11491.3
1	1	16	32	2	4886.41
4	4	2	32	2	6323.58
4	1	32	4	2	1218.33
8	1	32	16	2	4967.55
32	2	1	4	2	505.3413333
4	1	32	8	2	2397.61
1	2	16	8	2	2432.793333
1	2	16	16	2	4867.413333
8	1	8	32	2	5184.29
1	2	16	4	2	1226.046667
1	2	16	32	2	9589.7
1	1	8	2	2	320.4006667
2	1	8	2	2	350.404
1	1	16	2	2	332.818
4	16	2	16	2	11245.7
1	2	4	2	2	396.726
32	4	1	16	2	1158.796667
8	2	4	32	2	6061.54
1	2	16	2	2	622.958
1	1	16	8	2	1229.05
4	32	1	16	2	8346.71
4	32	1	4	2	4175.82
8	1	1	4	2	273.944
8	4	4	32	2	11655
1	4	8	2	2	773.3296667
2	1	1	4	2	272.7346667
2	32	1	32	2	15441.6
8	2	8	32	2	10739.8
4	1	1	4	2	270.283
16	8	1	16	2	2196.19
8	16	2	8	2	5898.76
1	1	1	4	2	267.6893333
1	2	2	2	2	270.5473333
8	16	2	4	2	2931.916667
2	2	16	32	2	10768.3
1	4	1	2	2	400.844
4	1	8	2	2	345.7353333
16	1	1	4	2	274.952
1	2	8	2	2	463.727
8	4	8	16	2	10529.4
8	16	1	4	2	2192.286667
16	8	2	4	2	1650.9
2	1	16	2	2	398.0393333
1	4	2	2	2	393.148
1	8	1	2	2	558.1846667
4	1	4	2	2	282.4046667
1	4	4	2	2	567.842
2	1	32	8	2	2086.366667
2	2	4	2	2	388.1333333
2	1	32	4	2	1050.526667
4	1	32	2	2	612.6413333
2	1	32	16	2	4168.073333
8	16	1	16	2	4355.31
2	1	32	2	2	525.2786667
4	1	16	2	2	465.6966667
16	8	1	4	2	1110.72
32	1	1	4	2	275.4776667
1	8	4	2	2	806.284
4	16	1	32	2	8593.773333
2	16	2	32	2	21871
1	16	1	2	2	1038.82
32	4	8	4	2	2739.573333
1	32	1	2	2	1779.996667
2	1	32	32	2	8187.53
1	2	1	2	2	243.7913333
1	8	2	2	2	448.5386667
2	8	2	2	2	881.9666667
2	2	8	2	2	511.469
8	8	1	32	2	4371.46
4	2	16	2	2	743.1843333
4	2	2	2	2	332.3816667
2	2	2	2	2	317.4643333
16	1	8	2	2	408.3593333
4	2	4	2	2	456.3576667
1	1	4	2	2	248.0633333
2	2	1	2	2	250.054
8	2	16	2	2	738.4043333
4	1	32	16	2	4794.36
8	1	16	2	2	454.7906667
2	1	4	2	2	241.1323333
4	2	1	2	2	246.4476667
16	8	4	4	2	2957.043333
32	4	1	4	2	820.5546667
8	1	4	2	2	284.8056667
2	8	1	2	2	550.6793333
2	4	1	2	2	405.3903333
8	1	8	2	2	412.5903333
2	4	4	2	2	536.435
4	2	8	2	2	498.08
2	4	2	2	2	495.1576667
16	8	2	8	2	3151.98
16	1	32	2	2	725.3193333
16	1	16	2	2	590.3
16	4	1	32	2	2354.66
2	4	8	2	2	814.7953333
4	4	4	2	2	813.0453333
1	16	2	8	2	1885.59
32	4	4	4	2	1560.276667
32	1	32	2	2	863.4223333
1	16	2	2	2	460.5266667
8	2	8	2	2	689.007
4	4	2	2	2	495.494
2	2	16	2	2	694.278
2	8	4	2	2	772.19
1	16	2	4	2	940.1396667
32	1	8	2	2	416.0496667
16	1	4	2	2	283.1413333
16	2	4	2	2	461.9883333
8	2	4	2	2	458.604
32	1	4	2	2	293.8053333
32	1	16	2	2	632.07
16	2	16	2	2	1080.92
2	16	1	2	2	1073.946667
4	8	2	2	2	850.9456667
4	4	1	2	2	406.4276667
8	32	1	8	2	4294.243333
4	8	1	2	2	555.8586667
32	8	1	8	2	1103.69
4	4	8	2	2	796.8833333
8	2	2	2	2	328.282
16	2	2	2	2	317.877
8	2	1	2	2	250.887
16	2	8	2	2	745.6356667
16	2	1	2	2	251.1003333
8	4	8	2	2	1338.893333
1	1	32	4	2	900.8613333
1	1	32	8	2	1801.853333
32	4	2	4	2	842.8023333
4	8	4	2	2	1378.16
1	1	32	16	2	3607.1
8	1	32	2	2	636.3033333
32	2	16	2	2	1145.513333
32	2	8	2	2	672.082
1	1	32	32	2	7205.29
8	4	4	2	2	829.0226667
16	4	8	2	2	1346.696667
4	1	2	2	2	210.649
2	32	1	2	2	1950.693333
32	2	4	2	2	459.931
2	16	2	2	2	1360.646667
16	16	1	8	2	2193.026667
32	2	2	2	2	282.461
8	1	2	2	2	209.965
16	4	2	2	2	493.4926667
8	4	2	2	2	485.4276667
4	16	1	2	2	1091.506667
16	4	4	2	2	825.117
4	16	2	2	2	1397.303333
8	4	1	2	2	411.7556667
16	8	4	8	2	5881.05
8	32	1	4	2	4273.166667
2	1	2	2	2	206.8836667
16	1	2	2	2	209.211
1	1	32	2	2	456.0423333
8	8	4	2	2	1435.26
32	2	1	2	2	252.196
16	4	1	2	2	409.807
8	8	1	2	2	556.7913333
32	1	2	2	2	205.707
8	8	2	2	2	879.177
16	16	2	4	2	3052.35
32	8	1	4	2	1108.236667
32	4	4	2	2	775.7293333
32	4	2	2	2	480.7883333
1	1	2	2	2	186.1856667
16	16	1	4	2	2197.143333
8	16	2	2	2	1465.35
4	32	1	2	2	2087.34
32	4	1	2	2	410.7396667
8	16	1	2	2	1102.353333
16	8	1	2	2	556.7676667
16	8	4	2	2	1477.773333
16	8	2	2	2	845.2356667
32	4	8	2	2	1371.726667
4	32	1	32	2	8331.13
8	32	1	2	2	2155.506667
16	8	1	32	2	2183.94
32	8	4	2	2	1499.36
32	8	2	2	2	824.3273333
16	16	1	16	2	2172.39
1	2	4	1	2	237.0883333
16	16	1	2	2	1093.156667
1	2	16	1	2	309.8163333
1	1	8	1	2	193.1156667
1	1	16	1	2	224.3726667
1	2	8	1	2	292.8043333
1	2	2	1	2	171.1256667
1	1	32	1	2	226.981
2	1	16	1	2	245.3286667
32	8	1	2	2	555.484
16	16	2	2	2	1493.413333
1	1	4	1	2	152.1936667
16	32	1	4	2	2161.196667
2	1	8	1	2	205.142
1	4	1	1	2	200.7026667
1	4	4	1	2	356.86
1	4	2	1	2	258.6006667
1	4	8	1	2	386.879
2	1	4	1	2	158.2096667
2	1	32	1	2	262.1233333
4	1	8	1	2	197.751
8	1	1	2	2	139.321
8	32	1	16	2	4250.11
4	1	16	1	2	269.9373333
2	2	8	1	2	320.6033333
8	16	1	32	2	4323.6
2	1	1	2	2	136.2816667
4	1	1	2	2	136.0956667
16	1	1	2	2	137.415
4	1	32	1	2	305.0536667
32	16	1	4	2	1095.14
2	2	2	1	2	194.3813333
4	1	4	1	2	174.388
1	8	4	1	2	404.8083333
2	2	4	1	2	225.7103333
1	1	1	2	2	133.588
1	8	2	1	2	276.304
1	8	1	1	2	281.029
32	1	1	2	2	137.7433333
2	2	16	1	2	347.7906667
4	2	4	1	2	252.232
2	4	4	1	2	336.2246667
2	4	2	1	2	276.054
4	2	8	1	2	301.3526667
4	2	2	1	2	202.5693333
2	4	1	1	2	204.2746667
2	8	2	1	2	460.2486667
2	4	8	1	2	407.9933333
8	1	8	1	2	224.382
4	2	16	1	2	371.3736667
8	1	4	1	2	180.0306667
1	32	1	1	2	888.5673333
1	16	2	1	2	233.3486667
1	16	1	1	2	526.4253333
2	8	1	1	2	279.1263333
16	1	32	1	2	369.058
2	8	4	1	2	384.1136667
4	4	8	1	2	400.7846667
2	2	1	1	2	124.983
32	1	16	1	2	333.945
8	1	32	1	2	317.7743333
4	4	2	1	2	277.0676667
8	1	16	1	2	267.925
4	4	4	1	2	438.6173333
32	1	8	1	2	219.632
1	2	1	1	2	122.0826667
32	1	32	1	2	430.6456667
4	4	1	1	2	206.4536667
4	8	4	1	2	680.897
4	8	1	1	2	276.901
8	2	2	1	2	200.5573333
4	8	2	1	2	450.6443333
4	2	1	1	2	123.9783333
8	2	8	1	2	400.4306667
8	2	4	1	2	251.6743333
2	16	1	1	2	532.786
2	32	1	1	2	973.8063333
32	1	4	1	2	179.2623333
16	2	16	1	2	539.2603333
32	2	8	1	2	408.244
32	2	4	1	2	252.5893333
32	2	16	1	2	571.085
16	1	8	1	2	223.962
16	1	16	1	2	331.5313333
8	2	1	1	2	127.3273333
8	2	16	1	2	373.511
16	4	4	1	2	451.795
4	1	2	1	2	117.7506667
8	4	4	1	2	433.172
16	32	1	8	2	2144.08
8	1	2	1	2	118.9343333
8	4	8	1	2	666.5763333
8	4	2	1	2	270.6883333
32	2	2	1	2	197.7646667
16	1	4	1	2	180.9193333
16	4	8	1	2	663.8883333
4	16	2	1	2	694.2106667
8	4	1	1	2	205.7006667
32	1	2	1	2	117.4323333
4	16	1	1	2	543.3706667
16	4	2	1	2	271.566
8	8	4	1	2	709.9696667
32	16	1	2	2	1099.903333
8	8	2	1	2	454.8583333
16	1	2	1	2	118.881
2	1	2	1	2	112.856
16	32	1	2	2	2148.486667
32	2	1	1	2	126.3373333
16	2	2	1	2	199.2166667
16	2	8	1	2	400.754
32	4	4	1	2	452.3173333
16	2	4	1	2	249.359
16	2	1	1	2	126.0426667
32	4	8	1	2	680.9533333
8	8	1	1	2	279.0583333
32	4	2	1	2	269.9633333
4	32	1	1	2	1048.973333
16	8	2	1	2	468.358
16	4	1	1	2	205.6033333
2	16	2	1	2	688.2673333
32	4	1	1	2	206.0826667
16	8	4	1	2	732.5396667
8	16	1	1	2	548.586
8	16	2	1	2	730.061
16	8	1	1	2	277.184
1	1	2	1	2	100.311
32	8	2	1	2	467.5966667
32	8	4	1	2	747.321
8	32	1	1	2	1067.766667
16	16	2	1	2	742.3363333
16	16	1	1	2	550.172
32	8	1	1	2	277.4473333
32	16	1	1	2	551.8316667
16	32	1	1	2	1069.523333
8	1	1	1	2	70.18483333
16	1	1	1	2	69.80033333
4	1	1	1	2	68.01706667
32	1	1	1	2	68.91436667
2	1	1	1	2	68.14106667
1	1	1	1	2	66.83173333
