1	2	1	8	2	585.978
2	1	2	8	2	579.8198
4	1	2	8	2	552.4866
4	1	4	8	2	547.0942
8	1	8	8	2	533.5984
8	1	4	8	2	531.57
2	2	2	8	2	523.1912
8	2	4	8	2	522.7402
4	2	2	8	2	522.7196
8	1	2	8	2	521.962
4	2	4	8	2	515.9706
4	4	1	8	2	514.2778
1	2	1	16	2	510.79
4	2	1	8	2	505.1764
2	4	1	8	2	505.1388
1	4	1	16	2	501.0102
8	1	8	16	2	499.4698
4	1	4	16	2	499.1912
4	1	2	16	2	496.1262
4	4	4	8	2	495.6218
4	4	2	8	2	493.978
4	8	1	8	2	493.8976
8	1	2	16	2	493.4476
1	1	1	32	2	492.9322
1	1	4	32	2	492.7456
2	8	2	8	2	491.1698
16	2	2	8	2	490.4856
16	2	2	16	2	488.686
4	8	4	8	2	487.0398
8	2	8	8	2	486.1636
4	4	4	16	2	484.7792
2	2	1	8	2	484.6748
8	2	1	8	2	484.6718
1	1	4	8	2	482.186
16	2	4	16	2	481.9596
4	2	2	16	2	480.926
1	2	4	8	2	480.5914
4	2	1	16	2	478.1654
8	1	4	16	2	477.55
16	1	4	8	2	476.9864
16	2	1	16	2	476.5552
2	8	1	8	2	476.402
2	2	4	8	2	476.376
8	2	2	16	2	475.7654
4	2	4	16	2	475.4284
1	1	1	16	2	475.0608
2	1	4	16	2	474.9934
8	2	8	16	2	473.9766
1	2	2	8	2	471.5614
4	8	2	8	2	471.1648
8	2	1	16	2	470.65
1	4	1	8	2	470.503
4	4	1	16	2	469.594
32	1	4	16	2	469.5858
16	1	8	16	2	469.4594
1	8	1	8	2	467.402
8	4	2	8	2	467.1684
16	2	8	16	2	466.9154
1	1	4	16	2	466.4028
16	2	8	8	2	466.2746
4	1	1	16	2	466.2702
1	4	1	4	2	465.1964
1	2	1	32	2	464.6306
8	2	2	8	2	463.599
16	1	8	8	2	461.7926
2	1	4	8	2	461.4494
2	1	1	16	2	461.3452
1	16	1	8	2	460.7584
1	4	4	8	2	460.1874
2	4	2	16	2	459.3924
1	2	4	4	2	459.3374
8	4	4	8	2	459.1724
1	1	2	8	2	459.1242
4	4	2	16	2	458.7244
2	16	2	8	2	458.4778
8	1	1	16	2	457.9128
4	8	2	16	2	457.7194
1	2	4	16	2	457.1654
2	1	1	32	2	456.932
16	2	1	8	2	455.1152
8	2	4	16	2	455.0426
4	16	1	16	2	452.235
8	4	8	8	2	450.2762
32	1	2	8	2	449.8226
8	4	1	16	2	449.7698
2	1	1	8	2	448.8868
1	2	4	32	2	447.9546
16	1	16	8	2	447.731
4	8	1	16	2	447.0812
8	4	1	8	2	446.325
2	2	2	16	2	446.3104
4	1	8	8	2	446.2526
8	8	1	8	2	444.112
16	1	4	16	2	443.9536
2	1	2	32	2	443.2926
32	1	4	8	2	443.259
1	1	2	16	2	442.7986
1	2	2	16	2	442.154
1	4	4	4	2	441.488
2	32	1	8	2	441.4398
4	8	4	16	2	441.2692
1	1	2	32	2	440.8356
16	1	2	8	2	440.7178
1	1	1	64	2	440.4096
1	1	1	8	2	440.026
4	1	2	32	2	438.8374
2	1	8	16	2	438.7072
16	1	16	16	2	438.2702
4	1	4	4	2	436.746
16	2	4	8	2	436.1324
16	1	1	16	2	435.2658
4	1	1	32	2	435.1832
8	1	8	4	2	435.1458
1	4	2	4	2	434.9016
8	8	2	8	2	434.893
2	4	2	8	2	433.5884
1	8	1	16	2	433.4904
1	8	4	8	2	432.9284
4	8	1	32	2	432.7356
2	8	2	16	2	432.717
16	2	2	32	2	432.6996
8	1	1	8	2	432.1224
8	4	1	32	2	431.944
4	1	1	8	2	431.8594
4	1	8	4	2	431.5406
16	4	1	8	2	431.5386
2	1	4	32	2	430.989
32	1	8	8	2	430.733
16	4	1	16	2	429.739
1	4	2	8	2	429.651
4	2	2	32	2	429.6296
1	8	1	4	2	428.2308
32	1	1	16	2	428.1592
4	2	1	32	2	428.015
1	2	2	32	2	427.734
1	8	4	4	2	425.8154
2	16	1	32	2	425.476
2	4	8	8	2	425.0364
8	1	4	4	2	424.7758
16	1	2	16	2	424.6554
8	8	1	16	2	424.5866
4	1	4	32	2	424.5312
2	2	4	16	2	424.1958
32	1	8	16	2	423.9438
2	2	4	32	2	423.4166
16	1	1	32	2	423.274
16	2	16	8	2	423.146
1	4	1	32	2	422.909
4	16	1	8	2	422.6688
1	16	1	16	2	422.6534
4	2	4	32	2	422.1708
2	2	1	16	2	421.261
2	2	4	4	2	421.0672
2	32	1	16	2	420.4158
2	1	2	16	2	420.3606
2	16	1	8	2	419.2784
1	2	1	4	2	418.9682
1	1	8	8	2	418.816
4	2	4	4	2	418.0682
2	4	4	16	2	417.9848
8	4	4	16	2	416.506
16	4	2	8	2	416.2524
4	1	8	16	2	416.1554
2	1	8	4	2	416.0616
4	4	4	4	2	415.6986
4	8	4	32	2	415.6236
8	4	2	16	2	415.1942
1	1	4	64	2	414.9996
1	1	2	64	2	414.8198
1	8	4	16	2	414.5372
8	8	4	8	2	414.1724
8	2	8	4	2	414.0576
16	4	8	8	2	413.9738
1	32	1	8	2	413.6702
2	2	2	4	2	413.555
2	8	1	16	2	413.4032
16	1	16	32	2	413.1426
8	1	8	32	2	412.6324
16	2	16	16	2	412.4792
4	8	2	32	2	411.7658
1	2	4	64	2	411.3268
1	16	1	4	2	410.7842
1	2	2	4	2	409.793
1	1	4	4	2	409.7046
2	2	1	32	2	409.5916
32	1	2	16	2	409.276
32	1	16	8	2	408.8222
8	2	2	4	2	408.7656
2	4	2	32	2	408.3872
2	2	8	8	2	408.034
32	1	16	16	2	407.9882
1	2	1	64	2	407.4022
1	1	8	32	2	407.2938
2	1	2	64	2	407.065
2	4	1	16	2	406.3916
2	2	8	4	2	405.6138
16	1	4	32	2	405.052
16	1	2	32	2	404.9434
1	4	2	16	2	404.365
2	1	4	4	2	404.1354
16	1	8	4	2	404.0768
16	4	4	8	2	403.5786
1	32	1	32	2	403.4408
4	16	2	8	2	403.4196
8	4	8	16	2	403.4076
1	2	2	64	2	403.252
16	2	4	32	2	402.5732
2	4	8	16	2	401.496
1	8	1	32	2	400.7236
4	4	2	4	2	400.556
2	4	4	8	2	400.4914
4	4	1	4	2	400.2552
8	2	4	4	2	399.4284
1	4	4	16	2	399.3842
2	16	2	16	2	398.6702
4	2	1	4	2	398.3656
16	1	8	32	2	397.3086
16	1	1	64	2	396.9246
2	1	8	32	2	396.7358
2	1	4	64	2	396.6094
1	32	1	4	2	396.5928
2	2	1	4	2	396.4394
16	1	4	4	2	395.724
8	4	8	4	2	395.6978
4	2	8	4	2	394.8476
2	8	4	8	2	394.45
4	2	2	4	2	393.6966
8	1	1	32	2	393.6066
16	2	1	32	2	392.9006
4	1	8	32	2	392.5608
8	2	1	4	2	392.36
2	2	8	16	2	391.9684
1	1	8	4	2	391.8116
16	4	2	16	2	391.6382
8	1	16	4	2	391.5678
4	1	16	4	2	391.5204
4	4	1	32	2	391.361
2	16	1	16	2	391.068
8	1	16	8	2	390.722
4	2	8	8	2	390.6784
2	4	8	4	2	390.4802
1	1	8	16	2	388.8282
4	1	16	8	2	387.8426
32	2	4	8	2	387.2562
32	2	2	8	2	387.0564
8	4	4	4	2	386.7508
8	1	2	32	2	386.6638
1	2	8	4	2	386.5182
2	1	8	8	2	386.3284
1	4	4	32	2	385.547
2	4	2	4	2	385.4994
8	1	4	32	2	385.2426
8	4	2	32	2	384.9016
4	4	4	32	2	383.9078
1	2	8	16	2	383.8298
4	2	8	16	2	383.8122
4	4	2	32	2	383.5112
16	4	4	16	2	383.3726
2	8	1	4	2	383.3274
2	4	1	4	2	383.2678
2	4	1	32	2	381.587
2	8	2	4	2	380.9138
16	2	4	4	2	380.8328
16	1	16	4	2	380.7938
1	2	8	8	2	380.6938
8	4	2	4	2	380.6432
32	2	1	8	2	380.2008
2	16	2	32	2	380.028
8	8	2	16	2	379.6822
16	2	8	32	2	378.8826
1	4	8	4	2	378.2182
4	4	8	8	2	378.123
8	2	2	32	2	377.9558
8	2	8	32	2	377.8212
4	1	16	16	2	377.3092
4	8	4	4	2	375.9968
8	4	4	32	2	375.3822
2	4	4	4	2	374.4536
8	2	16	4	2	374.3122
8	2	16	8	2	373.9882
32	1	8	4	2	373.8774
4	4	2	64	2	373.8042
32	2	2	16	2	372.6892
4	8	1	4	2	372.0654
8	4	8	32	2	372.0166
2	8	2	64	2	371.4076
1	4	8	8	2	371.4062
2	8	4	16	2	370.6168
4	4	8	4	2	370.6054
1	1	8	64	2	369.5658
32	2	16	8	2	369.2726
16	2	2	4	2	369.0312
4	8	2	4	2	369.0068
1	32	1	16	2	368.322
32	1	16	4	2	367.5456
2	16	2	4	2	367.4364
4	4	1	64	2	367.3248
1	8	2	8	2	367.1978
2	8	2	32	2	366.9392
8	8	4	16	2	366.668
2	1	1	64	2	366.4734
2	2	2	32	2	366.3714
16	1	1	8	2	366.1498
16	4	8	16	2	365.6286
4	2	16	4	2	365.5606
8	1	16	16	2	365.5506
2	1	2	4	2	364.986
2	2	2	64	2	364.5818
32	2	8	8	2	364.5498
1	16	1	32	2	364.0062
2	8	4	4	2	363.4386
32	2	4	16	2	363.2724
4	1	2	4	2	363.232
8	2	2	64	2	362.9928
1	8	2	4	2	362.797
4	16	2	16	2	362.2016
8	2	1	32	2	361.3998
4	1	16	32	2	361.0024
4	4	4	64	2	360.9084
8	4	1	4	2	360.708
16	2	8	4	2	359.954
1	4	8	16	2	359.916
2	1	16	4	2	359.867
2	1	16	16	2	359.3814
2	2	8	32	2	358.0602
32	1	2	32	2	356.6954
2	16	1	4	2	356.5402
32	1	1	8	2	356.4508
32	2	1	16	2	355.7438
4	2	16	8	2	354.8816
16	1	2	64	2	354.074
4	2	16	16	2	354.0242
8	1	2	4	2	353.8068
8	2	16	16	2	353.757
16	2	1	4	2	352.9646
16	2	16	4	2	352.5856
1	4	8	32	2	352.285
32	1	4	4	2	352.2326
1	8	2	16	2	352.1434
4	1	4	64	2	351.8346
1	2	8	32	2	350.916
4	4	8	16	2	350.8038
8	1	2	64	2	349.8554
4	2	1	64	2	349.2678
2	1	16	8	2	349.2054
4	1	1	64	2	348.9976
1	4	1	64	2	348.8086
4	1	2	64	2	347.7956
32	1	32	8	2	347.492
32	1	32	4	2	346.428
2	1	16	32	2	345.8808
2	2	1	64	2	342.5188
32	1	1	32	2	342.358
4	32	1	8	2	341.9984
1	2	8	64	2	341.7436
8	1	8	64	2	341.457
8	16	1	8	2	341.0632
2	8	1	32	2	340.6536
8	2	4	32	2	340.3994
8	8	4	4	2	339.1566
4	16	2	4	2	338.5006
2	2	16	4	2	338.1838
1	16	1	64	2	337.6604
8	2	1	64	2	337.278
2	32	1	4	2	336.151
32	2	8	16	2	335.9256
4	16	1	4	2	335.9028
2	2	16	16	2	334.4448
32	2	8	4	2	333.515
1	4	2	32	2	333.2282
16	1	2	4	2	333.067
32	2	16	4	2	332.8098
16	4	8	4	2	330.4518
2	2	16	8	2	330.315
16	4	2	4	2	329.2314
4	2	4	64	2	328.6768
1	1	2	4	2	328.3546
1	8	1	64	2	328.2342
16	1	32	4	2	327.9388
2	1	8	64	2	327.3528
8	8	1	4	2	327.3338
8	1	1	64	2	326.5696
32	2	4	4	2	325.0046
8	1	4	64	2	322.3492
32	1	32	16	2	321.5236
16	8	1	8	2	320.8526
2	8	1	64	2	320.656
4	2	2	64	2	319.1292
32	2	16	16	2	319.0958
16	4	1	4	2	318.7834
16	1	32	8	2	318.265
1	1	16	8	2	316.6732
1	1	16	4	2	316.0384
32	1	2	4	2	310.5374
1	2	16	4	2	310.4122
2	4	1	64	2	309.1402
16	4	4	4	2	308.333
32	2	2	4	2	305.929
32	2	1	4	2	305.725
16	1	32	16	2	305.131
1	2	16	8	2	305.04
1	2	16	16	2	304.6494
1	1	16	32	2	302.6886
1	1	16	16	2	302.1468
8	16	2	8	2	300.1564
2	2	16	32	2	298.585
32	4	1	8	2	291.3744
16	8	2	8	2	288.8042
32	4	4	8	2	288.7356
8	1	32	8	2	288.4876
4	1	32	8	2	288.1248
8	8	2	4	2	287.24402
1	1	16	64	2	286.2448
8	1	32	4	2	285.1762
4	1	32	4	2	284.2274
8	8	1	32	2	283.4374
1	2	16	32	2	283.403
8	16	1	16	2	281.1092
4	1	32	16	2	281.0962
8	1	32	16	2	280.2726
4	32	1	16	2	279.8826
16	8	4	8	2	279.7576
32	4	2	8	2	279.012
4	8	1	64	2	277.0686
2	16	1	64	2	276.0288
4	32	1	4	2	275.7414
8	16	1	4	2	275.687
2	4	2	64	2	274.811
16	4	1	32	2	274.1098
32	1	1	64	2	273.6616
1	1	8	2	2	273.5124
4	16	1	32	2	273.3264
32	4	8	8	2	270.0744
1	1	16	2	2	269.1426
16	8	1	4	2	267.6386
16	8	4	4	2	267.1764
16	8	1	16	2	266.6772
1	2	2	2	2	266.4226
2	1	8	2	2	265.4148
8	4	1	64	2	264.8076
1	2	16	2	2	264.646
32	4	4	4	2	263.8268
16	8	2	4	2	262.754
32	4	2	4	2	262.6538
2	32	1	32	2	262.4836
1	2	4	2	2	261.5432
8	16	2	4	2	260.3778
1	2	8	2	2	258.943
32	4	8	4	2	258.184
1	4	2	2	2	258.1712
1	4	8	2	2	255.346
1	32	1	64	2	254.5974
1	4	1	2	2	253.9766
2	1	32	4	2	253.5218
1	16	2	4	2	253.008
2	1	32	8	2	252.1424
2	1	16	2	2	251.9966
4	1	16	2	2	251.8766
1	4	4	2	2	251.5374
32	4	1	4	2	251.1408
32	4	1	16	2	250.995
1	16	2	8	2	250.259
2	1	32	16	2	250.0598
4	1	8	2	2	249.3904
2	2	16	2	2	248.3338
2	2	8	2	2	247.1766
1	1	4	2	2	246.5556
4	1	32	2	2	246.145
1	8	1	2	2	245.582
2	2	4	2	2	244.395
2	1	32	2	2	244.2968
2	1	4	2	2	243.7456
1	8	4	2	2	243.6886
2	1	32	32	2	243.4296
4	1	4	2	2	243.1614
4	1	1	4	2	241.0802
4	2	16	2	2	239.6818
2	1	1	4	2	239.6624
2	2	2	2	2	239.5028
1	16	1	2	2	239.3524
8	1	16	2	2	238.9068
1	8	2	2	2	238.6284
1	1	1	4	2	237.7792
8	1	1	4	2	237.4088
1	16	2	2	2	233.583
2	4	1	2	2	233.4234
4	2	8	2	2	233.1812
4	2	2	2	2	233.1508
2	4	8	2	2	233.0522
8	1	8	2	2	233.0266
2	4	2	2	2	232.896
4	2	4	2	2	232.8314
2	4	4	2	2	232.1678
32	2	1	32	2	232.1548
16	1	8	2	2	232.1436
4	4	4	2	2	231.5702
16	1	16	2	2	231.3072
1	32	1	2	2	229.8402
8	2	8	2	2	229.782
16	2	8	2	2	229.484
16	2	16	2	2	228.9674
8	2	4	2	2	228.8104
16	1	1	4	2	228.7136
4	4	1	2	2	228.581
8	1	32	2	2	228.0814
16	1	4	2	2	227.8234
16	2	4	2	2	227.5892
4	4	8	2	2	226.6286
8	32	1	8	2	226.0128
16	2	1	64	2	225.831
4	4	2	2	2	225.341
2	8	1	2	2	224.7828
4	8	1	2	2	224.7488
16	1	32	2	2	224.4888
2	8	2	2	2	224.327
8	2	16	2	2	224.1172
8	1	4	2	2	223.5146
2	8	4	2	2	223.3066
4	8	2	2	2	223.129
16	2	2	2	2	222.6384
32	1	8	2	2	222.4076
8	4	4	2	2	222.214
2	16	2	2	2	221.9316
4	8	4	2	2	221.3738
8	4	8	2	2	221.3678
2	2	1	2	2	220.5668
1	1	32	2	2	220.5508
8	2	2	2	2	220.479
16	16	1	8	2	219.9436
32	1	32	2	2	219.9216
32	1	4	2	2	219.4
8	4	2	2	2	219.399
32	1	16	2	2	219.3972
2	16	1	2	2	219.2698
1	1	32	4	2	218.356
1	1	32	8	2	218.0264
1	2	1	2	2	217.878
32	1	1	4	2	217.2742
1	1	32	16	2	217.0788
8	4	1	2	2	216.3858
4	2	1	2	2	214.5402
16	4	8	2	2	213.1736
8	8	4	2	2	213.094
2	32	1	2	2	212.3764
32	2	16	2	2	211.1786
32	8	1	8	2	210.7354
1	1	32	32	2	210.1674
16	4	4	2	2	209.8264
32	2	8	2	2	209.2612
8	8	2	2	2	207.0696
16	4	2	2	2	206.8156
4	16	1	2	2	206.5178
32	2	4	2	2	206.3986
4	16	2	2	2	206.0698
8	8	1	2	2	205.9914
8	2	1	2	2	205.5084
16	2	1	2	2	204.4612
8	32	1	4	2	203.5504
16	4	1	2	2	203.3616
32	2	2	2	2	200.32
16	16	1	4	2	200.1212
32	8	1	4	2	195.7326
2	1	2	2	2	195.5998
4	1	2	2	2	194.7794
8	1	2	2	2	192.678
16	1	2	2	2	187.6832
32	8	4	4	2	186.1152
32	8	2	4	2	185.6942
32	2	1	2	2	185.4294
16	8	2	2	2	185.4286
16	8	4	2	2	183.9898
32	4	4	2	2	183.5392
4	32	1	2	2	183.4064
1	1	2	2	2	183.313
8	16	2	2	2	183.1298
32	4	8	2	2	181.969
16	16	2	4	2	179.9384
8	16	1	2	2	179.8672
32	1	2	2	2	178.669
16	8	1	2	2	177.6148
32	4	1	2	2	174.8144
32	4	2	2	2	172.9724
8	16	1	32	2	162.5656
16	4	1	64	2	162.4532
32	4	1	32	2	161.2312
4	32	1	32	2	159.3052
4	16	1	64	2	159.1436
16	8	1	32	2	156.9654
8	8	1	64	2	156.8748
16	16	1	16	2	156.8136
2	32	1	64	2	154.3348
8	32	1	2	2	152.6554
16	16	1	2	2	151.7184
16	16	2	2	2	150.0762
8	32	1	16	2	148.339
32	8	4	2	2	147.7458
32	8	2	2	2	147.2042
32	8	1	2	2	143.2108
32	8	1	16	2	141.6498
1	1	8	1	2	140.183
1	2	2	1	2	139.6946
32	16	1	4	2	139.6494
1	2	16	1	2	138.7952
1	1	16	1	2	138.6396
1	1	4	1	2	138.3034
1	1	32	1	2	137.8374
1	2	8	1	2	137.67
16	32	1	4	2	136.7968
2	1	4	1	2	136.7844
1	4	4	1	2	136.5818
1	2	4	1	2	136.5214
2	1	16	1	2	136.4136
4	1	4	1	2	136.0218
4	1	8	1	2	134.7746
1	4	8	1	2	134.435
2	2	8	1	2	134.304
2	2	4	1	2	134.1622
2	1	8	1	2	133.9406
2	2	16	1	2	133.8868
1	4	2	1	2	133.6508
2	1	32	1	2	132.746
4	1	32	1	2	131.997
1	8	4	1	2	130.9316
2	2	2	1	2	130.697
4	1	16	1	2	129.9868
4	2	16	1	2	129.8274
1	8	1	1	2	128.8244
4	2	4	1	2	128.6822
1	4	1	1	2	128.6798
2	4	2	1	2	126.5702
8	1	16	1	2	126.4998
4	2	8	1	2	126.457
16	32	1	8	2	126.2572
2	4	8	1	2	126.0146
8	1	8	1	2	125.9586
2	4	4	1	2	125.4772
16	1	32	1	2	125.2096
1	8	2	1	2	124.7564
2	4	1	1	2	124.7412
16	1	4	1	2	124.153
8	1	32	1	2	123.9594
8	1	4	1	2	123.6716
4	2	2	1	2	123.6692
1	16	1	1	2	123.5652
8	2	2	1	2	123.4636
2	8	4	1	2	122.909
4	4	8	1	2	122.6408
4	4	2	1	2	122.6158
4	1	1	2	2	122.5116
4	4	1	1	2	122.1684
16	1	16	1	2	122.101
4	4	4	1	2	121.9644
16	1	8	1	2	121.9276
16	2	8	1	2	121.8148
2	8	1	1	2	121.6656
8	2	16	1	2	121.6196
8	1	1	2	2	121.606
1	16	2	1	2	121.4336
2	8	2	1	2	121.3308
8	2	8	1	2	121.2546
2	1	1	2	2	121.2464
1	32	1	1	2	121.0762
16	2	16	1	2	120.2768
16	2	4	1	2	120.2088
8	2	4	1	2	120.1132
1	1	1	2	2	119.9224
32	1	32	1	2	119.491
16	2	2	1	2	119.4192
16	1	1	2	2	119.0922
8	4	4	1	2	118.7968
32	1	16	1	2	118.673
4	8	2	1	2	118.2934
32	16	1	8	2	118.1
2	16	1	1	2	118.031
8	4	2	1	2	117.8968
2	16	2	1	2	117.7014
32	1	8	1	2	117.529
4	8	1	1	2	117.2948
4	8	4	1	2	117.2524
8	4	1	1	2	116.8734
32	1	4	1	2	116.859
16	4	4	1	2	116.5674
16	4	8	1	2	116.5216
8	4	8	1	2	116.0772
32	1	1	2	2	115.8534
4	16	2	1	2	115.81
16	4	2	1	2	114.6116
32	2	16	1	2	114.2194
4	16	1	1	2	113.9144
16	4	1	1	2	113.6992
8	8	2	1	2	113.264
32	2	8	1	2	112.9794
8	8	4	1	2	112.9242
32	2	4	1	2	112.6128
32	2	2	1	2	112.6054
4	2	1	1	2	112.5138
2	32	1	1	2	112.2208
8	2	1	1	2	111.8572
16	32	1	2	2	111.8572
8	8	1	1	2	111.584
2	2	1	1	2	111.1846
1	2	1	1	2	110.4702
32	16	1	2	2	109.8874
16	2	1	1	2	108.6788
16	8	2	1	2	108.2454
4	32	1	1	2	108.0216
32	16	2	2	2	107.4412
32	4	8	1	2	107.1948
8	1	2	1	2	106.6198
16	8	4	1	2	106.461
8	16	2	1	2	106.00732
4	1	2	1	2	105.9464
2	1	2	1	2	105.6646
16	1	2	1	2	105.6282
8	16	1	1	2	104.70034
32	2	1	1	2	103.1362
32	1	2	1	2	102.8818
32	4	4	1	2	102.74488
32	4	2	1	2	102.39814
16	8	1	1	2	101.7913
32	4	1	1	2	98.25908
8	32	1	1	2	96.22332
1	1	2	1	2	96.1698
16	16	2	1	2	96.0157
16	16	1	1	2	95.69274
32	8	4	1	2	94.3036
32	8	1	1	2	91.54596
32	8	2	1	2	90.94698
32	32	1	4	2	87.00462
32	32	1	2	2	83.29808
16	32	1	1	2	80.48404
32	16	2	1	2	79.47538
32	16	1	1	2	76.92004
8	1	1	1	2	61.61688
4	1	1	1	2	61.48638
16	1	1	1	2	61.0899
2	1	1	1	2	60.72038
32	1	1	1	2	59.7904
32	32	1	1	2	58.13668
1	1	1	1	2	45.54922
