1	2	1	8	2	831.0698
2	1	2	8	2	708.7746
4	1	2	8	2	698.6496
4	1	4	8	2	950.2682
8	1	8	8	2	1362.624
8	1	4	8	2	927.2632
2	2	2	8	2	1058.056
8	2	4	8	2	1568.288
4	2	2	8	2	1012.7812
8	1	2	8	2	706.209
4	2	4	8	2	1573.64
4	4	1	8	2	1369.43
1	2	1	16	2	1669.558
4	2	1	8	2	852.9006
2	4	1	8	2	1410.988
1	4	1	16	2	2747.922
8	1	8	16	2	2749.734
4	1	4	16	2	1858.31
4	1	2	16	2	1399.386
4	4	4	8	2	3260.03
4	4	2	8	2	1704.078
4	8	1	8	2	2291.402
8	1	2	16	2	1438.71
1	1	1	32	2	1742.036
1	1	4	32	2	2357.652
2	8	2	8	2	3373.572
16	2	2	8	2	951.5338
16	2	2	16	2	1821.562
4	8	4	8	2	6224.806
8	2	8	8	2	2882.746
4	4	4	16	2	6439.468
2	2	1	8	2	842.1942
8	2	1	8	2	854.1856
1	1	4	8	2	659.2478
16	2	4	16	2	3153.792
4	2	2	16	2	2009.182
1	2	4	8	2	1078.98
4	2	1	16	2	1685.006
8	1	4	16	2	1824.244
16	1	4	8	2	956.4812
16	2	1	16	2	1658.882
2	8	1	8	2	2269.42
2	2	4	8	2	1115.276
8	2	2	16	2	1970.166
4	2	4	16	2	3115.812
1	1	1	16	2	919.8764
2	1	4	16	2	1275.502
8	2	8	16	2	5738.666
1	2	2	8	2	620.7104
4	8	2	8	2	3276.716
8	2	1	16	2	1678.322
1	4	1	8	2	1402.804
4	4	1	16	2	2622.146
32	1	4	16	2	1740.126
16	1	8	16	2	2715.13
1	8	1	8	2	2290.314
8	4	2	8	2	1747.51
16	2	8	16	2	5635.022
1	1	4	16	2	1254.124
16	2	8	8	2	2853.814
4	1	1	16	2	923.8822
1	4	1	4	2	783.098
1	2	1	32	2	3263.864
8	2	2	8	2	1014.4856
16	1	8	8	2	1396.506
2	1	4	8	2	720.5138
2	1	1	16	2	924.3764
1	16	1	8	2	4423.126
1	4	4	8	2	2023.228
2	4	2	16	2	3474.968
1	2	4	4	2	582.9296
8	4	4	8	2	3175.026
1	1	2	8	2	549.7614
4	4	2	16	2	3350.694
2	16	2	8	2	6023.554
8	1	1	16	2	929.8532
4	8	2	16	2	6585.508
1	2	4	16	2	2170.078
2	1	1	32	2	1797.832
16	2	1	8	2	839.6378
8	2	4	16	2	3128.704
4	16	1	16	2	9033.848
8	4	8	8	2	5717.242
32	1	2	8	2	680.0724
8	4	1	16	2	2545.394
2	1	1	8	2	471.445
1	2	4	32	2	4218.454
16	1	16	8	2	2385.124
4	8	1	16	2	4555.4
8	4	1	8	2	1330.366
2	2	2	16	2	2090.656
4	1	8	8	2	942.2354
8	8	1	8	2	2294.798
16	1	4	16	2	1843.408
2	1	2	32	2	2839.224
32	1	4	8	2	903.1358
1	1	2	16	2	1080.658
1	2	2	16	2	1169.656
1	4	4	4	2	1067.952
2	32	1	8	2	8658.95
4	8	4	16	2	12451.02
1	1	2	32	2	2118.768
16	1	2	8	2	708.4372
1	1	1	64	2	3492.886
1	1	1	8	2	470.1812
4	1	2	32	2	2866.26
2	1	8	16	2	1933.456
16	1	16	16	2	4690.364
4	1	4	4	2	520.6434
16	2	4	8	2	1613.596
16	1	1	16	2	917.964
4	1	1	32	2	1836.79
8	1	8	4	2	710.4808
1	4	2	4	2	511.655
8	8	2	8	2	3362.048
2	4	2	8	2	1788.574
1	8	1	16	2	4578.446
1	8	4	8	2	3795.404
4	8	1	32	2	9095.716
2	8	2	16	2	6642.182
16	2	2	32	2	3623.722
8	1	1	8	2	467.9954
8	4	1	32	2	4939.498
4	1	1	8	2	471.103
4	1	8	4	2	527.743
16	4	1	8	2	1262.316
2	1	4	32	2	2617.17
32	1	8	8	2	1401.54
16	4	1	16	2	2451.214
1	4	2	8	2	963.0432
4	2	2	32	2	4015.344
1	8	1	4	2	1160.082
32	1	1	16	2	891.1468
4	2	1	32	2	3378.298
1	2	2	32	2	2266.874
1	8	4	4	2	1898.254
2	16	1	32	2	17745.76
2	4	8	8	2	3616.024
8	1	4	4	2	512.4692
16	1	2	16	2	1426.166
8	8	1	16	2	4570.16
4	1	4	32	2	3882.99
2	2	4	16	2	2251.312
32	1	8	16	2	2856.646
2	2	4	32	2	4587.824
16	1	1	32	2	1748.526
16	2	16	8	2	4729.192
1	4	1	32	2	5427.324
4	16	1	8	2	4541.264
1	16	1	16	2	8863.67
4	2	4	32	2	6438.804
2	2	1	16	2	1675.746
2	2	4	4	2	654.745
2	32	1	16	2	17280.32
2	1	2	16	2	1455.382
2	16	1	8	2	4495.794
1	2	1	4	2	446.0232
1	1	8	8	2	882.6668
4	2	4	4	2	842.0962
2	4	4	16	2	3814.444
8	4	4	16	2	6289.56
16	4	2	8	2	1722.608
4	1	8	16	2	1930.428
2	1	8	4	2	524.9492
4	4	4	4	2	1633.274
4	8	4	32	2	24981.68
8	4	2	16	2	3441.398
1	1	4	64	2	4794.19
1	1	2	64	2	4248.15
1	8	4	16	2	7588.028
8	8	4	8	2	6278.096
8	2	8	4	2	1461.41
16	4	8	8	2	5639.188
1	32	1	8	2	8338.4
2	2	2	4	2	591.6914
2	8	1	16	2	4545.11
16	1	16	32	2	9461.808
8	1	8	32	2	5618.292
16	2	16	16	2	9456.94
4	8	2	32	2	13062.78
1	2	4	64	2	8494.782
1	16	1	4	2	2229.864
1	2	2	4	2	453.22
1	1	4	4	2	438.2678
2	2	1	32	2	3347.544
32	1	2	16	2	1379.654
32	1	16	8	2	2359.312
8	2	2	4	2	549.2686
2	4	2	32	2	7173.606
2	2	8	8	2	1753.768
32	1	16	16	2	4703.962
1	2	1	64	2	6538.87
1	1	8	32	2	3511.548
2	1	2	64	2	5692.28
2	4	1	16	2	2767.002
2	2	8	4	2	902.0874
16	1	4	32	2	3509
16	1	2	32	2	2824.08
1	4	2	16	2	1933.044
2	1	4	4	2	455.9488
16	1	8	4	2	710.0792
16	4	4	8	2	3225.51
1	32	1	32	2	33032.66
4	16	2	8	2	5929.574
8	4	8	16	2	11435.42
1	2	2	64	2	4374.244
16	2	4	32	2	6172.09
2	4	8	16	2	7239.904
1	8	1	32	2	9138.228
4	4	2	4	2	896.2666
2	4	4	8	2	1879.132
4	4	1	4	2	782.309
8	2	4	4	2	831.9924
1	4	4	16	2	4127.762
2	16	2	16	2	12028.5
4	2	1	4	2	447.6214
16	1	8	32	2	5388.058
16	1	1	64	2	2798.824
2	1	8	32	2	3834.294
2	1	4	64	2	5269.176
1	32	1	4	2	4135.038
2	2	1	4	2	450.2288
16	1	4	4	2	512.3238
8	4	8	4	2	2871.098
4	2	8	4	2	860.5926
2	8	4	8	2	3538.146
4	2	2	4	2	563.671
8	1	1	32	2	1852.312
16	2	1	32	2	3336.88
4	1	8	32	2	4000.792
8	2	1	4	2	450.9382
2	2	8	16	2	3495.974
1	1	8	4	2	455.4902
16	4	2	16	2	3426.788
8	1	16	4	2	812.6532
4	1	16	4	2	816.7468
4	4	1	32	2	5383.11
2	16	1	16	2	8962.358
8	1	16	8	2	1638.462
4	2	8	8	2	1691.998
2	4	8	4	2	1810.36
1	1	8	16	2	1802.2
4	1	16	8	2	1588.018
32	2	4	8	2	1645.338
32	2	2	8	2	953.0218
8	4	4	4	2	1615.232
8	1	2	32	2	2933.542
1	2	8	4	2	833.2158
2	1	8	8	2	1067.8362
1	4	4	32	2	8228.132
2	4	2	4	2	948.4478
8	1	4	32	2	3903.31
8	4	2	32	2	6769.586
4	4	4	32	2	13117.2
1	2	8	16	2	3295.166
4	2	8	16	2	3403.654
4	4	2	32	2	6795.322
16	4	4	16	2	6423.892
2	8	1	4	2	1146.618
2	4	1	4	2	776.7252
2	4	1	32	2	5364.144
2	8	2	4	2	1760.25
16	2	4	4	2	839.979
16	1	16	4	2	1174.42
1	2	8	8	2	1636.096
8	4	2	4	2	913.1616
32	2	1	8	2	822.3104
2	16	2	32	2	24049.6
8	8	2	16	2	6751.908
16	2	8	32	2	11199.24
1	4	8	4	2	1635.974
4	4	8	8	2	3384.024
8	2	2	32	2	4002.868
8	2	8	32	2	11592.28
4	1	16	16	2	3197.946
4	8	4	4	2	3133.656
8	4	4	32	2	12551.52
2	4	4	4	2	1032.4024
8	2	16	4	2	1651.366
8	2	16	8	2	3308.122
32	1	8	4	2	721.089
4	4	2	64	2	13105.98
32	2	2	16	2	1842.946
4	8	1	4	2	1145.2
8	4	8	32	2	22873.24
2	8	2	64	2	26560.34
1	4	8	8	2	3222.154
2	8	4	16	2	7066.772
4	4	8	4	2	1690.072
1	1	8	64	2	7012.51
32	2	16	8	2	4747.062
16	2	2	4	2	545.5994
4	8	2	4	2	1727.876
1	32	1	16	2	16586.78
32	1	16	4	2	1165.168
2	16	2	4	2	3017.518
4	4	1	64	2	9796.264
1	8	2	8	2	1551.052
2	8	2	32	2	13597.72
8	8	4	16	2	12553.8
2	1	1	64	2	3575.758
2	2	2	32	2	4295.378
16	1	1	8	2	468.0064
16	4	8	16	2	11296.16
4	2	16	4	2	1537.23
8	1	16	16	2	3274.086
2	1	2	4	2	385.1848
2	2	2	64	2	8633.978
32	2	8	8	2	2868.656
1	16	1	32	2	17651.52
2	8	4	4	2	1767.48
32	2	4	16	2	3172.014
4	1	2	4	2	379.1038
8	2	2	64	2	7380.05
1	8	2	4	2	750.8804
4	16	2	16	2	11907.3
8	2	1	32	2	3389.362
4	1	16	32	2	6480.852
4	4	4	64	2	25822.76
8	4	1	4	2	783.261
16	2	8	4	2	1455.1
1	4	8	16	2	6448.686
2	1	16	4	2	763.3816
2	1	16	16	2	3002.752
2	2	8	32	2	7179.194
32	1	2	32	2	2779.65
2	16	1	4	2	2253.162
32	1	1	8	2	467.5896
32	2	1	16	2	1663.196
4	2	16	8	2	3075.842
16	1	2	64	2	5636.434
4	2	16	16	2	6158.622
8	1	2	4	2	376.6982
8	2	16	16	2	6609.068
16	2	1	4	2	451.4914
16	2	16	4	2	2361.824
1	4	8	32	2	12864.92
32	1	4	4	2	498.1106
1	8	2	16	2	3080.774
4	1	4	64	2	8033.87
1	2	8	32	2	6510.412
4	4	8	16	2	6762.12
8	1	2	64	2	5750.778
4	2	1	64	2	6785.544
2	1	16	8	2	1507.302
4	1	1	64	2	3693.594
1	4	1	64	2	10968.98
4	1	2	64	2	5826.658
32	1	32	8	2	3447.778
32	1	32	4	2	1725.076
2	1	16	32	2	5887.68
2	2	1	64	2	6697.736
32	1	1	32	2	1368.464
4	32	1	8	2	8943.464
1	2	8	64	2	13060.84
8	1	8	64	2	11169.02
8	16	1	8	2	4567.856
2	8	1	32	2	9109.242
8	2	4	32	2	6257.858
8	8	4	4	2	3152.986
4	16	2	4	2	2986.668
2	2	16	4	2	1462.182
1	16	1	64	2	34746.3
8	2	1	64	2	6661.854
2	32	1	4	2	4352.342
32	2	8	16	2	5648.062
4	16	1	4	2	2277.748
2	2	16	16	2	5777.002
32	2	8	4	2	1444.896
1	4	2	32	2	4008.248
16	1	2	4	2	376.0706
32	2	16	4	2	2374.32
16	4	8	4	2	2830.502
2	2	16	8	2	2889.84
16	4	2	4	2	913.3464
4	2	4	64	2	13186.56
1	1	2	4	2	340.4258
1	8	1	64	2	18267.42
16	1	32	4	2	1415.356
2	1	8	64	2	7994.91
8	8	1	4	2	1151.072
8	1	1	64	2	3646.24
32	2	4	4	2	836.3554
8	1	4	64	2	7377.944
32	1	32	16	2	6886.302
16	8	1	8	2	2289.29
2	8	1	64	2	18024.26
4	2	2	64	2	8406.832
32	2	16	16	2	9478.92
16	4	1	4	2	782.702
16	1	32	8	2	2834.016
1	1	16	8	2	1310.236
1	1	16	4	2	652.7582
32	1	2	4	2	368.8758
1	2	16	4	2	1304.004
2	4	1	64	2	10909.26
16	4	4	4	2	1639.202
32	2	2	4	2	539.2794
32	2	1	4	2	452.1632
16	1	32	16	2	5650.974
1	2	16	8	2	2591.468
1	2	16	16	2	5181.802
1	1	16	32	2	5229.258
1	1	16	16	2	2625.088
8	16	2	8	2	6224.304
2	2	16	32	2	11536.56
32	4	1	8	2	1218.706
16	8	2	8	2	3369.482
32	4	4	8	2	3231.848
8	1	32	8	2	2405.676
4	1	32	8	2	2378.73
8	8	2	4	2	1722.172
1	1	16	64	2	10464.44
8	1	32	4	2	1204.29
4	1	32	4	2	1207.662
8	8	1	32	2	4554.144
1	2	16	32	2	10190.88
8	16	1	16	2	4535.01
4	1	32	16	2	4755.06
8	1	32	16	2	4817.48
4	32	1	16	2	8916.392
16	8	4	8	2	6302.992
32	4	2	8	2	1728.94
4	8	1	64	2	9083.742
2	16	1	64	2	17766.32
4	32	1	4	2	4450.576
8	16	1	4	2	2282.024
2	4	2	64	2	14965.74
16	4	1	32	2	2484.464
32	1	1	64	2	1404.744
1	1	8	2	2	330.088
4	16	1	32	2	9061.46
32	4	8	8	2	5759.954
1	1	16	2	2	367.2766
16	8	1	4	2	1147.376
16	8	4	4	2	3136
16	8	1	16	2	2274.934
1	2	2	2	2	304.0026
2	1	8	2	2	361.4852
8	4	1	64	2	4841.832
1	2	16	2	2	662.8712
32	4	4	4	2	1620.462
16	8	2	4	2	1756.198
32	4	2	4	2	880.1372
2	32	1	32	2	17189.24
1	2	4	2	2	421.7868
8	16	2	4	2	3099.254
1	2	8	2	2	494.814
32	4	8	4	2	2881.158
1	4	2	2	2	468.7824
1	4	8	2	2	834.1702
1	32	1	64	2	33214.16
1	4	1	2	2	393.8372
2	1	32	4	2	1057.244
1	16	2	4	2	1073.584
2	1	32	8	2	2099.194
2	1	16	2	2	425.9706
4	1	16	2	2	475.0524
1	4	4	2	2	661.9454
32	4	1	4	2	781.82
32	4	1	16	2	1210.956
1	16	2	8	2	2149.172
2	1	32	16	2	4201.266
4	1	8	2	2	367.6956
2	2	16	2	2	745.4048
2	2	8	2	2	548.7858
1	1	4	2	2	255.8018
4	1	32	2	2	610.8062
1	8	1	2	2	586.984
2	2	4	2	2	434.1572
2	1	32	2	2	534.3888
2	1	4	2	2	264.7612
1	8	4	2	2	979.3184
2	1	32	32	2	8276.142
4	1	4	2	2	293.9256
4	1	1	4	2	245.6382
4	2	16	2	2	786.732
2	1	1	4	2	244.7756
2	2	2	2	2	332.1656
1	16	1	2	2	1128.452
8	1	16	2	2	468.4962
1	8	2	2	2	540.9162
1	1	1	4	2	241.9076
8	1	1	4	2	243.0202
1	16	2	2	2	530.2138
2	4	1	2	2	394.7628
4	2	8	2	2	506.744
4	2	2	2	2	330.3388
2	4	8	2	2	934.433
8	1	8	2	2	426.5384
2	4	2	2	2	533.2614
4	2	4	2	2	486.9248
2	4	4	2	2	640.2408
32	2	1	32	2	1655.57
16	1	8	2	2	413.8416
4	4	4	2	2	858.1024
16	1	16	2	2	603.6142
1	32	1	2	2	2094.422
8	2	8	2	2	750.0204
16	2	8	2	2	746.1774
16	2	16	2	2	1190.304
8	2	4	2	2	471.3336
16	1	1	4	2	243.468
4	4	1	2	2	391.6224
8	1	32	2	2	612.6088
16	1	4	2	2	281.3322
16	2	4	2	2	475.64
4	4	8	2	2	853.1374
8	32	1	8	2	4542.974
16	2	1	64	2	3328.11
4	4	2	2	2	515.5086
2	8	1	2	2	574.2994
4	8	1	2	2	577.948
16	1	32	2	2	708.925
2	8	2	2	2	933.0126
8	2	16	2	2	829.5474
8	1	4	2	2	290.4504
2	8	4	2	2	884.8566
4	8	2	2	2	924.0924
16	2	2	2	2	317.4152
32	1	8	2	2	418.1066
8	4	4	2	2	859.987
2	16	2	2	2	1507.686
4	8	4	2	2	1560.026
8	4	8	2	2	1432.95
2	2	1	2	2	226.836
1	1	32	2	2	468.5562
8	2	2	2	2	320.3448
16	16	1	8	2	2276.868
32	1	32	2	2	864.4488
32	1	4	2	2	275.0178
8	4	2	2	2	524.394
32	1	16	2	2	650.4726
2	16	1	2	2	1132.75
1	1	32	4	2	927.1094
1	1	32	8	2	1856.23
1	2	1	2	2	223.3034
32	1	1	4	2	243.6538
1	1	32	16	2	3709.856
8	4	1	2	2	392.5774
4	2	1	2	2	227.6686
16	4	8	2	2	1414.814
8	8	4	2	2	1577.24
2	32	1	2	2	2179.718
32	2	16	2	2	1190.564
32	8	1	8	2	1141.36
1	1	32	32	2	7416.66
16	4	4	2	2	850.7498
32	2	8	2	2	733.999
8	8	2	2	2	938.2786
16	4	2	2	2	514.2488
4	16	1	2	2	1145.986
32	2	4	2	2	476.3914
4	16	2	2	2	1474.706
8	8	1	2	2	574.782
8	2	1	2	2	225.343
16	2	1	2	2	225.6824
8	32	1	4	2	4548.068
16	4	1	2	2	390.9254
32	2	2	2	2	316.8226
16	16	1	4	2	2285.834
32	8	1	4	2	1143.924
2	1	2	2	2	201.7804
4	1	2	2	2	198.9816
8	1	2	2	2	197.912
16	1	2	2	2	193.429
32	8	4	4	2	3141.278
32	8	2	4	2	1659.832
32	2	1	2	2	225.7038
16	8	2	2	2	897.3234
16	8	4	2	2	1569.45
32	4	4	2	2	847.5982
4	32	1	2	2	2227.648
1	1	2	2	2	186.6352
8	16	2	2	2	1546.572
32	4	8	2	2	1435.846
16	16	2	4	2	3120.84
8	16	1	2	2	1139.752
32	1	2	2	2	193.107
16	8	1	2	2	575.0584
32	4	1	2	2	389.8796
32	4	2	2	2	505.3778
8	16	1	32	2	4534.776
16	4	1	64	2	2465.912
32	4	1	32	2	1230.028
4	32	1	32	2	8900.918
4	16	1	64	2	9035.04
16	8	1	32	2	2268.39
8	8	1	64	2	4537.52
16	16	1	16	2	2268.496
2	32	1	64	2	17279.76
8	32	1	2	2	2266.934
16	16	1	2	2	1137.782
16	16	2	2	2	1539.436
8	32	1	16	2	4520.86
32	8	4	2	2	1578.154
32	8	2	2	2	879.8968
32	8	1	2	2	573.5646
32	8	1	16	2	1137.008
1	1	8	1	2	188.4596
1	2	2	1	2	172.7478
32	16	1	4	2	1136.178
1	2	16	1	2	332.026
1	1	16	1	2	223.9342
1	1	4	1	2	147.497
1	1	32	1	2	233.053
1	2	8	1	2	295.6598
16	32	1	4	2	2270.528
2	1	4	1	2	153.9346
1	4	4	1	2	387.4676
1	2	4	1	2	229.3456
2	1	16	1	2	246.79
4	1	4	1	2	168.8814
4	1	8	1	2	197.8064
1	4	8	1	2	416.381
2	2	8	1	2	318.0296
2	2	4	1	2	243.4956
2	1	8	1	2	199.0252
2	2	16	1	2	374.6678
1	4	2	1	2	282.9844
2	1	32	1	2	265.41
4	1	32	1	2	305.5338
1	8	4	1	2	493.4994
2	2	2	1	2	190.9336
4	1	16	1	2	266.1882
4	2	16	1	2	396.501
1	8	1	1	2	296.3744
4	2	4	1	2	259.3308
1	4	1	1	2	197.295
2	4	2	1	2	293.3528
8	1	16	1	2	272.247
4	2	8	1	2	311.039
16	32	1	8	2	2270.34
2	4	8	1	2	470.7084
8	1	8	1	2	226.6362
2	4	4	1	2	355.5036
16	1	32	1	2	360.3458
1	8	2	1	2	333.4726
2	4	1	1	2	199.9774
16	1	4	1	2	170.1176
8	1	32	1	2	309.1662
8	1	4	1	2	169.646
4	2	2	1	2	190.2692
1	16	1	1	2	568.164
8	2	2	1	2	190.7302
2	8	4	1	2	445.9596
4	4	8	1	2	432.5324
4	4	2	1	2	284.941
4	1	1	2	2	123.6566
4	4	1	1	2	198.7226
16	1	16	1	2	333.0984
4	4	4	1	2	474.496
16	1	8	1	2	222.556
16	2	8	1	2	406.1478
2	8	1	1	2	291.8156
8	2	16	1	2	422.0768
8	1	1	2	2	123.4132
1	16	2	1	2	268.5946
2	8	2	1	2	490.561
8	2	8	1	2	415.158
2	1	1	2	2	122.3392
1	32	1	1	2	1043.19
16	2	16	1	2	593.8166
16	2	4	1	2	252.0018
8	2	4	1	2	251.889
1	1	1	2	2	120.8102
32	1	32	1	2	433.7592
16	2	2	1	2	187.4872
16	1	1	2	2	121.7728
8	4	4	1	2	464.7476
32	1	16	1	2	332.2554
4	8	2	1	2	485.5198
32	16	1	8	2	1135.392
2	16	1	1	2	567.9336
8	4	2	1	2	279.5074
2	16	2	1	2	755.1464
32	1	8	1	2	218.7426
4	8	1	1	2	288.4272
4	8	4	1	2	773.6432
8	4	1	1	2	195.4834
32	1	4	1	2	167.6046
16	4	4	1	2	465.6474
16	4	8	1	2	704.6596
8	4	8	1	2	713.1162
32	1	1	2	2	121.859
4	16	2	1	2	741.1964
16	4	2	1	2	278.2932
32	2	16	1	2	590.9818
4	16	1	1	2	571.7406
16	4	1	1	2	195.2108
8	8	2	1	2	490.379
32	2	8	1	2	408.5764
8	8	4	1	2	771.6686
32	2	4	1	2	252.1784
32	2	2	1	2	187.393
4	2	1	1	2	114.7266
2	32	1	1	2	1082.65
8	2	1	1	2	114.3512
16	32	1	2	2	2273.23
8	8	1	1	2	287.2466
2	2	1	1	2	113.6204
1	2	1	1	2	111.6238
32	16	1	2	2	1139.414
16	2	1	1	2	112.8186
16	8	2	1	2	491.3924
4	32	1	1	2	1121.248
32	16	2	2	2	1522.944
32	4	8	1	2	716.0336
8	1	2	1	2	108.3672
16	8	4	1	2	779.0518
8	16	2	1	2	765.1142
4	1	2	1	2	106.9368
2	1	2	1	2	106.8308
16	1	2	1	2	107.7982
8	16	1	1	2	570.624
32	2	1	1	2	112.9288
32	1	2	1	2	106.3154
32	4	4	1	2	466.2756
32	4	2	1	2	277.3186
16	8	1	1	2	287.3824
32	4	1	1	2	194.9716
8	32	1	1	2	1134.888
1	1	2	1	2	97.8039
16	16	2	1	2	770.1768
16	16	1	1	2	573.34
32	8	4	1	2	778.9504
32	8	1	1	2	286.7194
32	8	2	1	2	490.6812
32	32	1	4	2	1133.228
32	32	1	2	2	1138.934
16	32	1	1	2	1140.53
32	16	2	1	2	763.6538
32	16	1	1	2	572.9568
8	1	1	1	2	62.13894
4	1	1	1	2	61.82256
16	1	1	1	2	61.80726
2	1	1	1	2	61.18948
32	1	1	1	2	60.92756
32	32	1	1	2	1134.56
1	1	1	1	2	60.32944
