1	1	1	32	2	1805.021
1	1	1	16	2	1653.196667
1	2	1	16	2	1648.613333
2	2	1	16	2	1615.899
2	1	1	32	2	1552.374
2	1	1	16	2	1548.146667
1	2	1	32	2	1528.486667
1	4	1	16	2	1526.215667
8	1	1	16	2	1514.205667
2	4	1	16	2	1506.061333
1	4	1	32	2	1488.348667
4	1	1	16	2	1481.941667
2	2	1	32	2	1458.86
4	2	1	16	2	1450.262667
4	1	1	32	2	1449.021
1	8	1	16	2	1448.222
2	4	1	32	2	1440.626
2	8	1	16	2	1427.066667
1	16	1	16	2	1397.965
16	1	1	16	2	1373.199333
4	4	1	16	2	1352.977333
1	8	1	32	2	1335.622
2	1	4	16	2	1327.73
1	1	4	16	2	1306.15
8	2	1	16	2	1298.517667
4	1	4	16	2	1294.626667
4	1	8	16	2	1242.976667
8	1	4	16	2	1232.510333
16	1	16	16	2	1231.057333
4	2	1	32	2	1226.278667
1	2	4	16	2	1224.04
2	2	4	16	2	1223.446667
1	1	4	32	2	1222.053333
4	1	4	8	2	1198.639
2	1	4	32	2	1197.055667
4	2	4	16	2	1195.765667
2	1	8	16	2	1193.98
8	1	1	32	2	1184.238
2	1	4	8	2	1176.22
2	8	1	32	2	1170.368
2	1	2	16	2	1159.236667
4	1	4	32	2	1158.197
1	1	8	16	2	1155.063333
4	1	8	8	2	1152.304333
16	1	4	16	2	1147.867333
8	4	1	16	2	1140.759333
1	2	4	32	2	1137.969333
4	1	2	16	2	1135.704333
16	1	8	16	2	1134.737667
8	1	4	8	2	1133.914333
1	4	4	16	2	1133.808333
2	16	1	16	2	1130.574667
8	1	8	16	2	1126.765667
4	2	4	8	2	1124.465333
16	1	4	8	2	1122.316333
1	32	1	16	2	1118.591333
2	2	4	8	2	1118.269333
16	1	16	8	2	1117.614333
2	4	4	16	2	1117.398667
4	2	8	16	2	1110.804667
2	2	4	32	2	1107.959333
1	2	4	8	2	1106.087667
2	1	8	8	2	1105.373667
2	2	8	16	2	1104.305333
1	1	2	16	2	1100.100667
2	4	8	16	2	1097.344
4	2	1	8	2	1096.338
1	1	8	32	2	1091.768667
4	1	8	32	2	1089.242667
8	1	32	8	2	1087.818667
1	16	1	32	2	1087.46
8	1	32	16	2	1086.758667
2	4	1	8	2	1081.087
2	4	4	8	2	1078.941667
16	1	8	8	2	1078.669667
4	2	8	8	2	1075.91
4	8	1	16	2	1074.846667
1	1	4	8	2	1073.778667
8	1	8	8	2	1071.289667
16	1	1	32	2	1069.007667
2	2	1	8	2	1066.258333
2	1	8	32	2	1065.067
1	2	8	16	2	1063.207333
8	1	4	32	2	1059.085333
4	4	8	16	2	1057.967
4	1	1	8	2	1055.697
4	4	8	8	2	1055.045667
1	1	8	8	2	1054.792333
8	2	4	8	2	1054.184
1	2	2	16	2	1054.126667
8	2	4	16	2	1053.015333
2	4	8	8	2	1049.827
16	2	1	16	2	1047.243667
4	4	1	8	2	1046.599333
2	1	2	8	2	1046.433
2	2	2	16	2	1043.411
1	1	2	32	2	1042.421333
2	1	2	32	2	1040.124
4	1	2	8	2	1037.102667
2	2	8	8	2	1032.692667
1	4	4	8	2	1025.909
8	1	2	16	2	1024.072333
2	8	1	8	2	1022.455667
16	1	1	8	2	1020.417333
1	8	1	8	2	1020.196333
1	4	1	8	2	1020.185667
16	2	16	8	2	1019.444333
32	1	1	16	2	1019.163333
4	1	2	32	2	1018.191
1	16	1	8	2	1016.425333
16	1	2	16	2	1015.062333
8	1	2	8	2	1014.947333
2	16	1	8	2	1014.404667
1	1	1	8	2	1014.009
1	1	2	8	2	1013.276
2	1	1	8	2	1012.343667
4	2	2	16	2	1010.303667
8	2	8	16	2	1004.700667
8	2	8	8	2	1004.266667
8	4	8	8	2	1004.160333
1	4	8	16	2	1004.143
16	2	4	8	2	1002.950667
1	2	8	32	2	1002.785333
1	2	1	8	2	1002.292667
8	4	4	8	2	1000.08
1	2	8	8	2	999.99
16	1	2	8	2	997.525
16	2	16	16	2	997.2143333
4	2	2	8	2	996.988
2	2	8	32	2	995.32
4	4	4	8	2	993.2326667
2	2	2	8	2	993.0103333
8	1	1	8	2	991.7583333
1	4	4	32	2	986.9676667
8	2	1	32	2	986.8486667
8	1	16	8	2	986.1233333
1	2	2	32	2	984.6103333
4	4	4	16	2	980.8763333
32	1	4	8	2	978.2286667
8	2	1	8	2	976.649
2	4	4	32	2	976.619
8	1	16	16	2	974.7473333
1	4	8	8	2	974.3636667
4	2	4	32	2	971.9896667
1	32	1	8	2	971.619
2	4	8	32	2	969.922
8	4	1	8	2	969.8723333
8	1	8	32	2	969.4146667
4	4	1	32	2	969.152
1	2	2	8	2	968.7186667
32	1	8	8	2	968.145
2	8	4	8	2	967.56
4	8	1	8	2	967.158
16	2	8	8	2	965.2283333
1	8	4	16	2	964.16
4	2	8	32	2	958.242
2	2	2	32	2	953.4503333
1	8	4	8	2	953.0423333
16	2	1	8	2	944.4373333
4	1	16	16	2	938.4516667
2	8	4	16	2	937.2003333
8	2	2	8	2	932.0136667
1	4	8	32	2	930.268
32	1	16	8	2	928.6246667
8	1	2	32	2	921.13
8	2	16	8	2	910.8293333
8	2	16	16	2	910.398
4	1	32	16	2	905.851
1	1	32	16	2	905.7783333
2	1	16	16	2	904.6623333
32	1	32	8	2	901.7536667
4	2	2	32	2	899.039
8	2	2	16	2	897.9236667
2	4	2	8	2	897.7283333
4	4	2	8	2	897.439
4	8	4	8	2	896.899
4	1	16	8	2	896.2393333
4	1	32	8	2	892.7686667
2	1	16	8	2	889.3476667
32	1	2	8	2	884.9486667
4	2	16	8	2	882.8206667
2	1	16	32	2	880.9833333
32	1	4	16	2	879.4453333
1	4	2	8	2	879.154
1	1	32	8	2	878.4663333
2	32	1	8	2	874.508
16	1	4	32	2	869.8453333
8	8	1	8	2	869.338
16	1	16	32	2	869.2716667
1	1	32	32	2	868.2756667
4	2	16	16	2	865.3396667
4	1	16	32	2	863.8876667
1	8	4	32	2	863.7396667
16	4	1	8	2	862.6493333
16	2	2	8	2	859.9316667
8	8	1	16	2	856.1053333
1	4	2	16	2	855.7663333
4	16	1	8	2	855.6143333
8	1	16	32	2	853.379
1	1	16	8	2	851.0636667
4	1	32	32	2	844.3336667
1	1	16	16	2	843.8683333
2	4	2	32	2	843.4906667
8	4	4	16	2	835.0666667
2	16	1	32	2	833.867
2	2	16	8	2	830.6713333
32	1	1	8	2	829.832
2	32	1	16	2	828.8473333
16	4	1	16	2	828.054
16	2	4	16	2	827.1393333
1	4	2	32	2	824.9233333
1	1	16	32	2	821.319
8	4	1	32	2	819.738
1	32	1	32	2	819.3966667
32	1	8	16	2	817.9366667
2	2	16	16	2	814.1796667
2	4	2	16	2	810.9396667
8	4	8	16	2	809.7036667
16	4	8	8	2	803.0476667
8	4	2	8	2	798.855
4	16	1	16	2	796.705
4	8	1	32	2	795.2666667
32	1	32	16	2	794.6343333
32	2	1	8	2	793.406
32	1	1	32	2	792.9506667
4	4	2	16	2	791.9293333
32	1	16	16	2	791.6073333
4	2	16	32	2	786.2283333
1	2	16	8	2	781.8406667
2	32	1	32	2	778.035
8	2	4	32	2	775.397
2	8	2	8	2	772.0686667
1	2	16	16	2	768.9046667
32	2	4	8	2	767.7966667
32	2	16	8	2	763.373
1	8	2	8	2	763.192
2	2	16	32	2	758.0243333
32	2	1	16	2	756.3606667
16	4	4	8	2	755.8786667
32	2	8	8	2	750.631
16	2	1	32	2	748.7986667
1	8	2	16	2	746.9353333
1	2	16	32	2	742.072
8	8	4	8	2	736.7563333
2	8	2	16	2	735.3486667
16	4	1	32	2	728.7796667
16	8	1	16	2	728.4956667
8	16	1	16	2	715.7223333
8	8	1	32	2	712.2793333
4	32	1	16	2	710.2066667
16	2	16	32	2	706.896
2	1	32	8	2	706.646
2	1	32	16	2	703.913
8	1	32	4	2	701.9216667
4	16	1	32	2	694.7403333
8	16	1	8	2	688.1623333
4	2	4	4	2	686.6293333
1	8	2	32	2	685.8683333
4	8	2	8	2	677.391
32	4	1	16	2	676.253
8	1	16	4	2	672.0023333
2	4	2	4	2	670.8443333
2	1	4	4	2	667.9093333
4	2	2	4	2	667.161
4	4	4	4	2	666.9983333
4	4	2	4	2	666.9906667
2	2	8	4	2	665.9003333
4	1	16	4	2	665.8636667
4	1	8	4	2	665.6256667
4	32	1	8	2	663.9873333
4	2	8	4	2	663.388
2	1	32	32	2	662.3063333
16	1	4	4	2	662.0116667
2	1	8	4	2	659.8486667
2	2	16	4	2	658.0273333
2	2	4	4	2	654.9876667
4	1	2	4	2	651.1156667
8	2	16	4	2	647.8753333
2	4	4	4	2	647.0196667
2	4	8	4	2	646.75
2	2	2	4	2	645.7263333
4	2	16	4	2	644.1766667
2	1	16	4	2	643.6853333
8	2	8	4	2	643.1703333
4	4	8	4	2	642.949
1	8	2	4	2	640.1666667
4	8	4	4	2	640.1636667
16	8	1	8	2	639.0133333
8	1	4	4	2	637.594
4	1	32	4	2	636.5986667
1	8	4	4	2	636.0736667
32	2	1	32	2	633.98
4	1	4	4	2	633.9626667
16	2	2	4	2	633.4363333
16	2	8	4	2	631.1176667
8	1	2	4	2	629.9313333
1	1	8	4	2	629.1363333
1	4	4	4	2	628.888
8	2	4	4	2	625.435
32	4	1	8	2	623.448
2	1	2	4	2	623.398
8	2	2	4	2	619.0073333
1	2	4	4	2	618.7263333
1	4	8	4	2	618.6896667
16	1	8	4	2	617.3923333
16	1	2	4	2	616.7383333
16	1	16	4	2	616.6776667
2	8	4	4	2	616.3933333
8	1	8	4	2	616.105
1	4	2	4	2	615.1453333
8	4	8	4	2	614.6163333
2	2	1	4	2	614.0086667
1	1	2	4	2	613.776
8	4	4	4	2	613.412
2	8	2	4	2	612.1566667
8	4	2	4	2	610.963
1	4	1	4	2	606.821
16	2	16	4	2	604.7586667
16	2	4	4	2	600.8586667
1	2	16	4	2	599.9873333
1	2	2	4	2	599.8576667
4	2	1	4	2	599.5766667
32	2	16	16	2	596.7956667
32	2	8	4	2	596.1026667
2	4	1	4	2	595.885
8	8	4	4	2	594.3836667
4	8	2	4	2	593.936
2	1	32	4	2	593.5453333
1	2	8	4	2	593.3406667
2	8	1	4	2	592.181
4	4	1	4	2	592.083
1	16	1	4	2	592.0596667
8	32	1	8	2	590.7113333
1	1	32	4	2	587.938
1	1	4	4	2	586.7656667
1	8	1	4	2	582.6276667
1	1	16	4	2	581.6856667
4	8	1	4	2	581.4813333
32	1	2	4	2	575.084
8	2	1	4	2	570.4003333
1	2	1	4	2	570.074
16	4	8	4	2	569.0393333
4	1	1	4	2	568.8203333
16	1	1	4	2	564.91
8	4	1	4	2	562.77
2	1	1	4	2	559.2303333
1	32	1	4	2	557.909
1	1	1	4	2	557.1936667
2	16	1	4	2	557.1736667
32	1	8	4	2	556.913
16	4	2	4	2	556.3156667
4	16	1	4	2	555.7943333
16	2	1	4	2	553.3326667
32	2	4	4	2	553.2273333
16	16	1	8	2	552.1963333
8	8	2	4	2	551.708
16	4	4	4	2	548.6
32	2	2	4	2	546.95
32	1	4	4	2	543.1643333
8	1	1	4	2	541.6623333
32	8	1	8	2	535.731
8	8	1	4	2	530.924
32	1	32	4	2	528.55
32	2	16	4	2	521.052
2	32	1	4	2	520.344
32	1	1	4	2	509.675
4	32	1	4	2	508.8943333
32	4	8	4	2	505.688
1	16	2	8	2	504.716
32	2	1	4	2	502.6346667
32	1	16	4	2	502.5716667
16	4	1	4	2	500.0186667
32	4	4	4	2	494.9753333
2	16	2	8	2	493.8246667
8	16	1	4	2	493.485
1	16	2	16	2	490.3426667
16	8	4	4	2	489.87
1	16	2	4	2	479.533
2	16	2	4	2	469.5423333
16	8	1	32	2	443.126
8	16	1	32	2	442.683
16	8	1	4	2	440.7886667
32	4	1	32	2	431.5693333
32	4	1	4	2	429.0373333
4	16	2	4	2	423.369
8	32	1	4	2	417.3793333
8	32	1	16	2	414.827
4	32	1	32	2	413.7996667
16	16	1	4	2	399.4876667
16	16	1	16	2	394.4903333
2	2	8	2	2	383.0343333
32	8	1	16	2	378.666
4	2	4	2	2	378.2756667
4	1	16	2	2	374.5423333
4	2	8	2	2	372.032
4	2	2	2	2	371.9553333
8	2	16	2	2	368.4773333
1	8	4	2	2	367.147
4	1	8	2	2	366.9623333
2	2	4	2	2	366.3436667
4	4	4	2	2	365.4326667
32	8	1	4	2	363.197
1	8	2	2	2	361.9086667
2	2	16	2	2	360.1366667
1	1	16	2	2	359.4986667
2	1	8	2	2	359.104
8	1	32	2	2	358.5333333
4	4	8	2	2	357.6983333
8	1	16	2	2	357.4356667
1	4	2	2	2	357.431
16	1	8	2	2	356.154
4	8	4	2	2	356.093
4	8	2	2	2	355.7526667
8	4	8	2	2	355.5486667
1	1	8	2	2	355.014
16	1	4	2	2	354.974
2	4	4	2	2	354.7033333
4	1	4	2	2	354.0533333
8	1	2	2	2	353.6996667
8	1	4	2	2	353.5783333
1	2	4	2	2	352.3646667
4	4	2	2	2	352.1843333
8	2	8	2	2	352.0466667
2	1	16	2	2	351.855
1	4	8	2	2	350.6846667
16	1	2	2	2	349.97
8	1	8	2	2	349.9413333
2	2	2	2	2	349.8373333
16	1	16	2	2	349.7316667
8	4	2	2	2	349.492
8	2	4	2	2	349.132
2	1	4	2	2	348.9696667
1	2	2	2	2	348.274
2	4	8	2	2	347.3566667
1	2	16	2	2	347.175
4	1	32	2	2	346.681
1	1	4	2	2	346.2046667
8	8	2	2	2	346.1876667
1	4	4	2	2	345.8943333
2	8	2	2	2	345.8696667
1	1	2	2	2	343.949
4	1	2	2	2	343.385
4	2	16	2	2	343.0766667
16	2	4	2	2	342.4993333
2	1	2	2	2	341.5463333
8	4	4	2	2	341.4256667
16	32	1	4	2	341.369
1	2	8	2	2	341.112
8	2	2	2	2	339.6333333
4	2	1	2	2	338.9066667
2	4	2	2	2	338.4986667
16	4	8	2	2	338.2453333
16	2	16	2	2	337.4476667
1	2	1	2	2	336.604
2	8	4	2	2	333.4433333
16	2	2	2	2	332.9173333
4	4	1	2	2	329.1416667
16	32	1	8	2	328.2973333
1	1	32	2	2	327.99
4	16	2	2	2	327.7723333
8	8	4	2	2	326.5486667
2	16	2	2	2	325.9433333
1	4	1	2	2	325.75
1	16	1	2	2	324.8756667
16	2	8	2	2	322.598
2	1	32	2	2	321.8286667
1	8	1	2	2	321.7086667
2	8	1	2	2	321.0856667
32	2	8	2	2	320.1533333
8	2	1	2	2	318.779
2	4	1	2	2	318.4726667
8	16	2	2	2	317.0996667
8	4	1	2	2	316.9623333
32	1	2	2	2	315.9993333
16	4	2	2	2	315.4383333
1	16	2	2	2	315.1366667
16	4	4	2	2	312.4356667
32	4	4	2	2	311.7706667
32	2	4	2	2	311.5286667
4	8	1	2	2	309.5526667
4	16	1	2	2	308.693
32	2	2	2	2	306.2463333
8	1	1	2	2	305.741
16	1	1	2	2	305.6913333
2	16	1	2	2	304.1313333
32	4	8	2	2	303.1623333
2	2	1	2	2	302.6403333
8	8	1	2	2	300.764
32	2	1	2	2	300.3426667
16	8	4	2	2	299.955
32	1	8	2	2	299.8196667
16	4	1	2	2	299.3883333
4	1	1	2	2	298.4466667
32	16	1	4	2	297.5103333
16	8	2	2	2	297.3443333
8	16	1	2	2	296.7806667
32	16	1	8	2	293.4303333
32	1	4	2	2	291.478
4	32	1	2	2	290.915
2	32	1	2	2	290.899
16	2	1	2	2	290.882
16	8	1	2	2	288.7243333
1	32	1	2	2	287.4616667
2	1	1	2	2	287.058
1	1	1	2	2	286.4633333
32	1	32	2	2	286.445
32	2	16	2	2	283.752
32	1	16	2	2	283.1203333
32	4	2	2	2	277.4596667
32	1	1	2	2	273.225
8	32	1	2	2	269.8216667
32	4	1	2	2	267.6976667
32	8	4	2	2	254.0396667
16	16	1	2	2	245.736
8	32	1	32	2	241.868
32	8	1	2	2	238.5566667
16	16	1	32	2	238.2006667
32	8	1	32	2	237.0883333
16	32	1	16	2	217.2233333
1	4	2	1	2	212.2746667
4	1	2	1	2	210.997
4	1	4	1	2	210.642
16	32	1	2	2	210.547
2	2	2	1	2	209.726
2	1	8	1	2	209.2433333
2	2	8	1	2	208.4693333
1	8	2	1	2	208.4526667
4	1	32	1	2	208.408
2	4	8	1	2	208.2063333
1	2	2	1	2	207.662
4	1	8	1	2	207.5006667
2	1	4	1	2	207.0823333
1	4	8	1	2	206.481
2	1	16	1	2	206.4383333
1	2	4	1	2	206.282
2	2	4	1	2	206.2423333
8	1	8	1	2	205.635
1	1	4	1	2	205.3696667
2	2	16	1	2	205.3616667
1	4	4	1	2	204.866
8	2	8	1	2	204.8306667
8	1	32	1	2	204.7746667
1	2	16	1	2	204.311
2	1	32	1	2	204.2323333
8	1	2	1	2	204.2283333
1	1	32	1	2	204.2026667
4	1	16	1	2	203.974
4	2	8	1	2	203.8743333
1	8	4	1	2	203.771
4	2	4	1	2	203.546
2	1	2	1	2	203.5156667
16	1	2	1	2	203.436
1	16	2	1	2	203.2536667
4	2	16	1	2	202.9043333
4	4	4	1	2	202.5993333
8	1	16	1	2	202.0446667
4	2	2	1	2	201.775
2	4	2	1	2	201.4726667
4	4	2	1	2	200.6746667
1	1	16	1	2	200.3456667
1	1	2	1	2	199.9093333
8	4	4	1	2	199.7753333
4	8	4	1	2	199.6646667
1	2	8	1	2	198.9593333
8	2	4	1	2	198.8126667
8	1	4	1	2	198.809
4	4	8	1	2	198.7616667
2	4	4	1	2	198.3026667
16	1	4	1	2	197.6913333
1	1	8	1	2	197.4183333
2	8	4	1	2	197.414
8	2	2	1	2	197.3016667
2	16	2	1	2	196.6873333
16	1	8	1	2	196.496
8	2	16	1	2	196.3116667
16	2	4	1	2	194.0326667
8	4	8	1	2	193.1883333
16	2	2	1	2	193.0533333
16	2	8	1	2	192.3066667
2	8	2	1	2	191.5483333
8	4	2	1	2	190.2753333
4	16	2	1	2	189.7386667
8	8	4	1	2	189.3366667
1	2	1	1	2	188.9381
32	32	1	4	2	188.9323333
4	8	2	1	2	188.6806667
8	8	2	1	2	188.47
1	8	1	1	2	188.0094667
32	16	1	2	2	187.2396667
1	4	1	1	2	186.9811667
16	2	16	1	2	186.731
32	16	1	16	2	186.3983333
32	1	8	1	2	186.1023333
2	2	1	1	2	185.7442
8	2	1	1	2	185.4337333
2	4	1	1	2	185.3247
2	8	1	1	2	184.2764
1	16	1	1	2	183.1890333
4	2	1	1	2	183.1250667
32	2	2	1	2	180.4326667
4	4	1	1	2	179.925
16	4	8	1	2	178.823
1	32	1	1	2	178.6200667
32	1	2	1	2	178.1276667
4	8	1	1	2	177.5868333
16	2	1	1	2	176.3876333
8	16	1	1	2	176.3587667
16	4	4	1	2	176.2456667
4	16	1	1	2	174.5742333
8	32	1	1	2	173.6716
32	2	4	1	2	171.421
32	4	8	1	2	171.3546667
32	1	4	1	2	171.2746667
16	4	1	1	2	171.2571667
16	1	16	1	2	170.5326667
8	16	2	1	2	170.0416667
16	1	1	1	2	169.6318333
8	1	1	1	2	169.3254
8	8	1	1	2	167.5353333
16	8	4	1	2	167.5216667
32	32	1	8	2	166.5073333
32	32	1	2	2	165.941
8	4	1	1	2	165.6083
4	1	1	1	2	165.3979333
32	8	4	1	2	165.1946667
32	8	2	1	2	163.825
32	2	1	1	2	163.3281667
2	16	1	1	2	163.292
32	4	1	1	2	162.3736333
16	16	1	1	2	161.0854667
2	1	1	1	2	160.7875
32	4	4	1	2	160.7516667
32	2	8	1	2	160.6605
16	4	2	1	2	160.5983333
16	8	2	1	2	160.5556667
32	4	2	1	2	158.2623333
16	16	2	1	2	156.469
32	1	16	1	2	155.6233333
16	8	1	1	2	154.34315
4	32	1	1	2	153.0690667
32	1	1	1	2	152.4891333
32	8	1	1	2	151.4880333
2	32	1	1	2	149.6855333
16	32	1	1	2	149.4743333
32	1	32	1	2	147.4836667
32	2	16	1	2	140.522
32	16	1	1	2	131.91205
1	1	1	1	2	122.3877
32	32	1	1	2	102.8295667
