1	1	1	32	2	3756.866667
1	1	1	16	2	2623.9
1	2	1	16	2	4412.84
2	2	1	16	2	4622.61
2	1	1	32	2	4527.083333
2	1	1	16	2	2748.92
1	2	1	32	2	8766.163333
1	4	1	16	2	6247.333333
8	1	1	16	2	2767.823333
2	4	1	16	2	6378.3
1	4	1	32	2	11914.6
4	1	1	16	2	2787.733333
2	2	1	32	2	9353.923333
4	2	1	16	2	4815.853333
4	1	1	32	2	4653.04
1	8	1	16	2	10553.56667
2	4	1	32	2	12063.66667
2	8	1	16	2	10775.73333
1	16	1	16	2	20921.06667
16	1	1	16	2	2804.146667
4	4	1	16	2	6616.34
1	8	1	32	2	21045.8
2	1	4	16	2	3065.023333
1	1	4	16	2	2907.263333
8	2	1	16	2	4954.07
4	1	4	16	2	3170.516667
4	1	8	16	2	5661.973333
8	1	4	16	2	3290.466667
16	1	16	16	2	13920.8
4	2	1	32	2	9620.87
1	2	4	16	2	5437.773333
2	2	4	16	2	5658.326667
1	1	4	32	2	5826.57
4	1	4	8	2	2027.036667
2	1	4	32	2	6300.783333
4	2	4	16	2	5789.926667
2	1	8	16	2	5302.996667
8	1	1	32	2	4927.85
2	1	4	8	2	2116.696667
2	8	1	32	2	17904.46667
2	1	2	16	2	2526.563333
4	1	4	32	2	6925.85
1	1	8	16	2	5136.26
4	1	8	8	2	3104.2
16	1	4	16	2	3373.583333
8	4	1	16	2	5240.503333
1	2	4	32	2	10909.9
4	1	2	16	2	2575.383333
16	1	8	16	2	5758.99
8	1	4	8	2	2361.063333
1	4	4	16	2	10320.7
2	16	1	16	2	17713.86667
8	1	8	16	2	5609.213333
4	2	4	8	2	3229.393333
16	1	4	8	2	2190.026667
1	32	1	16	2	34102.7
2	2	4	8	2	3157.43
16	1	16	8	2	7392.736667
2	4	4	16	2	10472.10667
4	2	8	16	2	10711.13333
2	2	4	32	2	11468.26667
1	2	4	8	2	3044.346667
2	1	8	8	2	2935.56
2	2	8	16	2	9988.973333
1	1	2	16	2	2398.343333
2	4	8	16	2	20624.46667
4	2	1	8	2	2599.773333
1	1	8	32	2	10293.03333
4	1	8	32	2	11460.26667
8	1	32	8	2	10908.13333
1	16	1	32	2	34765.9
8	1	32	16	2	21656.46667
2	4	1	8	2	3841.46
2	4	4	8	2	5746.6
16	1	8	8	2	3117.573333
4	2	8	8	2	5594.296667
4	8	1	16	2	9036.603333
1	1	4	8	2	2087.893333
8	1	8	8	2	3183.673333
16	1	1	32	2	3649.853333
2	2	1	8	2	2526.55
2	1	8	32	2	10832.66667
1	2	8	16	2	9441.426667
8	1	4	32	2	7417.2
4	4	8	16	2	22347.06667
4	1	1	8	2	1562.853333
4	4	8	8	2	11215.26667
1	1	8	8	2	2818.936667
8	2	4	8	2	3319.196667
1	2	2	16	2	2256.173333
8	2	4	16	2	5912.87
2	4	8	8	2	10343.4
16	2	1	16	2	4074.256667
4	4	1	8	2	3814.883333
2	1	2	8	2	1462.626667
2	2	2	16	2	2327.39
1	1	2	32	2	4803.456667
2	1	2	32	2	5230.723333
4	1	2	8	2	1457.686667
2	2	8	8	2	5206.13
1	4	4	8	2	5407.766667
8	1	2	16	2	2588.006667
2	8	1	8	2	5432.59
16	1	1	8	2	1601.223333
1	8	1	8	2	5347.343333
1	4	1	8	2	3728.906667
16	2	16	8	2	14796.83333
32	1	1	16	2	2308.383333
4	1	2	32	2	5229.46
1	16	1	8	2	10489.3
16	1	2	16	2	2700.98
8	1	2	8	2	1489.593333
2	16	1	8	2	10642.7
1	1	1	8	2	1493.506667
1	1	2	8	2	1395.2
2	1	1	8	2	1546.946667
4	2	2	16	2	2401.196667
8	2	8	16	2	10763.26667
8	2	8	8	2	5481.673333
8	4	8	8	2	11134.2
1	4	8	16	2	18854.73333
16	2	4	8	2	3144.02
1	2	8	32	2	18830.13333
1	2	1	8	2	2370.613333
8	4	4	8	2	5737.066667
1	2	8	8	2	4858.5
16	1	2	8	2	1512.27
16	2	16	16	2	24548.43333
4	2	2	8	2	1543.483333
2	2	8	32	2	20240.33333
4	4	4	8	2	5484.123333
2	2	2	8	2	1589.026667
8	1	1	8	2	1601.98
1	4	4	32	2	20067.6
8	2	1	32	2	8142.136667
8	1	16	8	2	4773.76
1	2	2	32	2	4471.423333
4	4	4	16	2	10976.6
32	1	4	8	2	2220.313333
8	2	1	8	2	2631.59
2	4	4	32	2	21450.06667
8	1	16	16	2	9282.52
1	4	8	8	2	9478.153333
4	2	4	32	2	11877.13333
1	32	1	8	2	20664.16667
2	4	8	32	2	41376.13333
8	4	1	8	2	3558.99
8	1	8	32	2	11486.13333
4	4	1	32	2	10425.49667
1	2	2	8	2	1507.456667
32	1	8	8	2	3132.42
2	8	4	8	2	9394.156667
4	8	1	8	2	5455.6
16	2	8	8	2	5507.93
1	8	4	16	2	18316.93333
4	2	8	32	2	21760.53333
2	2	2	32	2	4991.723333
1	8	4	8	2	9138.203333
16	2	1	8	2	2574.453333
4	1	16	16	2	8256.063333
2	8	4	16	2	18769.93333
8	2	2	8	2	1695.1
1	4	8	32	2	37811.03333
32	1	16	8	2	7507.506667
8	1	2	32	2	5417.07
8	2	16	8	2	8591.14
8	2	16	16	2	17186.63333
4	1	32	16	2	17020.46667
1	1	32	16	2	8012.363333
2	1	16	16	2	7903.99
32	1	32	8	2	14743.13333
4	2	2	32	2	5040.606667
8	2	2	16	2	2517.46
2	4	2	8	2	2204.646667
4	4	2	8	2	2320.926667
4	8	4	8	2	9664.696667
4	1	16	8	2	4258.186667
4	1	32	8	2	8508.05
2	1	16	8	2	4013.39
32	1	2	8	2	1350.64
4	2	16	8	2	8192.643333
2	1	16	32	2	16150.4
32	1	4	16	2	2855.67
1	4	2	8	2	2263.383333
1	1	32	8	2	4028.153333
2	32	1	8	2	17580.5
16	1	4	32	2	5769.746667
8	8	1	8	2	4568.763333
16	1	16	32	2	23512.03333
1	1	32	32	2	15924.73333
4	2	16	16	2	16419.53333
4	1	16	32	2	16804.96667
1	8	4	32	2	36607.7
16	4	1	8	2	2695.683333
16	2	2	8	2	1380.65
8	8	1	16	2	6816.383333
1	4	2	16	2	3768.663333
4	16	1	8	2	9037.74
8	1	16	32	2	19051.16667
1	1	16	8	2	3775.54
4	1	32	32	2	34192.2
1	1	16	16	2	7468.73
2	4	2	32	2	8777.306667
8	4	4	16	2	9099.256667
2	16	1	32	2	26609
2	2	16	8	2	7310.063333
32	1	1	8	2	1553.023333
2	32	1	16	2	26373.4
16	4	1	16	2	3869.02
16	2	4	16	2	5056.946667
1	4	2	32	2	7723.216667
1	1	16	32	2	15010.66667
8	4	1	32	2	7678.053333
1	32	1	32	2	51367.16667
32	1	8	16	2	5011.47
2	2	16	16	2	14596.83333
2	4	2	16	2	3724.996667
8	4	8	16	2	18530.86667
16	4	8	8	2	9434.25
8	4	2	8	2	2085.703333
4	16	1	16	2	13501.06667
4	8	1	32	2	13560.3
32	1	32	16	2	24342.23333
32	2	1	8	2	2076.086667
32	1	1	32	2	2604.693333
4	4	2	16	2	4092.74
32	1	16	16	2	12394.86667
4	2	16	32	2	32771.33333
1	2	16	8	2	7074.786667
2	32	1	32	2	52817.16667
8	2	4	32	2	10068.52333
2	8	2	8	2	3372.383333
1	2	16	16	2	14200.93333
32	2	4	8	2	2434.953333
32	2	16	8	2	12564.03333
1	8	2	8	2	3241.043333
2	2	16	32	2	29297.6
32	2	1	16	2	3072.483333
16	4	4	8	2	4446.733333
32	2	8	8	2	4468.406667
16	2	1	32	2	6079.83
1	8	2	16	2	6549.95
1	2	16	32	2	28270.03333
8	8	4	8	2	8110.57
2	8	2	16	2	6722.313333
16	4	1	32	2	7443.743333
16	8	1	16	2	6806.696667
8	16	1	16	2	13547.13333
8	8	1	32	2	13605.56667
4	32	1	16	2	26662.33333
16	2	16	32	2	36770.9
2	1	32	8	2	6351.22
2	1	32	16	2	12680.86667
8	1	32	4	2	5470.716667
4	16	1	32	2	26866.93333
8	16	1	8	2	6787.983333
4	2	4	4	2	2295.113333
1	8	2	32	2	13265.66667
4	8	2	8	2	3246.176667
32	4	1	16	2	3740.546667
8	1	16	4	2	2760.686667
2	4	2	4	2	1762.81
2	1	4	4	2	1626.146667
4	2	2	4	2	1623.14
4	4	4	4	2	3421.113333
4	4	2	4	2	1770.24
2	2	8	4	2	3047.906667
4	1	16	4	2	2465.693333
4	1	8	4	2	2146.913333
4	32	1	8	2	13392.93333
4	2	8	4	2	3257.28
2	1	32	32	2	25356.76667
16	1	4	4	2	1724.813333
2	1	8	4	2	2026.646667
2	2	16	4	2	3677.916667
2	2	4	4	2	2234.153333
4	1	2	4	2	1051.296667
8	2	16	4	2	4314.183333
2	4	4	4	2	3501.753333
2	4	8	4	2	5211.986667
2	2	2	4	2	1561.603333
4	2	16	4	2	4117.66
2	1	16	4	2	2238.803333
8	2	8	4	2	3311.956667
4	4	8	4	2	5629.003333
1	8	2	4	2	1957.366667
4	8	4	4	2	4862.896667
16	8	1	8	2	3427.453333
8	1	4	4	2	1722.27
4	1	32	4	2	4279.43
1	8	4	4	2	4610.966667
32	2	1	32	2	6161.926667
4	1	4	4	2	1678.903333
16	2	2	4	2	1531.796667
16	2	8	4	2	3319.45
8	1	2	4	2	1067.663333
1	1	8	4	2	1874.8
1	4	4	4	2	3426.6
8	2	4	4	2	2304.463333
32	4	1	8	2	1960.22
2	1	2	4	2	1034.413333
8	2	2	4	2	1649.523333
1	2	4	4	2	2141.246667
1	4	8	4	2	4771.82
16	1	8	4	2	2188.526667
16	1	2	4	2	1078.68
16	1	16	4	2	4351.736667
2	8	4	4	2	4709.026667
8	1	8	4	2	2130.403333
1	4	2	4	2	1971.183333
8	4	8	4	2	5605.503333
2	2	1	4	2	1348.353333
1	1	2	4	2	971.6126667
8	4	4	4	2	3548.23
2	8	2	4	2	2005.543333
8	4	2	4	2	1652.336667
1	4	1	4	2	2143.293333
16	2	16	4	2	7389.63
16	2	4	4	2	2281.93
1	2	16	4	2	3574.176667
1	2	2	4	2	1496.103333
4	2	1	4	2	1397.99
32	2	16	16	2	18855.03333
32	2	8	4	2	3223.273333
2	4	1	4	2	2196.663333
8	8	4	4	2	4905.686667
4	8	2	4	2	1911.573333
2	1	32	4	2	3175.863333
1	2	8	4	2	2923.456667
2	8	1	4	2	2731.58
4	4	1	4	2	2224.803333
1	16	1	4	2	5332.08
8	32	1	8	2	13539.76667
1	1	32	4	2	2275.85
1	1	4	4	2	1536.273333
1	8	1	4	2	2695.436667
1	1	16	4	2	2067.86
4	8	1	4	2	2756.686667
32	1	2	4	2	1083.006667
8	2	1	4	2	1425.943333
1	2	1	4	2	1271.05
16	4	8	4	2	5641.616667
4	1	1	4	2	831.694
16	1	1	4	2	852.281
8	4	1	4	2	2238.826667
2	1	1	4	2	817.3936667
1	32	1	4	2	10397.96667
1	1	1	4	2	791.827
2	16	1	4	2	5402.416667
32	1	8	4	2	2178.513333
16	4	2	4	2	1693.81
4	16	1	4	2	5470.886667
16	2	1	4	2	1453.65
32	2	4	4	2	2331.51
16	16	1	8	2	6807.75
8	8	2	4	2	1676.716667
16	4	4	4	2	3171.59
32	2	2	4	2	1536.763333
32	1	4	4	2	1743.136667
8	1	1	4	2	844.5366667
32	8	1	8	2	3425.17
8	8	1	4	2	2779.126667
32	1	32	4	2	7366.72
32	2	16	4	2	7574.693333
2	32	1	4	2	10685.33333
32	1	1	4	2	829.5003333
4	32	1	4	2	9053.923333
32	4	8	4	2	4677.463333
1	16	2	8	2	4316.55
32	2	1	4	2	1421.893333
32	1	16	4	2	4430.583333
16	4	1	4	2	2254.553333
32	4	4	4	2	2419.666667
2	16	2	8	2	4364.74
8	16	1	4	2	4552.693333
1	16	2	16	2	8653.563333
16	8	4	4	2	4049.49
1	16	2	4	2	2165.83
2	16	2	4	2	2181.313333
16	8	1	32	2	6811.51
8	16	1	32	2	13487.16667
16	8	1	4	2	2313.69
32	4	1	32	2	3776.573333
32	4	1	4	2	1854.166667
4	16	2	4	2	2084.16
8	32	1	4	2	6783.826667
8	32	1	16	2	13448.26667
4	32	1	32	2	26677.46667
16	16	1	4	2	3405.976667
16	16	1	16	2	6785.136667
2	2	8	2	2	1721.076667
32	8	1	16	2	3416.89
4	2	4	2	2	1349.8
4	1	16	2	2	1436.33
4	2	8	2	2	1902.76
4	2	2	2	2	954.719
8	2	16	2	2	2173.846667
1	8	4	2	2	2354.283333
4	1	8	2	2	1264.246667
2	2	4	2	2	1311.286667
4	4	4	2	2	1971.89
32	8	1	4	2	1732.6
1	8	2	2	2	1292.19
2	2	16	2	2	1937.12
1	1	16	2	2	1172.716667
2	1	8	2	2	1220.403333
8	1	32	2	2	2743.043333
4	4	8	2	2	2832.933333
8	1	16	2	2	1593.306667
1	4	2	2	2	1376.06
16	1	8	2	2	1290.096667
4	8	4	2	2	2432.893333
4	8	2	2	2	1408.253333
8	4	8	2	2	2797.26
1	1	8	2	2	1098.116667
16	1	4	2	2	999.952
2	4	4	2	2	1991.123333
4	1	4	2	2	945.4983333
8	1	2	2	2	577.1996667
8	1	4	2	2	960.5893333
1	2	4	2	2	1250.946667
4	4	2	2	2	1382.41
8	2	8	2	2	1973.57
2	1	16	2	2	1281.81
1	4	8	2	2	2488.61
16	1	2	2	2	590.368
8	1	8	2	2	1268.236667
2	2	2	2	2	936.044
16	1	16	2	2	2367.65
8	4	2	2	2	1380.693333
8	2	4	2	2	1382.623333
2	1	4	2	2	919.7926667
1	2	2	2	2	873.2586667
2	4	8	2	2	2650.663333
1	2	16	2	2	1927.716667
4	1	32	2	2	2144.513333
1	1	4	2	2	854.5063333
8	8	2	2	2	1276.25
1	4	4	2	2	2030.033333
2	8	2	2	2	1331.226667
1	1	2	2	2	527.678
4	1	2	2	2	570.9396667
4	2	16	2	2	2133.683333
16	2	4	2	2	1422.28
2	1	2	2	2	559.0666667
8	4	4	2	2	2054.76
16	32	1	4	2	6790.696667
1	2	8	2	2	1683.25
8	2	2	2	2	976.621
4	2	1	2	2	694.5926667
2	4	2	2	2	1422.006667
16	4	8	2	2	2836.23
16	2	16	2	2	3754.006667
1	2	1	2	2	637.6003333
2	8	4	2	2	2390.783333
16	2	2	2	2	967.675
4	4	1	2	2	1112.256667
16	32	1	8	2	6773.053333
1	1	32	2	2	1296.773333
4	16	2	2	2	1040.92
8	8	4	2	2	2443.166667
2	16	2	2	2	1092.993333
1	4	1	2	2	1070.663333
1	16	1	2	2	2665.11
16	2	8	2	2	1955.203333
2	1	32	2	2	1593.3
1	8	1	2	2	1349.993333
2	8	1	2	2	1374.83
32	2	8	2	2	1963.946667
8	2	1	2	2	718.9413333
2	4	1	2	2	1097.52
8	16	2	2	2	1028.673333
8	4	1	2	2	1120.966667
32	1	2	2	2	594.1343333
16	4	2	2	2	1365.333333
1	16	2	2	2	1089.746667
16	4	4	2	2	2019.33
32	4	4	2	2	2008.06
32	2	4	2	2	1424.193333
4	8	1	2	2	1381.946667
4	16	1	2	2	2743.74
32	2	2	2	2	975.4813333
8	1	1	2	2	420.789
16	1	1	2	2	424.2543333
2	16	1	2	2	2715.703333
32	4	8	2	2	2834.27
2	2	1	2	2	683.1613333
8	8	1	2	2	1389.583333
32	2	1	2	2	710.771
16	8	4	2	2	2438.35
32	1	8	2	2	1310.353333
16	4	1	2	2	1131.37
4	1	1	2	2	415.3936667
32	16	1	4	2	3400.416667
16	8	2	2	2	1170.55
8	16	1	2	2	2722.71
32	16	1	8	2	3414.006667
32	1	4	2	2	987.217
4	32	1	2	2	5433.313333
2	32	1	2	2	5336.11
16	2	1	2	2	724.248
16	8	1	2	2	1381.146667
1	32	1	2	2	5220.323333
2	1	1	2	2	408.3706667
1	1	1	2	2	394.7493333
32	1	32	2	2	3706.68
32	2	16	2	2	3803.28
32	1	16	2	2	2450.526667
32	4	2	2	2	1307.923333
32	1	1	2	2	414.5193333
8	32	1	2	2	4550.516667
32	4	1	2	2	1121.796667
32	8	4	2	2	2014.59
16	16	1	2	2	2279.083333
8	32	1	32	2	13447.93333
32	8	1	2	2	1158.143333
16	16	1	32	2	6763.966667
32	8	1	32	2	3406.386667
16	32	1	16	2	6732.113333
1	4	2	1	2	770.0613333
4	1	2	1	2	296.331
4	1	4	1	2	505.791
16	32	1	2	2	3391.703333
2	2	2	1	2	503.6206667
2	1	8	1	2	648.7243333
2	2	8	1	2	966.4553333
1	8	2	1	2	803.2696667
4	1	32	1	2	1070.05
2	4	8	1	2	1321.906667
1	2	2	1	2	474.4406667
4	1	8	1	2	669.821
2	1	4	1	2	491.1256667
1	4	8	1	2	1245.37
2	1	16	1	2	721.2593333
1	2	4	1	2	667.0656667
2	2	4	1	2	710.2136667
8	1	8	1	2	675.3183333
1	1	4	1	2	451.573
2	2	16	1	2	984.169
1	4	4	1	2	1143.04
8	2	8	1	2	1078.766667
8	1	32	1	2	1376.456667
1	2	16	1	2	958.6976667
2	1	32	1	2	800.05
8	1	2	1	2	301.59
1	1	32	1	2	720.3823333
4	1	16	1	2	811.3383333
4	2	8	1	2	1038.973333
1	8	4	1	2	1170.216667
4	2	4	1	2	724.3073333
2	1	2	1	2	289.793
16	1	2	1	2	304.5543333
1	16	2	1	2	549.743
4	2	16	1	2	1076.596667
4	4	4	1	2	1120.496667
8	1	16	1	2	885.9386667
4	2	2	1	2	516.0493333
2	4	2	1	2	781.1923333
4	4	2	1	2	790.3406667
1	1	16	1	2	658.156
1	1	2	1	2	273.8566667
8	4	4	1	2	1137.863333
4	8	4	1	2	1209.8
1	2	8	1	2	935.7513333
8	2	4	1	2	743.763
8	1	4	1	2	520.473
4	4	8	1	2	1409.386667
2	4	4	1	2	1127.653333
16	1	4	1	2	525.8356667
1	1	8	1	2	589.1926667
2	8	4	1	2	1178.196667
8	2	2	1	2	521.3086667
2	16	2	1	2	546.6126667
16	1	8	1	2	689.009
8	2	16	1	2	1092.156667
16	2	4	1	2	752.9766667
8	4	8	1	2	1383.283333
16	2	2	1	2	535.4886667
16	2	8	1	2	1100.03
2	8	2	1	2	828.4696667
8	4	2	1	2	790.5236667
4	16	2	1	2	520.742
8	8	4	1	2	1211.09
1	2	1	1	2	320.5693333
32	32	1	4	2	3384.246667
4	8	2	1	2	808.1053333
8	8	2	1	2	799.0616667
1	8	1	1	2	673.0406667
32	16	1	2	2	1708.243333
1	4	1	1	2	535.1933333
16	2	16	1	2	1856.676667
32	16	1	16	2	3384.813333
32	1	8	1	2	694.5626667
2	2	1	1	2	339.201
8	2	1	1	2	357.144
2	4	1	1	2	548.8953333
2	8	1	1	2	685.6913333
1	16	1	1	2	1336.856667
4	2	1	1	2	347.793
32	2	2	1	2	532.9896667
4	4	1	1	2	557.4363333
16	4	8	1	2	1402.746667
1	32	1	1	2	2595.47
32	1	2	1	2	306.4956667
4	8	1	1	2	690.8503333
16	2	1	1	2	361.9293333
8	16	1	1	2	1380.39
16	4	4	1	2	1134.68
4	16	1	1	2	1371.72
8	32	1	1	2	2729.816667
32	2	4	1	2	758.613
32	4	8	1	2	1405.766667
32	1	4	1	2	535.3203333
16	4	1	1	2	556.9
16	1	16	1	2	1247.083333
8	16	2	1	2	514.5176667
16	1	1	1	2	212.9836667
8	1	1	1	2	211.453
8	8	1	1	2	694.56
16	8	4	1	2	1207.153333
32	32	1	8	2	3384.27
32	32	1	2	2	3387.54
8	4	1	1	2	557.098
4	1	1	1	2	208.3593333
32	8	4	1	2	1198.21
32	8	2	1	2	788.078
32	2	1	1	2	360.3216667
2	16	1	1	2	1362.883333
32	4	1	1	2	560.755
16	16	1	1	2	1382.786667
2	1	1	1	2	204.5306667
32	4	4	1	2	1137.646667
32	2	8	1	2	1112.35
16	4	2	1	2	775.159
16	8	2	1	2	789.9693333
32	4	2	1	2	764.6993333
16	16	2	1	2	513.9083333
32	1	16	1	2	1270.883333
16	8	1	1	2	695.6465
4	32	1	1	2	2713.42
32	1	1	1	2	207.3866667
32	8	1	1	2	691.1443333
2	32	1	1	2	2664.85
16	32	1	1	2	2280.18
32	1	32	1	2	1861.44
32	2	16	1	2	1911.553333
32	16	1	1	2	1142.94
1	1	1	1	2	196.294
32	32	1	1	2	1698.503333
