4	4	1	8	2	842.42
8	1	1	32	2	809.1865
8	4	1	8	2	803.666
2	4	1	8	2	800.652
4	4	1	16	2	785.05725
1	4	1	8	2	770.70525
2	4	1	16	2	763.2355
4	8	1	8	2	762.71975
4	1	1	32	2	750.316
2	8	1	8	2	747.751
8	1	1	16	2	743.78075
8	2	1	8	2	737.08725
2	8	1	16	2	729.4385
4	1	1	16	2	726.10125
16	1	1	16	2	718.4685
4	2	1	8	2	713.379
2	4	1	32	2	707.806
16	2	1	8	2	695.30825
1	4	1	16	2	689.3385
4	2	1	16	2	688.601
8	2	1	16	2	686.508
2	8	1	4	2	685.54875
1	8	1	4	2	683.19175
4	1	1	64	2	681.624
2	1	1	32	2	681.4615
2	16	1	8	2	679.142
1	8	1	16	2	678.078
1	8	1	8	2	675.9505
2	2	1	8	2	668.63575
4	2	1	32	2	664.132
2	1	1	16	2	657.957
8	4	1	16	2	655.32425
16	1	1	32	2	653.269
1	8	1	32	2	651.991
4	4	1	32	2	649.5675
1	4	1	32	2	647.8565
4	8	1	4	2	645.82625
2	16	1	4	2	638.40775
4	4	1	4	2	638.23025
2	2	1	16	2	636.0405
2	2	1	32	2	625.066
1	2	1	8	2	623.1245
16	4	1	8	2	614.92075
2	4	1	4	2	614.61925
8	8	1	8	2	613.9245
2	1	1	64	2	613.598
4	8	1	16	2	613.59775
8	4	1	4	2	613.46175
1	4	1	64	2	612.2355
4	16	1	4	2	602.74775
8	1	1	64	2	595.241
2	8	1	32	2	590.827
1	16	1	8	2	590.3265
1	16	1	16	2	587.695
2	2	1	64	2	586.171
4	16	1	8	2	584.548
8	8	1	4	2	580.064
8	2	1	32	2	579.579
1	16	1	4	2	571.171
1	2	1	16	2	570.19875
32	1	1	16	2	567.51425
16	2	1	16	2	565.24175
1	1	1	16	2	560.299
32	1	8	4	2	558.27325
1	4	1	4	2	558.24825
2	32	1	4	2	556.88325
16	4	1	4	2	553.178
1	2	1	32	2	549.395
2	16	1	16	2	549.186
32	1	8	8	2	543.95075
2	4	1	64	2	541.204
32	2	1	8	2	539.9825
1	1	1	32	2	536.5295
32	1	16	8	2	533.0855
1	2	1	64	2	532.257
64	1	16	4	2	530.273
16	2	16	8	2	526.4145
32	2	8	4	2	526.15375
32	2	16	4	2	525.07525
64	1	8	4	2	523.042
32	1	32	4	2	520.8695
16	2	16	4	2	520.27225
64	1	32	4	2	519.151
16	1	16	4	2	512.575
32	1	32	8	2	512.3525
16	2	8	4	2	511.26575
32	1	16	4	2	509.44775
16	2	8	8	2	509.1835
16	1	8	8	2	501.10075
4	2	1	64	2	500.434
1	32	1	4	2	499.54975
16	1	16	16	2	499.506
1	32	1	8	2	497.35075
32	1	1	32	2	493.2385
16	4	8	4	2	489.3255
8	2	8	16	2	488.377
64	1	16	8	2	488.128
16	1	16	8	2	486.79475
8	4	1	32	2	485.343
8	2	8	4	2	485.084
1	16	1	32	2	484.643
2	32	1	8	2	482.4335
8	16	1	4	2	481.754
8	1	1	8	2	480.74525
8	4	8	8	2	480.2605
1	1	1	64	2	478.63
8	4	8	4	2	478.03875
8	2	8	8	2	476.50475
32	2	8	8	2	476.097
16	4	1	32	2	476.083
16	1	8	4	2	476.057
16	1	1	8	2	474.904
16	1	8	16	2	474.1995
4	1	1	8	2	471.18825
16	4	1	16	2	468.87075
4	8	1	32	2	467.6755
8	2	1	4	2	467.49575
8	8	1	32	2	464.901
32	1	8	16	2	463.0855
64	1	8	8	2	459.587
4	32	1	4	2	458.7355
32	1	1	8	2	458.14
16	8	1	4	2	456.945
4	2	1	4	2	456.79725
32	2	16	8	2	455.053
8	8	1	16	2	453.83175
16	2	1	4	2	452.48075
8	16	1	16	2	450.4295
2	1	1	8	2	441.73975
8	1	8	8	2	441.0405
8	1	8	4	2	440.37875
4	16	1	16	2	439.60275
16	8	1	16	2	439.538
4	16	1	32	2	435.1575
32	4	8	4	2	433.457
32	1	32	2	2	430.9685
16	8	1	8	2	430.68375
32	4	1	16	2	430.271
2	2	1	4	2	430.12325
16	1	16	2	2	427.58875
16	2	8	16	2	427.5545
32	4	1	8	2	426.97475
64	2	16	4	2	425.31
32	2	1	4	2	425.12675
8	16	1	8	2	423.758
16	4	8	8	2	422.5115
1	16	1	2	2	422.45125
16	2	1	32	2	421.312
1	32	1	16	2	419.3035
8	1	8	16	2	418.946
8	1	8	32	2	415.2175
1	32	1	2	2	412.5735
32	4	1	4	2	411.85525
16	1	1	64	2	411.617
32	2	1	16	2	410.80925
2	16	1	32	2	407.5545
4	32	1	16	2	406.9025
64	2	8	4	2	406.85
8	4	8	2	2	406.557
32	2	1	32	2	404.8745
2	16	1	2	2	402.67975
16	2	8	2	2	401.155
16	1	4	8	2	399.9505
16	2	16	2	2	399.5915
1	1	1	8	2	397.021
8	4	8	16	2	396.2045
1	2	1	4	2	395.72525
4	32	1	8	2	395.29325
8	1	4	8	2	393.94325
32	2	16	2	2	388.19325
32	1	16	2	2	386.8885
8	32	1	8	2	386.049
8	2	8	2	2	384.82075
64	1	16	2	2	384.009
8	2	1	64	2	382.042
16	2	4	4	2	381.2155
8	1	4	16	2	379.2515
32	8	1	8	2	378.228
16	16	1	8	2	378.20125
1	8	1	2	2	375.37625
2	8	1	2	2	375.001
4	16	1	2	2	372.5665
32	1	4	4	2	371.7595
2	32	1	16	2	371.207
16	4	8	2	2	371.0445
4	8	1	2	2	369.90825
16	1	4	4	2	368.22
32	2	8	2	2	368.169
64	1	32	2	2	367.993
2	32	1	32	2	367.4545
16	1	32	8	2	366.3835
2	32	1	2	2	365.24925
8	1	4	4	2	364.63975
16	1	32	4	2	364.546
64	2	16	2	2	361.693
8	2	4	4	2	359.015
4	32	1	2	2	357.26875
8	8	1	2	2	356.71375
64	2	16	8	2	355.856
16	1	32	2	2	355.29975
64	2	8	8	2	354.151
32	1	8	2	2	352.35875
4	1	4	8	2	351.4435
4	1	4	16	2	347.263
32	4	8	8	2	347.1325
8	4	1	2	2	346.609
16	16	1	4	2	342.0245
4	4	1	2	2	341.74675
32	4	8	2	2	338.5645
8	2	4	8	2	335.998
4	2	4	8	2	335.966
8	32	1	4	2	335.951
8	1	2	8	2	335.4145
64	1	8	2	2	333.723
4	1	2	8	2	332.67125
8	16	1	2	2	330.08575
8	2	4	2	2	328.4775
16	2	4	2	2	328.2275
16	4	1	2	2	327.18725
8	1	8	2	2	326.30325
4	2	4	4	2	326.0825
16	1	8	2	2	325.61475
4	1	4	4	2	324.98425
32	8	1	4	2	320.12
2	4	1	2	2	317.62225
32	2	4	2	2	317.6045
4	1	2	16	2	316.025
8	1	16	2	2	316.02125
8	1	16	4	2	315.2275
16	4	4	2	2	315.1045
64	2	8	2	2	314.98
8	1	16	8	2	313.7835
4	2	4	16	2	311.5165
4	1	8	4	2	310.14925
8	4	4	2	2	305.2025
8	4	4	4	2	304.9445
16	1	2	4	2	304.238
1	32	1	32	2	303.0335
4	2	8	2	2	302.3285
2	1	2	8	2	300.5805
8	1	2	4	2	300.284
4	4	4	4	2	300.10725
4	2	4	2	2	298.05825
4	4	4	2	2	297.7365
4	1	8	2	2	296.51375
16	8	1	2	2	296.1275
2	1	4	4	2	295.4945
4	1	8	8	2	295.459
4	2	8	4	2	292.63975
8	32	1	2	2	292.48325
2	1	2	16	2	292.183
2	1	2	32	2	292.099
8	2	2	2	2	291.804
4	1	2	4	2	291.48475
1	1	2	8	2	291.43025
1	1	4	4	2	291.01825
4	2	2	8	2	290.8085
8	2	2	4	2	290.557
2	1	4	8	2	289.908
64	4	8	4	2	289.876
32	16	1	4	2	289.2055
1	1	2	32	2	287.917
64	4	8	2	2	287.689
1	4	1	2	2	287.66125
4	4	8	2	2	287.555
4	2	2	4	2	287.373
4	1	8	16	2	287.3075
4	4	8	8	2	286.298
4	4	8	4	2	285.961
16	16	1	2	2	285.41125
8	2	16	2	2	285.377
4	2	2	2	2	284.0195
16	32	1	4	2	283.4225
2	2	4	4	2	283.22175
1	1	2	16	2	283.12675
32	4	1	2	2	282.6325
8	2	16	8	2	281.8715
2	2	4	2	2	280.42175
1	2	2	8	2	279.865
8	2	16	4	2	279.7155
4	2	16	2	2	278.30025
4	1	16	4	2	277.261
4	1	16	2	2	276.958
4	2	8	8	2	276.3375
1	2	2	32	2	274.9445
2	2	2	8	2	274.26075
1	2	2	4	2	273.1885
4	2	16	16	2	273.1035
4	2	16	8	2	272.94
2	2	2	4	2	272.08575
2	1	2	4	2	271.873
4	2	16	4	2	271.819
4	2	8	16	2	271.476
4	1	16	16	2	271.0965
2	1	4	16	2	270.978
4	1	16	8	2	270.666
8	1	4	2	2	269.79125
16	2	2	2	2	269.054
2	1	4	32	2	268.75
1	4	8	2	2	268.71775
2	2	2	16	2	267.871
2	1	8	2	2	267.8035
1	2	4	2	2	266.915
2	2	2	2	2	266.727
2	2	8	2	2	265.07425
8	1	32	2	2	264.92575
16	1	4	2	2	264.40825
8	1	32	8	2	264.3685
1	4	8	8	2	264.199
1	4	8	4	2	263.37825
8	1	32	4	2	263.34475
1	4	8	16	2	263.323
1	2	2	16	2	263.0295
32	1	4	2	2	262.83575
2	2	8	4	2	258.698
16	1	1	4	2	257.861
8	1	1	4	2	257.20625
2	4	4	2	2	255.8875
2	2	4	8	2	254.02275
32	1	1	4	2	253.471
2	4	4	4	2	252.941
2	2	8	8	2	252.9175
2	1	8	4	2	252.889
32	4	1	32	2	252.6795
4	1	1	4	2	252.641
8	4	2	2	2	252.5765
4	4	2	2	2	252.1495
1	4	8	1	2	251.50475
16	8	1	32	2	250.8255
8	8	4	2	2	250.571
1	2	8	2	2	249.8235
2	2	4	16	2	249.7185
64	1	4	2	2	249.381
1	1	2	4	2	248.8265
1	4	2	4	2	248.72
1	2	8	16	2	248.4025
2	2	8	16	2	248.2995
2	4	8	8	2	247.4215
2	4	8	4	2	247.3075
4	1	16	1	2	245.91375
2	4	8	2	2	244.4455
1	2	8	4	2	244.16825
1	2	8	8	2	244.109
16	16	1	16	2	244.032
2	1	16	8	2	243.11125
1	1	4	8	2	242.944
1	1	8	2	2	242.64075
2	1	16	4	2	242.207
2	4	2	2	2	241.81225
1	16	1	1	2	241.705
2	4	4	1	2	240.6395
32	8	1	16	2	240.362
4	2	16	1	2	240.285
2	1	16	2	2	239.968
4	4	4	8	2	239.965
8	2	1	2	2	239.64225
2	1	1	4	2	239.5505
2	2	8	1	2	239.53475
2	4	4	8	2	239.167
16	2	1	2	2	239.1335
4	1	4	2	2	239.042
1	2	2	2	2	238.856
1	4	2	8	2	238.65775
4	2	8	1	2	238.39975
2	4	8	1	2	238.04475
1	2	8	32	2	237.981
4	4	4	1	2	237.91125
32	8	1	2	2	237.887
2	1	16	16	2	237.504
1	4	2	16	2	237.3815
16	32	1	2	2	236.876
8	2	4	1	2	236.70825
1	4	2	2	2	236.6505
2	2	16	2	2	235.80475
1	32	1	1	2	235.55
8	1	32	1	2	235.43675
1	2	8	1	2	235.34675
2	2	16	4	2	234.9715
8	2	8	1	2	234.9165
2	2	16	8	2	234.699
2	2	16	16	2	234.209
4	8	4	2	2	233.8525
16	1	16	1	2	233.507
2	16	1	1	2	233.0405
4	4	8	1	2	232.65175
16	2	16	1	2	232.421
4	2	1	2	2	232.3195
32	2	1	2	2	232.14775
32	16	1	2	2	231.994
8	32	1	16	2	231.903
4	4	2	4	2	230.84
2	4	2	8	2	230.5075
4	4	2	1	2	229.85625
1	2	4	4	2	229.51275
2	4	4	16	2	229.4125
2	1	8	32	2	229.3405
2	1	4	2	2	229.27375
4	8	4	4	2	228.7145
8	2	16	1	2	228.0675
8	1	16	1	2	227.97125
32	1	32	1	2	227.10875
1	1	4	2	2	226.80025
8	4	8	1	2	226.79325
2	1	8	8	2	226.6335
1	2	16	2	2	224.62275
2	4	2	1	2	224.532
1	1	8	4	2	223.75375
16	4	4	1	2	223.06475
1	1	1	4	2	221.57775
1	1	8	8	2	221.28
32	16	1	8	2	221.2475
1	2	16	4	2	221.084
1	2	16	16	2	220.9905
2	1	8	16	2	220.722
1	2	16	8	2	220.68975
4	1	32	4	2	220.518
16	2	4	1	2	219.9715
4	1	32	2	2	219.91425
4	1	32	8	2	219.8255
1	1	4	16	2	219.79
32	2	8	1	2	219.262
64	2	16	1	2	218.158
2	2	16	1	2	218.1565
2	4	2	4	2	217.636
8	8	4	1	2	217.545
2	2	1	2	2	217.242
16	1	32	1	2	216.8285
8	4	2	1	2	216.113
64	2	8	1	2	215.726
1	1	8	16	2	215.6095
1	4	4	1	2	214.876
32	4	8	1	2	214.87525
16	32	1	8	2	214.619
16	1	8	1	2	214.52375
32	32	1	2	2	214.061
4	8	4	1	2	214.0045
4	8	1	1	2	213.6655
8	1	8	1	2	212.96275
4	1	8	1	2	212.60625
1	1	8	32	2	212.176
32	4	4	1	2	211.927
4	1	32	1	2	211.49375
1	2	16	1	2	211.28575
4	2	4	1	2	210.09275
2	8	1	1	2	209.613
64	4	8	1	2	209.549
8	4	4	1	2	208.23675
8	16	1	1	2	207.9245
2	2	4	1	2	207.19075
1	8	1	1	2	206.9405
4	32	1	1	2	206.285
8	32	1	1	2	204.85775
1	1	16	32	2	204.8275
1	1	16	4	2	204.76425
1	1	4	32	2	204.7605
32	1	8	1	2	204.406
32	1	16	1	2	204.09275
32	2	16	1	2	203.90875
1	1	16	2	2	203.622
1	1	16	16	2	203.2565
16	1	2	2	2	203.20025
1	4	2	1	2	203.18825
1	1	16	8	2	203.1285
64	1	8	1	2	202.827
1	2	1	2	2	199.34625
32	1	2	2	2	199.344
1	8	2	4	2	198.50025
8	1	2	2	2	198.17025
2	1	16	1	2	197.96675
1	8	2	2	2	196.56575
4	8	2	1	2	196.01175
1	4	4	4	2	195.777
2	1	32	4	2	195.552
16	8	1	1	2	195.424
2	1	32	8	2	194.90625
2	1	32	16	2	194.778
4	1	2	2	2	194.32875
2	1	32	2	2	194.20375
16	2	8	1	2	194.059
2	1	8	1	2	193.331
1	8	2	8	2	193.2485
1	4	4	2	2	193.207
2	8	2	4	2	192.991
2	32	1	1	2	192.50425
16	4	8	1	2	192.2235
1	2	4	1	2	191.33075
64	1	32	1	2	191.19
2	8	2	1	2	190.8235
16	4	2	1	2	190.685
1	8	2	1	2	190.6615
8	8	1	1	2	189.192
32	1	4	1	2	188.669
8	2	2	1	2	188.32325
4	16	1	1	2	187.818
16	16	1	1	2	187.7455
1	1	32	4	2	187.30525
1	1	32	2	2	187.108
32	2	2	1	2	187.0205
1	1	32	16	2	186.8035
1	1	32	8	2	186.76725
16	1	4	1	2	186.33125
32	2	4	1	2	186.2235
32	8	1	1	2	185.818
16	8	4	1	2	185.628
2	1	32	1	2	185.52
1	1	32	32	2	185.1285
64	1	4	1	2	184.266
8	1	4	1	2	184.09175
1	4	4	16	2	183.836
2	8	4	1	2	183.317
2	8	4	2	2	183.04125
16	4	1	1	2	181.7565
8	4	1	1	2	181.53075
2	8	4	4	2	180.9635
2	8	4	8	2	180.687
16	2	2	1	2	180.218
32	32	1	4	2	179.2055
4	2	2	1	2	178.1325
16	32	1	1	2	178.04
1	1	32	1	2	177.82025
4	4	1	1	2	177.186
1	4	4	8	2	176.90525
1	1	8	1	2	176.356
2	1	2	2	2	176.17175
32	4	1	1	2	176.1325
2	8	2	2	2	175.95825
4	8	2	2	2	173.971
1	2	4	16	2	173.822
1	2	4	8	2	173.3435
8	8	2	1	2	172.6785
64	2	4	1	2	172.588
1	2	4	32	2	171.826
32	16	1	1	2	171.601
1	1	16	1	2	169.8915
4	1	4	1	2	169.316
1	16	2	4	2	167.644
1	16	2	2	2	167.07575
1	16	2	1	2	166.95825
2	2	2	1	2	165.343
2	4	1	1	2	163.77525
2	16	2	2	2	162.986
4	16	2	1	2	162.1785
2	16	2	1	2	161.8355
32	32	1	1	2	160.151
1	1	2	2	2	160.09925
64	1	16	1	2	155.254
2	1	4	1	2	152.7755
1	2	2	1	2	148.9645
1	4	1	1	2	145.25575
1	8	4	8	2	141.7465
1	8	4	4	2	139.53375
1	8	4	16	2	138.6145
1	1	4	1	2	136.2745
1	8	4	2	2	134.16525
1	8	4	1	2	132.3535
16	1	1	2	2	130.88325
32	1	1	2	2	130.273
8	1	1	2	2	129.788
4	1	1	2	2	126.893
16	2	1	1	2	122.60675
32	2	1	1	2	122.065
8	2	1	1	2	121.2475
2	1	1	2	2	120.19275
4	2	1	1	2	117.24175
32	1	2	1	2	113.314
32	32	1	8	2	113.269
16	1	2	1	2	112.3765
64	1	2	1	2	112.151
1	1	1	2	2	110.96475
8	1	2	1	2	109.59475
2	2	1	1	2	109.202
4	1	2	1	2	103.9155
1	2	1	1	2	100.81925
2	1	2	1	2	94.80665
1	1	2	1	2	86.514675
32	1	1	1	2	66.065075
16	1	1	1	2	65.932275
8	1	1	1	2	65.204425
4	1	1	1	2	63.539425
2	1	1	1	2	60.287125
1	1	1	1	2	55.67416667
