4	4	1	8	2	955.60075
8	1	1	32	2	959.297
8	4	1	8	2	992.77275
2	4	1	8	2	879.091
4	4	1	16	2	1837.925
1	4	1	8	2	817.55325
2	4	1	16	2	1648.71
4	8	1	8	2	1795.96
4	1	1	32	2	884.186
2	8	1	8	2	1636.8275
8	1	1	16	2	825.79875
8	2	1	8	2	825.757
2	8	1	16	2	3232.5625
4	1	1	16	2	779.1775
16	1	1	16	2	855.53375
4	2	1	8	2	773.39125
2	4	1	32	2	3150.855
16	2	1	8	2	837.176
1	4	1	16	2	1427.875
4	2	1	16	2	1492.8025
8	2	1	16	2	1596.6425
2	8	1	4	2	894.753
1	8	1	4	2	848.84
4	1	1	64	2	1751.01
2	1	1	32	2	722.7305
2	16	1	8	2	3126.795
1	8	1	16	2	2881.1775
1	8	1	8	2	1416.555
2	2	1	8	2	702.509
4	2	1	32	2	2985.445
2	1	1	16	2	689.36575
8	4	1	16	2	1635.185
16	1	1	32	2	844.3305
1	8	1	32	2	5651.63
4	4	1	32	2	3044.01
1	4	1	32	2	2749.36
4	8	1	4	2	944.46775
2	16	1	4	2	1575.96
4	4	1	4	2	727.004
2	2	1	16	2	1321.2675
2	2	1	32	2	2628.45
1	2	1	8	2	643.36
16	4	1	8	2	841.43325
2	4	1	4	2	661.21425
8	8	1	8	2	1566.37
2	1	1	64	2	1386.235
4	8	1	16	2	2963.6225
8	4	1	4	2	761.564
1	4	1	64	2	5739.005
4	16	1	4	2	1812.19
8	1	1	64	2	1618.97
2	8	1	32	2	5409.56
1	16	1	8	2	2532.7875
1	16	1	16	2	5062.2725
2	2	1	64	2	5336.39
4	16	1	8	2	2934.025
8	8	1	4	2	965.39275
8	2	1	32	2	2669.78
1	16	1	4	2	1226.11
1	2	1	16	2	1163.6025
32	1	1	16	2	722.503
16	2	1	16	2	1386.0825
1	1	1	16	2	582.33125
32	1	8	4	2	639.40325
1	4	1	4	2	588.02925
2	32	1	4	2	2755.7225
16	4	1	4	2	780.9105
1	2	1	32	2	2280.78
2	16	1	16	2	5053.46
32	1	8	8	2	1223.7775
2	4	1	64	2	5394.35
32	2	1	8	2	713.78025
1	1	1	32	2	571.22375
32	1	16	8	2	2335.995
1	2	1	64	2	4615.79
64	1	16	4	2	1324.28
16	2	16	8	2	4573.35
32	2	8	4	2	1333.0075
32	2	16	4	2	2498.86
64	1	8	4	2	667.496
32	1	32	4	2	2235.415
16	2	16	4	2	2290.095
64	1	32	4	2	2486.61
16	1	16	4	2	1082.9325
32	1	32	8	2	4463
16	2	8	4	2	1130.2875
32	1	16	4	2	1125.22
16	2	8	8	2	2229.275
16	1	8	8	2	1066.2925
4	2	1	64	2	4925.55
1	32	1	4	2	2182.665
16	1	16	16	2	4227.75
1	32	1	8	2	4354.06
32	1	1	32	2	660.061
16	4	8	4	2	2317.9775
8	2	8	16	2	4069.84
64	1	16	8	2	2313.56
16	1	16	8	2	2054.0525
8	4	1	32	2	2415.28
8	2	8	4	2	1019.8315
1	16	1	32	2	8500.53
2	32	1	8	2	4590.055
8	16	1	4	2	1563.335
8	1	1	8	2	501.569
8	4	8	8	2	4180.885
1	1	1	64	2	1052.255
8	4	8	4	2	2093.21
8	2	8	8	2	2019.4525
32	2	8	8	2	2243.825
16	4	1	32	2	2490.935
16	1	8	4	2	507.96925
16	1	1	8	2	508.59025
16	1	8	16	2	2038.26
4	1	1	8	2	483.773
16	4	1	16	2	1249.2175
4	8	1	32	2	4502.21
8	2	1	4	2	492.12175
8	8	1	32	2	4693.755
32	1	8	16	2	2053.21
64	1	8	8	2	1108.09
4	32	1	4	2	2807.56
32	1	1	8	2	513.8995
16	8	1	4	2	815.1065
4	2	1	4	2	472.209
32	2	16	8	2	4170.355
8	8	1	16	2	2356.49
16	2	1	4	2	501.061
8	16	1	16	2	4673.68
2	1	1	8	2	450.6715
8	1	8	8	2	908.885
8	1	8	4	2	454.26625
4	16	1	16	2	4396.765
16	8	1	16	2	2412.25
4	16	1	32	2	8804.985
32	4	8	4	2	2319.49
32	1	32	2	2	1114.15
16	8	1	8	2	1212.85
32	4	1	16	2	1266.95
2	2	1	4	2	441.185
16	1	16	2	2	543.328
16	2	8	16	2	3758.76
32	4	1	8	2	644.0815
64	2	16	4	2	2348.73
32	2	1	4	2	506.70375
8	16	1	8	2	2338.835
16	4	8	8	2	3863.4
1	16	1	2	2	731.69325
16	2	1	32	2	2037.28
1	32	1	16	2	7290.875
8	1	8	16	2	1729.905
8	1	8	32	2	3507.835
1	32	1	2	2	1089.73
32	4	1	4	2	660.25325
16	1	1	64	2	1304.37
32	2	1	16	2	1061.1175
2	16	1	32	2	7688.375
4	32	1	16	2	8442.785
64	2	8	4	2	1163.67
8	4	8	2	2	1048.065
32	2	1	32	2	2089.725
2	16	1	2	2	850.4485
16	2	8	2	2	602.837
16	1	4	8	2	422.654
16	2	16	2	2	1153.7475
1	1	1	8	2	407.787
8	4	8	16	2	6969.84
1	2	1	4	2	407.2145
4	32	1	8	2	4196.205
8	1	4	8	2	409.50975
32	2	16	2	2	1254.55
32	1	16	2	2	631.22725
8	32	1	8	2	4551.905
8	2	8	2	2	549.57675
64	1	16	2	2	709.308
8	2	1	64	2	4065.03
16	2	4	4	2	412.04
8	1	4	16	2	786.784
32	8	1	8	2	1224.98
16	16	1	8	2	2401.4
1	8	1	2	2	426.7185
2	8	1	2	2	448.5025
4	16	1	2	2	925.631
32	1	4	4	2	405.27
2	32	1	16	2	6875.68
16	4	8	2	2	1159.515
4	8	1	2	2	472.9425
16	1	4	4	2	386.303
32	2	8	2	2	730.7445
64	1	32	2	2	1248.84
2	32	1	32	2	13810.3
16	1	32	8	2	3032.995
2	32	1	2	2	1369.0725
8	1	4	4	2	378.56925
16	1	32	4	2	1515.755
64	2	16	2	2	1416.31
8	2	4	4	2	375.6455
4	32	1	2	2	1693.2375
8	8	1	2	2	484.77
64	2	16	8	2	3540.41
16	1	32	2	2	759.0555
64	2	8	8	2	1800.71
32	1	8	2	2	392.71475
4	1	4	8	2	358.07775
4	1	4	16	2	709.2205
32	4	8	8	2	3478.38
8	4	1	2	2	381.256
16	16	1	4	2	1194.7475
4	4	1	2	2	363.943
32	4	8	2	2	1399.6975
8	2	4	8	2	698.7805
4	2	4	8	2	685.136
8	32	1	4	2	2262.99
8	1	2	8	2	351.989
64	1	8	2	2	401.241
4	1	2	8	2	343.7965
8	16	1	2	2	955.21625
8	2	4	2	2	343.82725
16	2	4	2	2	359.35525
16	4	1	2	2	389.8165
8	1	8	2	2	346.54075
4	2	4	4	2	333.26875
16	1	8	2	2	357.7225
4	1	4	4	2	333.91675
32	8	1	4	2	615.02175
2	4	1	2	2	331.97575
32	2	4	2	2	360.565
4	1	2	16	2	644.1165
8	1	16	2	2	334.842
8	1	16	4	2	644.2475
16	4	4	2	2	388.615
64	2	8	2	2	732.328
8	1	16	8	2	1282.54
4	2	4	16	2	1282.3
4	1	8	4	2	315.52375
8	4	4	2	2	326.60475
8	4	4	4	2	643.5915
16	1	2	4	2	322.2925
1	32	1	32	2	10854.85
4	2	8	2	2	314.21675
2	1	2	8	2	309.57175
8	1	2	4	2	315.82325
4	4	4	4	2	621.084
4	2	4	2	2	310.57775
4	4	4	2	2	310.4455
4	1	8	2	2	311.158
16	8	1	2	2	491.796
2	1	4	4	2	306.8505
4	1	8	8	2	598.30675
4	2	8	4	2	596.495
8	32	1	2	2	1525.2175
2	1	2	16	2	590.901
2	1	2	32	2	1194.64
8	2	2	2	2	301.7645
4	1	2	4	2	301.79325
1	1	2	8	2	300.72275
1	1	4	4	2	302.25675
4	2	2	8	2	302.036
8	2	2	4	2	309.4315
2	1	4	8	2	293.80775
64	4	8	4	2	1824.2
32	16	1	4	2	1220.8475
1	1	2	32	2	1167.205
64	4	8	2	2	1213.15
1	4	1	2	2	294.2585
4	4	8	2	2	592.51275
4	2	2	4	2	303.682
4	1	8	16	2	1165.15
4	4	8	8	2	2361.575
4	4	8	4	2	1178.815
16	16	1	2	2	803.0315
8	2	16	2	2	593.1685
4	2	2	2	2	291.81775
16	32	1	4	2	2337.8875
2	2	4	4	2	287.73975
1	1	2	16	2	570.34525
32	4	1	2	2	394.82925
8	2	16	8	2	2319.855
2	2	4	2	2	288.4535
1	2	2	8	2	289.1935
8	2	16	4	2	1151.94
4	2	16	2	2	570.436
4	1	16	4	2	561.46225
4	1	16	2	2	286.4325
4	2	8	8	2	1124.695
1	2	2	32	2	1118.16
2	2	2	8	2	286.03825
1	2	2	4	2	285.66
4	2	16	16	2	4495.005
4	2	16	8	2	2230.235
2	2	2	4	2	285.936
2	1	2	4	2	284.1645
4	2	16	4	2	1112.4375
4	2	8	16	2	2216.81
4	1	16	16	2	2208.935
2	1	4	16	2	547.4145
4	1	16	8	2	1097.4
8	1	4	2	2	277.46425
16	2	2	2	2	302.1885
2	1	4	32	2	1094.865
1	4	8	2	2	550.84625
2	2	2	16	2	541.6555
2	1	8	2	2	277.41625
1	2	4	2	2	278.22075
2	2	2	2	2	273.3905
2	2	8	2	2	274.2725
8	1	32	2	2	542.66275
16	1	4	2	2	272.95375
8	1	32	8	2	2159.23
1	4	8	8	2	2166.7875
1	4	8	4	2	1078.8525
8	1	32	4	2	1079.5975
1	4	8	16	2	4329.245
1	2	2	16	2	530.426
32	1	4	2	2	275.878
2	2	8	4	2	523.724
16	1	1	4	2	265.73875
8	1	1	4	2	261.93875
2	4	4	2	2	262.00425
2	2	4	8	2	513.7695
32	1	1	4	2	267.51375
2	4	4	4	2	513.4435
2	2	8	8	2	1023.27775
2	1	8	4	2	257.214
32	4	1	32	2	1267.975
4	1	1	4	2	255.4065
8	4	2	2	2	272.0055
4	4	2	2	2	264.38825
1	4	8	1	2	287.24875
16	8	1	32	2	2405.285
8	8	4	2	2	542.687
1	2	8	2	2	260.62775
2	2	4	16	2	1010.9375
64	1	4	2	2	272.747
1	1	2	4	2	258.60875
1	4	2	4	2	252.88825
1	2	8	16	2	2016.055
2	2	8	16	2	2016.015
2	4	8	8	2	2016.665
2	4	8	4	2	1009.81
4	1	16	1	2	273.78725
2	4	8	2	2	499.33625
1	2	8	4	2	494.64875
1	2	8	8	2	989.14175
16	16	1	16	2	2402.685
2	1	16	8	2	985.7915
1	1	4	8	2	247.06325
1	1	8	2	2	258.652
2	1	16	4	2	490.441
2	4	2	2	2	249.615
1	16	1	1	2	375.013
2	4	4	1	2	267.757
32	8	1	16	2	1222.33
4	2	16	1	2	285.4755
2	1	16	2	2	249.54325
4	4	4	8	2	983.0165
8	2	1	2	2	245.91375
2	1	1	4	2	242.99225
2	2	8	1	2	259.4815
2	4	4	8	2	969.7585
16	2	1	2	2	250.7965
4	1	4	2	2	244.87675
1	2	2	2	2	247.79725
1	4	2	8	2	482.03625
4	2	8	1	2	284.74775
2	4	8	1	2	258.0405
1	2	8	32	2	3884.59
4	4	4	1	2	286.63
32	8	1	2	2	412.20425
2	1	16	16	2	1928.265
1	4	2	16	2	959.7665
16	32	1	2	2	1172.465
8	2	4	1	2	261.56375
1	4	2	2	2	240.82225
2	2	16	2	2	482.60775
1	32	1	1	2	544.9945
8	1	32	1	2	267.39025
1	2	8	1	2	259.89475
2	2	16	4	2	961.3825
8	2	8	1	2	358.66875
2	2	16	8	2	1921.8875
2	2	16	16	2	3842.205
4	8	4	2	2	488.65175
16	1	16	1	2	379.7835
2	16	1	1	2	426.90375
4	4	8	1	2	296.46125
16	2	16	1	2	578.46175
4	2	1	2	2	236.4855
32	2	1	2	2	253.73475
32	16	1	2	2	607.2125
8	32	1	16	2	4557.42
4	4	2	4	2	237.2005
2	4	2	8	2	468.517
4	4	2	1	2	251.47875
1	2	4	4	2	232.40025
2	4	4	16	2	1870.265
2	1	8	32	2	1857.96
2	1	4	2	2	235.497
4	8	4	4	2	953.874
8	2	16	1	2	301.50725
8	1	16	1	2	295.2765
32	1	32	1	2	564.56725
1	1	4	2	2	236.1965
8	4	8	1	2	525.53325
2	1	8	8	2	456.48725
1	2	16	2	2	463.7235
2	4	2	1	2	235.2165
1	1	8	4	2	228.1205
16	4	4	1	2	318.284
1	1	1	4	2	225.7325
1	1	8	8	2	445.5755
32	16	1	8	2	1218.37
1	2	16	4	2	912.97625
1	2	16	16	2	3655.53
2	1	8	16	2	889.7505
1	2	16	8	2	1826.43
4	1	32	4	2	900.66675
16	2	4	1	2	265.7075
4	1	32	2	2	449.13625
4	1	32	8	2	1798.93
1	1	4	16	2	442.31925
32	2	8	1	2	403.839
64	2	16	1	2	708.808
2	2	16	1	2	237.34075
2	4	2	4	2	220.36125
8	8	4	1	2	272.51975
2	2	1	2	2	220.8765
16	1	32	1	2	379.44525
8	4	2	1	2	256.45625
64	2	8	1	2	420.457
1	1	8	16	2	869.4665
1	4	4	1	2	227.03875
32	4	8	1	2	696.60925
16	32	1	8	2	2329.91
16	1	8	1	2	232.79125
32	32	1	2	2	1184.75
4	8	4	1	2	244.78225
4	8	1	1	2	236.26075
8	1	8	1	2	224.3065
4	1	8	1	2	230.15575
1	1	8	32	2	1717.855
32	4	4	1	2	325.8735
4	1	32	1	2	228.36325
1	2	16	1	2	230.26325
4	2	4	1	2	233.9545
2	8	1	1	2	224.1395
64	4	8	1	2	731.286
8	4	4	1	2	302.7325
8	16	1	1	2	478.3505
2	2	4	1	2	219.4505
1	8	1	1	2	213.1495
4	32	1	1	2	841.85275
8	32	1	1	2	921.53
1	1	16	32	2	3345.355
1	1	16	4	2	416.32775
1	1	4	32	2	828.9465
32	1	8	1	2	224.9205
32	1	16	1	2	403.39475
32	2	16	1	2	624.2485
1	1	16	2	2	213.493
1	1	16	16	2	1658.36
16	1	2	2	2	207.58225
1	4	2	1	2	210.94625
1	1	16	8	2	826.71225
64	1	8	1	2	227.961
1	2	1	2	2	203.65425
32	1	2	2	2	206.873
1	8	2	4	2	402.5135
8	1	2	2	2	200.80125
2	1	16	1	2	212.6585
1	8	2	2	2	199.7975
4	8	2	1	2	209.015
1	4	4	4	2	395.47925
2	1	32	4	2	806.49275
16	8	1	1	2	244.97075
2	1	32	8	2	1614.0575
2	1	32	16	2	3229.69
4	1	2	2	2	196.97075
2	1	32	2	2	399.533
16	2	8	1	2	385.1195
2	1	8	1	2	202.85675
1	8	2	8	2	781.237
1	4	4	2	2	196.44875
2	8	2	4	2	393.335
2	32	1	1	2	689.97425
16	4	8	1	2	580.471
1	2	4	1	2	200.584
64	1	32	1	2	619.826
2	8	2	1	2	197.59275
16	4	2	1	2	259.301
1	8	2	1	2	195.23275
8	8	1	1	2	241.83325
32	1	4	1	2	200.0945
8	2	2	1	2	193.9535
4	16	1	1	2	463.127
16	16	1	1	2	487.504
1	1	32	4	2	790.46
1	1	32	2	2	394.3465
32	2	2	1	2	202.5165
1	1	32	16	2	3160.71
1	1	32	8	2	1578.85
16	1	4	1	2	196.55025
32	2	4	1	2	267.5255
32	8	1	1	2	247.085
16	8	4	1	2	311.0925
2	1	32	1	2	201.74825
1	1	32	32	2	6318.23
64	1	4	1	2	202.286
8	1	4	1	2	188.7275
1	4	4	16	2	1486.1
2	8	4	1	2	190.09325
2	8	4	2	2	373.5335
16	4	1	1	2	195.4885
8	4	1	1	2	190.86775
2	8	4	4	2	738.16725
2	8	4	8	2	1474.23
16	2	2	1	2	199.20825
32	32	1	4	2	1187
4	2	2	1	2	184.65525
16	32	1	1	2	780.61475
1	1	32	1	2	200.25825
4	4	1	1	2	182.3905
1	4	4	8	2	714.362
1	1	8	1	2	187.2035
2	1	2	2	2	179.5565
32	4	1	1	2	197.6325
2	8	2	2	2	179.1375
4	8	2	2	2	179.75
1	2	4	16	2	700.07575
1	2	4	8	2	348.82575
8	8	2	1	2	212.756
64	2	4	1	2	268.864
1	2	4	32	2	1388.06
32	16	1	1	2	410.05925
1	1	16	1	2	181.5975
4	1	4	1	2	175.259
1	16	2	4	2	681.216
1	16	2	2	2	340.527
1	16	2	1	2	170.79125
2	2	2	1	2	168.99475
2	4	1	1	2	166.26525
2	16	2	2	2	335.9785
4	16	2	1	2	171.4825
2	16	2	1	2	167.70025
32	32	1	1	2	591.4795
1	1	2	2	2	164.26175
64	1	16	1	2	406.275
2	1	4	1	2	157.85275
1	2	2	1	2	152.72
1	4	1	1	2	147.081
1	8	4	8	2	1147.48
1	8	4	4	2	564.9765
1	8	4	16	2	2251.745
1	1	4	1	2	141.73
1	8	4	2	2	271.4895
1	8	4	1	2	134.18675
16	1	1	2	2	132.7445
32	1	1	2	2	133.641
8	1	1	2	2	131.00725
4	1	1	2	2	127.6735
16	2	1	1	2	125.49125
32	2	1	1	2	126.823
8	2	1	1	2	122.807
2	1	1	2	2	121.516
4	2	1	1	2	118.293
32	1	2	1	2	115.6295
32	32	1	8	2	1183.08
16	1	2	1	2	113.79475
64	1	2	1	2	116.441
1	1	1	2	2	112.7275
8	1	2	1	2	110.539
2	2	1	1	2	110.5405
4	1	2	1	2	105.039
1	2	1	1	2	101.99225
2	1	2	1	2	96.242625
1	1	2	1	2	88.730475
32	1	1	1	2	66.8631
16	1	1	1	2	66.40685
8	1	1	1	2	65.520575
4	1	1	1	2	63.8435
2	1	1	1	2	60.73245
1	1	1	1	2	56.33683333
