1	2	1	8	2	627.6963333
2	1	2	8	2	605.778
1	4	1	8	2	601.357
1	1	1	16	2	600.198
1	2	1	16	2	592.7786667
4	1	4	8	2	590.626
2	2	1	8	2	585.4286667
2	2	2	8	2	574.8883333
2	1	4	8	2	573.017
8	1	4	8	2	572.8196667
4	1	2	8	2	571.7303333
8	1	8	8	2	570.5233333
4	2	4	8	2	570.0716667
4	2	2	8	2	569.7006667
1	16	1	8	2	568.982
1	1	1	32	2	568.1796667
2	4	2	8	2	568.1593333
1	8	1	8	2	568.0803333
2	4	1	8	2	566.5986667
4	2	1	8	2	566.2356667
8	1	2	8	2	557.7296667
1	4	1	16	2	556.7636667
1	1	4	8	2	550.4453333
2	8	2	8	2	549.3116667
8	2	8	8	2	545.727
4	4	4	8	2	545.3203333
4	4	2	8	2	544.9923333
16	1	2	8	2	539.2276667
1	1	4	16	2	539.1933333
8	2	2	8	2	537.8313333
2	1	4	16	2	536.5566667
8	2	4	8	2	535.4856667
16	1	8	8	2	534.083
4	4	1	8	2	533.1886667
8	4	1	8	2	533.1363333
16	1	4	8	2	532.6853333
2	1	1	16	2	532.1993333
8	2	1	8	2	531.6283333
1	2	1	32	2	531.4916667
2	8	1	8	2	530.953
2	2	4	8	2	530.1
8	1	4	16	2	521.89
4	8	2	8	2	521.6586667
4	1	2	16	2	521.46
4	8	4	8	2	520.616
4	1	4	16	2	520.5263333
2	4	2	16	2	519.3136667
4	2	2	16	2	519.1973333
1	2	4	8	2	518.6003333
4	1	1	16	2	515.2296667
1	32	1	8	2	514.7226667
16	2	1	8	2	514.036
4	2	4	16	2	513.6546667
2	2	1	16	2	512.7173333
8	4	4	8	2	511.4836667
8	1	2	16	2	510.5876667
16	2	2	8	2	508.393
2	1	2	16	2	508.207
8	4	2	8	2	508.1616667
4	2	1	16	2	506.308
4	8	1	8	2	504.135
1	2	4	16	2	503.557
1	1	4	32	2	501.9513333
16	2	4	8	2	501.8953333
2	2	2	16	2	500.552
8	4	8	8	2	500.107
1	2	2	8	2	499.6783333
1	1	2	8	2	497.998
1	2	2	16	2	497.5313333
8	2	8	16	2	497.472
8	1	1	16	2	497.0796667
8	1	8	16	2	495.0493333
8	4	2	16	2	493.836
2	16	2	8	2	493.4083333
16	2	8	8	2	492.1513333
8	2	1	16	2	492.0293333
4	4	4	16	2	491.4716667
1	1	2	16	2	490.903
8	2	2	16	2	490.7806667
2	8	2	16	2	489.847
1	2	4	4	2	489.6073333
8	2	4	16	2	489.1976667
4	4	1	16	2	488.7293333
4	4	2	16	2	488.271
1	4	4	8	2	487.4043333
2	16	1	8	2	487.3703333
2	4	1	16	2	485.268
16	4	1	8	2	484.6896667
1	16	1	16	2	482.3653333
8	4	4	16	2	481.7793333
16	1	16	8	2	480.757
1	1	2	32	2	480.4343333
4	16	1	8	2	477.258
16	1	1	16	2	476.3766667
8	8	1	8	2	472.544
1	8	1	16	2	472.5006667
8	4	1	16	2	472.329
2	8	1	16	2	472.092
2	2	4	16	2	472.0713333
2	1	2	32	2	471.0933333
32	1	4	16	2	470.6546667
16	1	2	16	2	468.6416667
16	1	8	16	2	468.5226667
1	4	1	32	2	467.7636667
32	1	1	16	2	467.4086667
4	8	1	16	2	467.2113333
32	1	8	8	2	466.52
4	8	4	16	2	465.1826667
4	16	1	16	2	465.0443333
2	1	8	8	2	465.0056667
2	1	1	32	2	463.7646667
8	1	8	4	2	463.3196667
2	4	4	8	2	463.0156667
2	2	4	4	2	462.9716667
16	2	2	16	2	462.6173333
1	4	4	4	2	462.574
32	1	4	8	2	462.1056667
1	8	4	8	2	460.9793333
2	16	1	16	2	457.7363333
16	1	4	16	2	457.732
2	2	1	32	2	457.7186667
1	4	2	8	2	456.9103333
2	32	1	8	2	455.8016667
1	4	1	4	2	455.659
2	1	4	32	2	455.4236667
2	1	8	4	2	454.911
2	2	2	4	2	454.1246667
1	1	1	8	2	453.893
32	1	8	16	2	453.6426667
1	8	1	4	2	452.5456667
8	4	8	16	2	452.323
4	8	2	16	2	451.5293333
16	2	4	16	2	451.2143333
16	4	2	8	2	451.2036667
8	8	1	16	2	450.4
8	8	2	8	2	449.7033333
2	2	2	32	2	448.917
1	2	4	32	2	448.1603333
1	8	4	4	2	447.9633333
2	16	2	16	2	447.9623333
2	1	8	16	2	447.7683333
32	1	2	16	2	447.7116667
1	2	2	32	2	446.61
2	32	1	16	2	446.206
4	1	8	8	2	445.761
2	4	4	4	2	444.8226667
2	1	1	8	2	443.8323333
4	2	4	4	2	442.0483333
2	8	2	4	2	441.6036667
4	1	1	8	2	439.5116667
2	4	1	4	2	438.585
4	1	8	4	2	438.5776667
8	2	4	4	2	435.8313333
16	2	1	16	2	435.645
4	1	1	32	2	434.9626667
4	4	4	4	2	434.7253333
1	8	4	16	2	434.4276667
4	1	2	32	2	434.0006667
2	2	4	32	2	433.479
8	8	4	8	2	432.1623333
1	32	1	16	2	431.9103333
4	1	4	32	2	431.727
4	4	2	4	2	431.4033333
2	8	4	8	2	430.502
1	4	4	16	2	430.2196667
4	16	2	8	2	430.127
2	4	4	16	2	429.665
4	8	1	32	2	428.8823333
1	1	8	8	2	428.6043333
16	4	4	8	2	428.369
32	2	2	8	2	427.7853333
4	1	8	16	2	427.224
2	4	2	4	2	427.1906667
8	1	1	8	2	427.0903333
2	4	2	32	2	427.0203333
8	2	8	4	2	426.9223333
16	2	16	8	2	426.375
2	8	1	4	2	426.0453333
1	1	8	16	2	425.7263333
4	2	2	32	2	425.5136667
1	4	2	16	2	425.4203333
4	2	1	32	2	425.1573333
4	2	2	4	2	423.747
8	1	4	4	2	423.6986667
16	4	1	16	2	422.8296667
2	4	8	8	2	422.0086667
2	8	4	4	2	421.8603333
2	4	1	32	2	421.7783333
16	1	16	4	2	421.1106667
8	4	1	32	2	420.9606667
2	2	8	8	2	420.606
4	4	1	4	2	420.465
2	16	1	32	2	420.3333333
32	1	16	8	2	420.0356667
32	1	2	8	2	419.4583333
1	32	1	4	2	419.0933333
16	1	16	16	2	418.9506667
1	16	1	4	2	418.5373333
1	4	2	4	2	418.4723333
8	2	2	4	2	417.3016667
2	2	1	4	2	415.719
1	2	2	4	2	415.0686667
4	2	4	32	2	414.3323333
8	1	2	32	2	414.14
1	2	1	4	2	414.0143333
32	2	1	8	2	413.2643333
1	8	1	32	2	412.6933333
16	1	4	4	2	412.551
8	4	2	4	2	412.3686667
1	1	8	32	2	411.9683333
2	1	4	4	2	411.7493333
1	1	8	4	2	411.415
2	4	8	16	2	411.3506667
1	4	2	32	2	410.0996667
2	16	1	4	2	409.3693333
2	1	8	32	2	409.332
8	4	8	4	2	408.7646667
16	2	8	16	2	408.717
8	1	8	32	2	408.5966667
1	4	4	32	2	408.5213333
16	2	16	4	2	408.369
8	1	1	32	2	408.1296667
1	1	4	4	2	408.0413333
4	1	4	4	2	407.9913333
8	1	4	32	2	406.4593333
8	4	4	4	2	406.082
4	8	2	32	2	406.04
1	32	1	32	2	405.3683333
4	8	2	4	2	404.4973333
16	1	8	4	2	403.1
2	2	8	16	2	402.6096667
4	1	8	32	2	402.4903333
8	2	1	4	2	401.0476667
16	1	1	32	2	400.5993333
16	1	1	8	2	400.0593333
1	2	8	4	2	400.0066667
1	2	8	8	2	398.933
2	4	8	4	2	398.586
32	2	8	8	2	398.3763333
2	2	8	4	2	398.3513333
2	16	2	4	2	398.114
16	2	8	4	2	398.046
8	2	8	32	2	397.1253333
8	8	2	16	2	397.0783333
1	4	8	4	2	396.5256667
16	4	8	8	2	395.5766667
16	4	2	16	2	395.0773333
16	2	1	32	2	394.8083333
2	2	8	32	2	394.6716667
8	4	4	32	2	394.418
16	1	4	32	2	394.4056667
1	2	8	16	2	393.2383333
16	2	16	16	2	392.2576667
8	4	2	32	2	391.7456667
8	2	4	32	2	391.2783333
1	4	8	8	2	391.186
16	2	4	4	2	390.9626667
2	16	2	32	2	390.139
4	2	8	4	2	390.1263333
8	2	2	32	2	389.487
16	1	2	32	2	389.2756667
8	2	1	32	2	388.324
8	4	1	4	2	388.2363333
8	8	4	16	2	386.295
4	2	8	8	2	385.7573333
32	1	16	16	2	385.4726667
4	8	4	32	2	385.4226667
4	4	1	32	2	382.0946667
2	8	1	32	2	381.6466667
4	16	2	16	2	381.415
4	2	8	16	2	378.4116667
32	2	4	8	2	376.3043333
16	2	2	32	2	375.1306667
4	1	16	4	2	374.5893333
4	4	2	32	2	373.788
16	4	4	16	2	372.4723333
4	4	8	8	2	371.3783333
4	4	4	32	2	369.6226667
8	4	8	32	2	369.5636667
4	1	16	8	2	368.5576667
8	1	16	4	2	367.3466667
4	8	1	4	2	366.4356667
2	1	2	4	2	365.701
4	2	1	4	2	365.2953333
16	2	1	4	2	365.221
16	1	8	32	2	363.741
16	1	16	32	2	363.4143333
8	1	16	8	2	363.1233333
1	2	8	32	2	362.687
1	4	8	16	2	362.521
1	8	2	8	2	362.2036667
32	1	4	4	2	361.393
4	1	16	16	2	360.8016667
2	32	1	4	2	360.7316667
1	8	2	16	2	360.639
2	1	16	4	2	359.6726667
8	8	2	4	2	358.619
4	1	2	4	2	358.5686667
4	4	8	16	2	358.15
2	1	16	8	2	357.1066667
8	2	16	4	2	356.325
4	8	4	4	2	355.7263333
32	1	1	32	2	355.6946667
8	1	16	16	2	355.3136667
2	1	16	16	2	354.717
16	4	8	4	2	354.6553333
1	8	2	4	2	354.3053333
8	8	1	4	2	354.102
1	4	8	32	2	354.0776667
2	8	2	32	2	353.0983333
4	4	8	4	2	352.7093333
8	2	16	8	2	352.6346667
32	2	16	8	2	351.4736667
8	8	4	4	2	351.1256667
4	32	1	8	2	350.6616667
8	1	2	4	2	350.597
16	4	4	4	2	349.4183333
32	1	16	4	2	349.382
8	16	1	8	2	348.6716667
4	2	16	8	2	347.6636667
16	2	2	4	2	347.3513333
32	2	2	16	2	347.2966667
1	16	1	32	2	346.747
4	2	16	4	2	346.7403333
32	1	8	4	2	345.9073333
32	1	1	8	2	344.688
32	2	4	16	2	343.475
16	4	2	4	2	343.0943333
16	4	8	16	2	342.272
2	2	16	4	2	341.126
16	8	1	8	2	341.0683333
4	2	16	16	2	340.4103333
4	1	16	32	2	339.029
32	2	1	16	2	336.2136667
2	2	16	8	2	334.984
2	1	16	32	2	334.074
32	1	2	32	2	333.0266667
16	2	4	32	2	332.2203333
2	2	16	16	2	332.134
16	1	2	4	2	330.5633333
16	4	1	4	2	326.9276667
32	2	16	4	2	325.8996667
32	1	32	8	2	323.5986667
1	1	16	8	2	323.1813333
32	1	32	4	2	321.392
1	1	2	4	2	320.3223333
32	2	8	16	2	319.4216667
1	1	16	16	2	319.364
32	2	8	4	2	319.281
1	1	16	4	2	317.1643333
32	2	2	4	2	311.756
1	2	16	4	2	311.06
32	4	1	8	2	309.072
1	2	16	8	2	308.9543333
8	16	2	8	2	306.9383333
16	8	2	8	2	306.245
1	2	16	16	2	306.079
4	16	1	4	2	305.983
32	1	32	16	2	305.7086667
2	2	16	32	2	304.0193333
16	1	32	4	2	301.514
32	1	2	4	2	300.4376667
16	1	32	8	2	299.0943333
4	16	1	32	2	298.711
16	8	4	8	2	298.3263333
1	1	16	32	2	295.1346667
1	2	16	32	2	294.2916667
4	32	1	4	2	292.27
4	32	1	16	2	291.3383333
32	2	4	4	2	290.6683333
32	2	1	4	2	287.384
8	8	1	32	2	284.7003333
1	2	4	2	2	283.788
1	2	8	2	2	282.6263333
32	4	4	8	2	282.3313333
32	4	8	8	2	281.055
8	16	1	16	2	280.463
2	32	1	32	2	279.9706667
1	2	16	2	2	278.6213333
32	4	2	8	2	277.4616667
16	8	4	4	2	276.763
8	16	1	4	2	276.7383333
2	1	8	2	2	276.2093333
1	1	8	2	2	275.7916667
8	16	2	4	2	275.509
1	2	2	2	2	272.619
4	1	32	4	2	272.424
16	8	1	4	2	272.0796667
1	4	1	2	2	271.311
16	8	2	4	2	270.7013333
2	1	16	2	2	269.523
4	1	32	8	2	268.364
1	1	16	2	2	268.2526667
4	1	32	16	2	266.1756667
32	4	1	16	2	265.175
4	16	2	4	2	264.4558
8	1	32	4	2	263.7416667
16	4	1	32	2	262.0636667
8	1	32	8	2	262.0256667
1	4	2	2	2	261.3306667
1	4	4	2	2	260.3193333
2	2	4	2	2	258.8583333
16	8	1	16	2	258.5826667
8	1	32	16	2	258.4206667
1	4	8	2	2	257.745
2	2	2	2	2	256.5616667
1	16	2	4	2	256.244
2	2	8	2	2	255.547
4	1	16	2	2	255.1756667
1	16	2	8	2	253.6463333
2	2	16	2	2	253.0796667
32	4	2	4	2	250.7583333
4	1	32	2	2	250.3713333
1	8	4	2	2	249.516
1	8	1	2	2	249.3543333
32	4	8	4	2	248.568
1	8	2	2	2	246.642
8	1	32	2	2	245.99
2	4	4	2	2	245.3473333
4	1	8	2	2	244.978
8	1	8	2	2	243.5863333
2	1	32	4	2	243.028
2	8	1	2	2	242.274
1	1	4	2	2	242.004
2	1	32	8	2	241.3806667
8	1	16	2	2	241.0536667
2	8	4	2	2	240.9973333
4	1	4	2	2	240.92
2	4	1	2	2	240.893
4	2	16	2	2	240.5513333
2	1	32	2	2	240.5133333
2	4	8	2	2	240.4673333
2	1	4	2	2	240.428
4	2	2	2	2	240.0743333
2	1	32	16	2	239.952
8	2	4	2	2	239.2473333
2	1	1	4	2	239.006
1	16	1	2	2	238.8483333
4	2	4	2	2	237.7553333
1	32	1	2	2	237.1023333
2	4	2	2	2	237.0836667
1	1	1	4	2	237.0743333
1	16	2	2	2	237.048
2	8	2	2	2	236.9673333
8	2	16	2	2	236.1083333
4	4	4	2	2	235.23
4	4	8	2	2	235.1993333
4	2	8	2	2	235.1546667
4	8	2	2	2	233.6923333
16	1	32	2	2	233.667
8	4	2	2	2	233.499
8	1	1	4	2	233.4573333
2	16	2	2	2	232.973
32	4	1	4	2	232.8626667
8	4	4	2	2	232.3183333
2	16	1	2	2	232.202
2	1	32	32	2	232.079
8	4	8	2	2	231.786
16	1	16	2	2	231.49
4	1	1	4	2	231.449
16	1	8	2	2	231.0873333
16	2	16	2	2	230.925
16	1	1	4	2	228.948
16	1	4	2	2	228.6533333
8	32	1	8	2	227.9816667
8	2	8	2	2	227.5643333
4	8	1	2	2	226.6906667
16	2	2	2	2	226.1446667
32	4	4	4	2	225.859
16	2	4	2	2	224.7133333
8	1	4	2	2	224.3563333
16	2	8	2	2	224.1623333
4	8	4	2	2	223.335
8	2	2	2	2	222.289
16	16	1	8	2	221.9956667
8	4	1	2	2	220.04
32	1	8	2	2	219.7103333
32	1	16	2	2	219.426
2	2	1	2	2	218.7523333
4	4	1	2	2	218.4923333
1	2	1	2	2	218.3406667
32	1	4	2	2	215.7886667
8	8	4	2	2	215.478
32	8	1	8	2	214.8003333
32	1	32	2	2	214.546
8	8	2	2	2	213.2136667
16	4	4	2	2	212.9456667
8	2	1	2	2	211.904
1	1	32	4	2	211.5196667
16	4	8	2	2	211.3313333
1	1	32	8	2	211.161
1	1	32	2	2	210.578
32	2	1	32	2	210.5573333
1	1	32	16	2	210.5486667
2	32	1	2	2	209.8946667
32	1	1	4	2	209.5703333
4	16	2	2	2	209.2406667
4	16	1	2	2	209.132
16	4	2	2	2	208.9246667
32	2	16	2	2	208.8683333
4	4	2	2	2	208.1993333
1	1	32	32	2	207.7513333
8	32	1	4	2	206.6583333
4	2	1	2	2	205.3176667
8	8	1	2	2	203.445
16	16	1	4	2	203.4416667
16	4	1	2	2	202.5426667
32	2	8	2	2	202.0316667
16	2	1	2	2	199.4276667
32	2	2	2	2	196.867
32	2	4	2	2	195.4713333
32	8	1	4	2	192.5193333
16	16	2	4	2	191.2663333
32	8	2	4	2	190.7153333
32	8	4	4	2	189.3283333
2	1	2	2	2	189.296
8	1	2	2	2	188.203
16	8	4	2	2	187.9986667
4	32	1	2	2	187.5156667
4	1	2	2	2	186.757
16	8	2	2	2	183.3673333
8	16	2	2	2	182.0466667
32	2	1	2	2	181.7986667
16	1	2	2	2	180.8076667
32	4	4	2	2	180.631
16	8	1	2	2	179.8676667
8	16	1	2	2	178.3473333
1	1	2	2	2	175.372
32	4	2	2	2	173.3446667
32	1	2	2	2	172.3523333
32	4	8	2	2	171.884
32	4	1	2	2	169.2603333
8	32	1	16	2	158.5446667
16	16	1	16	2	156.5133333
16	8	1	32	2	154.947
8	32	1	2	2	154.8103333
8	16	1	32	2	153.085
32	4	1	32	2	151.8706667
16	16	1	2	2	147.9703333
32	8	1	16	2	147.0016667
32	8	4	2	2	146.9273333
16	16	2	2	2	146.8753333
1	2	16	1	2	145.9806667
1	1	8	1	2	145.397
32	8	2	2	2	145.321
16	32	1	4	2	145.2523333
1	2	8	1	2	144.7996667
1	1	16	1	2	144.7316667
2	1	4	1	2	144.3106667
1	1	32	1	2	143.9306667
1	2	4	1	2	143.5246667
1	2	2	1	2	142.348
4	1	8	1	2	141.906
1	4	4	1	2	141.6476667
2	1	8	1	2	141.645
2	1	16	1	2	140.9286667
1	4	8	1	2	140.685
4	1	4	1	2	140.3563333
1	1	4	1	2	139.525
1	4	2	1	2	139.1456667
32	16	1	4	2	138.518
1	4	1	1	2	138.2986667
2	2	8	1	2	135.5496667
2	1	32	1	2	135.3326667
8	1	8	1	2	135.198
2	2	4	1	2	135.0896667
1	8	4	1	2	134.7266667
2	2	2	1	2	134.5623333
1	8	1	1	2	134.3163333
4	2	2	1	2	133.4293333
8	1	4	1	2	132.2996667
4	2	4	1	2	132.249
4	2	8	1	2	131.9316667
1	8	2	1	2	131.3383333
2	2	16	1	2	131.3073333
4	1	16	1	2	131.1433333
8	1	16	1	2	130.686
4	1	32	1	2	130.503
4	2	16	1	2	130.4283333
2	4	2	1	2	130.2206667
16	32	1	8	2	129.8993333
8	1	32	1	2	129.403
8	2	16	1	2	128.9876667
2	4	8	1	2	128.901
2	4	1	1	2	128.857
1	16	2	1	2	128.5183333
8	2	2	1	2	128.3626667
32	16	1	8	2	128.3163333
2	4	4	1	2	128.0423333
1	16	1	1	2	127.769
4	4	4	1	2	127.5303333
8	2	8	1	2	126.956
4	4	8	1	2	126.8676667
2	8	2	1	2	126.6963333
16	2	16	1	2	126.2413333
16	1	4	1	2	126.1516667
2	16	2	1	2	125.6976667
8	2	4	1	2	125.6006667
16	1	16	1	2	125.3456667
16	1	32	1	2	125.1903333
2	8	4	1	2	125.0016667
4	8	1	1	2	124.9363333
16	1	8	1	2	124.4686667
8	4	8	1	2	124.4026667
4	4	2	1	2	124.3336667
4	8	2	1	2	124.2183333
4	8	4	1	2	124.0156667
8	4	2	1	2	123.9516667
16	2	2	1	2	123.7103333
16	2	4	1	2	123.5516667
4	4	1	1	2	123.3946667
1	32	1	1	2	123.3746667
2	8	1	1	2	122.8436667
16	2	8	1	2	122.6296667
8	4	4	1	2	122.4856667
8	4	1	1	2	122.349
32	8	1	2	2	122.1526667
4	1	1	2	2	121.0343333
2	16	1	1	2	120.5976667
16	4	4	1	2	120.3416667
8	1	1	2	2	120.2436667
32	1	16	1	2	119.4406667
8	8	4	1	2	119.1833333
1	1	1	2	2	118.9323333
16	4	8	1	2	118.527
2	1	1	2	2	118.13
4	16	2	1	2	117.969
16	1	1	2	2	117.9493333
32	1	4	1	2	117.119
4	16	1	1	2	116.354
16	4	2	1	2	115.8306667
32	2	16	1	2	115.6276667
32	1	32	1	2	115.624
8	8	2	1	2	115.2796667
8	8	1	1	2	115.2056667
16	4	1	1	2	114.7513333
32	1	1	2	2	114.688
32	1	8	1	2	114.5573333
2	32	1	1	2	113.6436667
16	32	1	2	2	112.439
16	8	4	1	2	111.3193333
2	2	1	1	2	111.1066667
4	2	1	1	2	110.5133333
32	2	4	1	2	110.3986667
32	2	8	1	2	110.2515
1	2	1	1	2	109.9193333
8	2	1	1	2	109.8923333
4	32	1	1	2	109.3913333
8	16	1	1	2	108.7206667
32	2	2	1	2	107.7193333
16	8	2	1	2	107.2336667
8	16	2	1	2	107.1456667
16	2	1	1	2	107.1403333
16	8	1	1	2	105.6626667
32	16	1	2	2	105.3188667
32	4	2	1	2	104.5315333
32	4	8	1	2	104.4318667
8	1	2	1	2	103.9236667
4	1	2	1	2	103.2473333
2	1	2	1	2	102.7993333
16	1	2	1	2	102.648
32	16	2	2	2	102.3594
32	4	1	1	2	101.8823667
32	2	1	1	2	100.9711333
32	4	4	1	2	100.6145667
8	32	1	1	2	98.74783333
32	1	2	1	2	98.57016667
16	16	1	1	2	98.4184
16	16	2	1	2	97.93533333
32	8	4	1	2	97.07026667
1	1	2	1	2	95.04226667
32	8	2	1	2	92.9864
32	8	1	1	2	90.8613
32	32	1	4	2	87.53443333
16	32	1	1	2	81.71496667
32	16	1	1	2	78.91893333
32	16	2	1	2	78.6422
32	32	1	2	2	78.00886667
8	1	1	1	2	60.9353
4	1	1	1	2	60.70016667
16	1	1	1	2	60.45773333
2	1	1	1	2	60.16333333
32	32	1	1	2	59.23803333
1	1	1	1	2	59.1662
32	1	1	1	2	59.13383333
