1	4	1	8	2	643.0212
2	4	1	8	2	641.8472
4	4	1	8	2	649.6586
1	4	1	16	2	1236.476
1	8	1	4	2	661.1944
1	8	1	8	2	1233.782
2	4	1	16	2	1259.294
4	1	1	32	2	648.0186
1	8	1	16	2	2467.246
4	4	1	16	2	1284.208
2	8	1	8	2	1241.078
1	4	1	32	2	2475.846
2	1	1	32	2	617.2504
8	1	1	32	2	683.5904
1	16	1	4	2	1213.678
4	1	1	16	2	584.537
1	1	1	32	2	590.169
8	4	1	8	2	659.3816
2	8	1	16	2	2464.098
4	8	1	8	2	1260.852
2	8	1	4	2	642.453
1	16	1	8	2	2386.914
1	4	1	64	2	4967.22
8	1	1	16	2	596.2694
2	4	1	32	2	2516.498
2	1	1	16	2	564.4072
1	1	1	16	2	559.1964
2	1	1	64	2	1237.76
4	1	1	64	2	1313.52
2	16	1	8	2	2390.226
1	16	1	16	2	4734.616
16	1	1	16	2	600.7324
4	2	1	8	2	546.4796
4	8	1	4	2	647.0704
2	16	1	4	2	1212.568
8	2	1	8	2	556.1984
2	2	1	8	2	525.9692
1	1	1	64	2	1155.91
4	2	1	16	2	1067.942
1	2	1	8	2	519.185
1	4	1	4	2	523.1078
4	4	1	4	2	535.3238
2	4	1	4	2	528.963
1	32	1	4	2	2196.878
8	2	1	16	2	1093.44
1	32	1	8	2	4391.83
4	16	1	4	2	1234.844
2	2	1	16	2	1014.57
16	2	1	8	2	560.4004
4	2	1	32	2	2127.386
2	32	1	4	2	2279.128
1	2	1	16	2	980.6338
8	4	1	4	2	534.8158
8	8	1	4	2	647.53
1	2	1	32	2	1950.864
2	2	1	32	2	2026.21
1	8	1	32	2	4861.11
4	4	1	32	2	2140.2
1	2	1	64	2	3908.62
2	2	1	64	2	4039.64
8	4	1	16	2	1089.17
4	8	1	16	2	2089.85
16	4	1	4	2	530.1386
2	16	1	16	2	3995.74
4	16	1	8	2	2029.81
16	4	1	8	2	553.385
8	4	8	4	2	1834.07
16	1	1	32	2	630.25
16	2	16	4	2	1850.842
8	4	8	8	2	3666.59
8	1	1	64	2	1138.54
2	32	1	8	2	3780.01
32	1	32	8	2	3636
8	8	1	8	2	1047.8
2	4	1	64	2	4155.84
32	1	32	4	2	1817.052
1	8	1	64	2	8231.96
4	2	1	64	2	3567.87
8	2	8	8	2	1591.706
4	1	1	8	2	383.9304
16	2	16	8	2	3685.94
8	2	1	32	2	1817.78
32	2	1	8	2	467.649
8	1	1	8	2	387.1652
16	4	8	4	2	1794.64
32	1	1	16	2	535.736
8	2	8	4	2	766.2026
16	1	16	4	2	767.2996
2	1	1	8	2	373.9358
16	1	16	8	2	1551.358
16	2	1	16	2	930.225
16	2	8	4	2	794.2182
16	1	1	8	2	392.9406
16	1	32	8	2	3042.334
16	1	32	4	2	1519.024
16	2	8	8	2	1565.88
1	16	1	32	2	8070.18
1	1	1	8	2	362.7418
32	2	16	4	2	1815.97
8	2	8	16	2	3091.25
1	32	1	16	2	7324.76
1	32	1	2	2	1123.394
16	8	1	4	2	535.286
4	32	1	4	2	1945.6
32	1	1	8	2	395.5384
1	16	1	2	2	630.8876
8	1	8	8	2	713.4356
32	1	16	4	2	751.9714
8	16	1	4	2	1022.07
16	1	32	16	2	6082.54
4	2	1	4	2	350.1614
8	2	1	4	2	355.0598
8	1	8	4	2	351.6876
8	1	8	16	2	1414.288
16	1	16	16	2	2979.71
32	2	8	4	2	780.556
16	1	8	8	2	701.894
16	2	1	4	2	357.0364
32	1	16	8	2	1436.33
32	1	8	4	2	359.9014
2	2	1	4	2	334
16	1	8	4	2	343.8176
32	4	1	4	2	442.7002
16	1	8	16	2	1415.83
8	1	8	32	2	2809.76
1	2	1	4	2	325.9624
8	8	1	16	2	1574.94
1	8	1	2	2	331.3992
32	2	1	4	2	357.1414
32	1	8	8	2	712.383
4	16	1	16	2	3034.86
8	1	4	8	2	307.18
8	4	1	32	2	1615.76
2	32	1	2	2	1166.418
4	1	4	8	2	302.0874
4	1	4	16	2	603.86
8	2	8	2	2	462.6072
4	32	1	8	2	2899.39
16	8	1	8	2	794.012
8	4	8	2	2	937.3614
8	16	1	8	2	1510.57
16	2	16	2	2	944.0384
2	16	1	2	2	621.0154
2	1	4	8	2	291.1326
2	8	1	32	2	4076.59
2	1	4	16	2	580.8774
4	1	8	8	2	576.295
16	2	8	2	2	452.065
4	32	1	2	2	1182.03
32	4	1	8	2	413.602
4	1	8	16	2	1146.15
16	1	16	2	2	455.7862
16	4	8	2	2	911.447
4	1	8	4	2	285.2844
1	1	4	8	2	286.3414
8	2	4	4	2	292.808
1	1	4	32	2	1151.17
2	8	1	2	2	323.3288
4	8	1	2	2	324.1952
4	16	1	2	2	622.0072
1	1	4	16	2	561.79
2	1	4	32	2	1169.84
4	2	4	4	2	280.477
16	2	1	32	2	1382.39
8	8	1	2	2	323.1266
8	1	32	8	2	2230.49
16	1	32	2	2	779.851
4	2	4	8	2	553.111
8	16	1	2	2	623.132
8	1	32	4	2	1114.63
16	4	1	16	2	814.14
2	2	4	4	2	273.3284
8	1	32	2	2	561.6734
2	2	4	8	2	544.0894
1	1	4	64	2	2246.94
64	1	32	2	2	914.32875
1	2	4	4	2	268.603
32	2	16	2	2	923.9916
4	2	8	8	2	1065.26
8	1	8	2	2	278.4512
16	1	8	2	2	274.2948
32	2	8	2	2	455.3948
1	2	4	16	2	1052.072
64	1	16	2	2	439.3355
1	2	4	8	2	523.3848
2	2	4	16	2	1090.52
4	2	8	4	2	526.2848
8	1	4	4	2	263.5404
1	4	1	2	2	261.6062
4	4	1	2	2	268.091
8	4	1	2	2	267.6004
2	1	8	4	2	257.9454
1	2	4	32	2	2110.14
2	4	1	2	2	265.0872
4	2	8	2	2	263.0664
2	1	8	8	2	509.602
4	1	4	4	2	259.2782
2	1	8	16	2	1025.806
32	1	1	32	2	580.484
16	1	4	4	2	267.593
32	1	8	2	2	272.106
32	1	16	2	2	438.8772
32	1	32	2	2	930.951
4	4	8	2	2	513.4598
1	1	8	8	2	502.8336
1	1	8	16	2	1002.7236
32	4	8	2	2	923.102
1	1	8	4	2	254.1074
8	1	16	4	2	498.1224
4	4	8	4	2	1029.66
64	1	8	2	2	275.291
2	4	4	4	2	493.624
2	2	8	4	2	495.3188
8	1	16	8	2	990.113
2	2	8	8	2	987.8288
8	1	16	2	2	253.8906
64	2	1	4	2	298.72
2	4	4	8	2	985.101
2	1	4	4	2	247.3282
1	1	8	32	2	2052.78
2	1	8	32	2	2052.74
8	32	1	2	2	991.842
1	1	4	4	2	248.7814
1	2	8	4	2	484.8482
1	2	8	8	2	969.5522
16	4	1	2	2	265.5524
2	2	8	2	2	247.9508
1	2	8	16	2	1928.718
1	2	8	32	2	3878.3
4	1	16	8	2	955.8314
1	4	8	4	2	964.4346
16	8	1	2	2	323.264
4	1	16	4	2	476.0018
1	4	8	2	2	479.8116
2	4	4	2	2	241.545
4	1	16	16	2	1912.4
1	2	8	2	2	243.5396
1	4	8	8	2	1923.5
32	2	1	16	2	706.084
4	4	4	4	2	478.934
4	1	16	2	2	242.2694
1	1	2	8	2	240.1354
2	4	8	4	2	952.049
2	1	2	16	2	474.316
2	4	8	2	2	474.6138
2	4	8	8	2	1903.86
4	4	4	2	2	237.8874
8	2	4	2	2	237.2496
4	2	4	2	2	235.7046
1	1	2	16	2	464.3058
2	2	8	16	2	1984.85
1	1	2	32	2	942.465
1	4	8	16	2	3828.88
8	32	1	4	2	1461.78
4	1	2	8	2	231.496
16	2	4	2	2	240.49
2	1	2	8	2	231.2426
32	8	1	4	2	398.166
4	1	8	2	2	230.1428
2	8	4	2	2	459.709
16	16	1	4	2	747.906
8	1	2	8	2	230.183
1	4	4	4	2	451.7132
2	2	4	2	2	227.2568
4	1	2	16	2	451.787
1	2	4	2	2	228.4208
1	4	4	2	2	226.1736
8	4	4	2	2	231.186
2	8	4	4	2	904.705
8	2	2	2	2	224.821
1	4	8	1	2	239.7928
2	1	16	4	2	442.9674
2	1	16	8	2	885.8648
32	4	1	2	2	263.0826
4	8	4	2	2	455.748
1	4	4	8	2	872.3344
16	16	1	2	2	512.82
4	2	2	2	2	218.7836
2	1	16	2	2	224.5346
2	2	2	2	2	219.7572
1	2	2	2	2	218.1088
4	1	2	4	2	220.4636
8	1	1	4	2	215.919
16	1	1	4	2	217.913
1	2	2	4	2	219.0668
2	2	2	16	2	437.952
2	1	16	16	2	1782.05
8	1	2	4	2	218.887
4	1	1	4	2	212.7664
8	2	16	4	2	863.695
1	16	1	1	2	324.1472
4	2	2	8	2	216.393
2	1	16	32	2	3557.27
1	2	2	8	2	214.8728
8	2	16	2	2	428.9468
4	2	16	4	2	852.766
8	2	16	8	2	1722.97
4	2	16	8	2	1710.27
1	8	4	2	2	427.8486
16	1	2	4	2	220.868
1	4	4	16	2	1692.24
2	1	2	4	2	213.7392
32	1	1	4	2	218.3672
4	2	16	2	2	421.6372
2	1	8	2	2	212.8808
1	8	4	4	2	847.7306
16	2	2	2	2	215.828
2	2	2	4	2	212.7138
4	2	2	4	2	214.346
2	1	1	4	2	206.9478
1	1	2	4	2	212.3118
8	1	32	1	2	284.4488
1	32	1	1	2	564.706
2	2	16	8	2	1673.59
64	1	1	4	2	218.9845
16	1	16	1	2	293.1304
2	2	16	4	2	832.3212
16	1	32	1	2	382.0122
32	1	4	2	2	210.124
2	2	16	2	2	410.4054
1	1	1	4	2	202.3013333
1	1	8	2	2	208.6642
8	2	16	1	2	217.7716
16	1	4	2	2	201.2826
4	1	4	2	2	200.1788
1	8	4	8	2	1686.66
8	1	4	2	2	199.4538
2	4	8	1	2	235.1052
1	8	4	1	2	213.461
1	2	2	16	2	396.373
4	1	32	2	2	397.05
8	2	8	1	2	292.3586
4	2	8	1	2	217.7176
4	1	32	4	2	788.701
2	2	16	16	2	3336.42
4	1	32	16	2	3153.05
4	1	32	8	2	1575.76
4	2	16	1	2	208.7156
8	2	2	4	2	200.463
16	2	16	1	2	466.7444
2	2	2	8	2	195.536
1	2	16	2	2	388.8636
1	4	2	8	2	381.202
1	2	16	8	2	1558.924
2	2	16	1	2	204.9272
1	2	16	4	2	774.126
1	1	16	4	2	383.8708
1	1	16	32	2	3061.22
1	1	16	16	2	1532.034
1	2	16	16	2	3099.83
4	1	32	1	2	198.2966
8	16	1	1	2	321.139
16	2	8	1	2	280.1938
1	1	16	8	2	768.1838
1	4	4	1	2	192.6002
1	2	8	1	2	196.8108
1	1	16	2	2	197.125
1	4	2	1	2	190.5592
1	2	16	32	2	6230.53
2	2	8	1	2	208.7852
1	4	2	2	2	187.0224
1	4	2	4	2	185.822
8	1	16	1	2	189.4592
8	8	4	1	2	226.668
2	1	4	2	2	184.039
32	8	1	2	2	265.254
2	4	4	1	2	200.9066
2	4	2	4	2	181.107
8	2	4	1	2	187.3466
4	2	4	1	2	186.5558
1	4	2	16	2	721.519
1	2	16	1	2	186.9224
2	8	4	1	2	229.7746
2	4	2	1	2	190.6886
2	4	2	2	2	178.6914
16	4	8	1	2	452.1274
8	2	1	2	2	177.827
4	4	2	2	2	181.215
4	4	4	1	2	205.3554
1	1	4	2	2	179.636
4	2	1	2	2	175.1626
4	1	16	1	2	179.6146
16	2	4	1	2	187.2536
2	2	4	1	2	178.9084
8	4	2	2	2	182.986
16	2	1	2	2	178.4694
4	4	2	1	2	191.8144
1	2	4	1	2	176.8898
4	32	1	1	2	594.896
16	4	4	1	2	205.16
8	4	2	1	2	190.496
8	1	8	1	2	170.7184
32	2	1	2	2	178.4274
2	4	2	8	2	337.771
2	2	1	2	2	167.2648
32	1	16	1	2	282.2028
8	1	2	2	2	165.1646
4	4	2	4	2	166.903
1	8	1	1	2	165.0236
32	1	2	2	2	167.735
16	1	2	2	2	164.538
1	2	1	2	2	163.2624
8	32	1	1	2	598.916
32	1	32	1	2	467.5738
4	1	2	2	2	159.9418
2	1	32	2	2	330.5094
2	1	32	4	2	656.0734
64	2	1	2	2	178.76875
2	1	32	8	2	1312.136
16	1	8	1	2	160.7238
4	4	8	1	2	253.855
4	1	8	1	2	158.6154
32	2	8	1	2	278.9204
16	16	1	1	2	317.753
8	4	8	1	2	462.679
32	4	8	1	2	456.832
2	1	32	1	2	165.6082
2	1	16	1	2	159.0302
32	2	4	1	2	186.313
2	8	2	4	2	309.928
4	16	1	1	2	320.7442
32	2	16	1	2	458.7816
8	4	4	1	2	205.1032
32	1	8	1	2	159.68
2	1	2	2	2	152.0542
2	32	1	1	2	583.7398
8	8	1	1	2	161.0208
64	1	32	1	2	459.118
2	16	1	1	2	318.28
1	8	2	2	2	149.9088
8	2	2	1	2	150.0502
1	1	32	4	2	616.4612
1	1	32	2	2	307.1334
2	8	1	1	2	161.0068
2	1	32	16	2	2613.78
1	8	2	4	2	296.164
1	1	32	8	2	1231.386
16	8	1	1	2	159.427
1	1	32	16	2	2461.158
1	8	2	8	2	597.677
16	2	2	1	2	151.165
1	1	32	32	2	4914.83
4	2	2	1	2	148.3218
4	8	1	1	2	162.529
2	8	2	2	2	145.995
1	1	32	1	2	154.024
64	1	16	1	2	281.0325
1	8	2	1	2	144.5684
4	8	4	1	2	228.3596
16	1	4	1	2	144.9212
1	1	2	2	2	144.7068
64	1	8	1	2	159.36625
8	1	4	1	2	142.2544
2	1	8	1	2	142.4742
32	1	4	1	2	146.5012
2	2	2	1	2	142.9936
4	8	2	2	2	139.411
2	8	2	1	2	139.3178
4	1	4	1	2	136.243
1	2	2	1	2	137.6918
4	8	2	1	2	138.853
1	1	16	1	2	143.0448
32	8	1	1	2	157.676
4	4	1	1	2	134.2132
8	4	1	1	2	133.9206
2	4	1	1	2	132.7872
1	4	1	1	2	131.0144
16	4	1	1	2	132.9824
1	1	8	1	2	134.7393333
32	4	1	1	2	132.294
2	1	4	1	2	123.4538
1	16	2	2	2	228.844
1	16	2	4	2	456.238
1	16	2	1	2	111.934
2	16	2	2	2	223.077
16	1	1	2	2	108.8776
8	1	1	2	2	107.9622
1	1	4	1	2	113.2753333
32	1	1	2	2	109.2084
4	1	1	2	2	106.3698
2	16	2	1	2	108.119
64	1	1	2	2	109.42425
2	1	1	2	2	103.4646
1	1	1	2	2	101.1351667
32	1	2	1	2	94.1164
16	1	2	1	2	92.96624
8	1	2	1	2	90.98572
8	2	1	1	2	89.33634
16	2	1	1	2	89.27936
4	1	2	1	2	87.91778
4	2	1	1	2	87.66374
32	2	1	1	2	89.47946
64	2	1	1	2	89.2148
2	2	1	1	2	83.54686
2	1	2	1	2	82.984
1	2	1	1	2	81.51436
1	1	2	1	2	78.14488
16	1	1	1	2	54.44782
32	1	1	1	2	54.65246
8	1	1	1	2	54.00278
64	1	1	1	2	54.742
4	1	1	1	2	53.2184
2	1	1	1	2	51.73316
1	1	1	1	2	50.5583
