1	4	1	8	2	620.4278
2	4	1	8	2	598.9264
4	4	1	8	2	597.8528
1	4	1	16	2	592.7252
1	8	1	4	2	591.4242
1	8	1	8	2	591.1298
2	4	1	16	2	591.1022
4	1	1	32	2	586.722
1	8	1	16	2	579.937
4	4	1	16	2	577.1154
2	8	1	8	2	569.0878
1	4	1	32	2	567.5542
2	1	1	32	2	565.726
8	1	1	32	2	564.7588
1	16	1	4	2	560.464
4	1	1	16	2	558.3682
1	1	1	32	2	558.3266
8	4	1	8	2	557.5312
2	8	1	16	2	554.7218
4	8	1	8	2	552.0356
2	8	1	4	2	548.7686
1	16	1	8	2	548.2008
1	4	1	64	2	546.519
8	1	1	16	2	546.123
2	4	1	32	2	543.8198
2	1	1	16	2	543.5906
1	1	1	16	2	542.617
2	1	1	64	2	541.88
4	1	1	64	2	541.394
2	16	1	8	2	531.7514
1	16	1	16	2	529.8228
16	1	1	16	2	526.0342
4	2	1	8	2	520.9774
4	8	1	4	2	518.8834
2	16	1	4	2	517.7654
8	2	1	8	2	511.04
2	2	1	8	2	504.9916
1	1	1	64	2	503.6855
4	2	1	16	2	503.1036
1	2	1	8	2	501.193
1	4	1	4	2	500.5384
4	4	1	4	2	499.339
2	4	1	4	2	494.4386
1	32	1	4	2	492.6084
8	2	1	16	2	488.9958
1	32	1	8	2	487.229
4	16	1	4	2	486.9196
2	2	1	16	2	483.0118
16	2	1	8	2	482.4916
4	2	1	32	2	481.8948
2	32	1	4	2	477.5158
1	2	1	16	2	477.1616
8	4	1	4	2	475.504
8	8	1	4	2	472.4688
1	2	1	32	2	465.6026
2	2	1	32	2	464.3478
1	8	1	32	2	463.45
4	4	1	32	2	461.549
1	2	1	64	2	451.441
2	2	1	64	2	449.272
8	4	1	16	2	448.863
4	8	1	16	2	436.296
16	4	1	4	2	433.194
2	16	1	16	2	428.821
4	16	1	8	2	426.1
16	4	1	8	2	425.377
8	4	8	4	2	421.3576
16	1	1	32	2	420.208
16	2	16	4	2	418.3888
8	4	8	8	2	412.745
8	1	1	64	2	412.603
2	32	1	8	2	411.526
32	1	32	8	2	409.183
8	8	1	8	2	407.844
2	4	1	64	2	406.507
32	1	32	4	2	403.7322
1	8	1	64	2	401.704
4	2	1	64	2	379.285
8	2	8	8	2	376.2066
4	1	1	8	2	373.7934
16	2	16	8	2	373.176
8	2	1	32	2	371.733
32	2	1	8	2	370.885
8	1	1	8	2	370.4642
16	4	8	4	2	368.12
32	1	1	16	2	366.127
8	2	8	4	2	365.5602
16	1	16	4	2	365.4262
2	1	1	8	2	364.8576
16	1	16	8	2	363.9854
16	2	1	16	2	363.508
16	2	8	4	2	363.4718
16	1	1	8	2	361.386
16	1	32	8	2	358.8102
16	1	32	4	2	358.5318
16	2	8	8	2	357.115
1	16	1	32	2	355.552
1	1	1	8	2	354.3808
32	2	16	4	2	353.523
8	2	8	16	2	352.488
1	32	1	16	2	352.399
1	32	1	2	2	351.3952
16	8	1	4	2	350.427
4	32	1	4	2	349.385
32	1	1	8	2	349.294
1	16	1	2	2	346.8648
8	1	8	8	2	345.326
32	1	16	4	2	344.6444
8	16	1	4	2	343.193
16	1	32	16	2	343.135
4	2	1	4	2	341.5266
8	2	1	4	2	340.3242
8	1	8	4	2	339.9588
8	1	8	16	2	337.5622
16	1	16	16	2	337.309
32	2	8	4	2	336.835
16	1	8	8	2	330.4778
16	2	1	4	2	330.053
32	1	16	8	2	329.997
32	1	8	4	2	328.336
2	2	1	4	2	325.76
16	1	8	4	2	325.2362
32	4	1	4	2	320.713
16	1	8	16	2	318.984
8	1	8	32	2	317.281
1	2	1	4	2	316.4402
8	8	1	16	2	314.799
1	8	1	2	2	314.0666
32	2	1	4	2	309.564
32	1	8	8	2	306.198
4	16	1	16	2	306.14
8	1	4	8	2	298.835
8	4	1	32	2	297.37
2	32	1	2	2	297.0684
4	1	4	8	2	296.1666
4	1	4	16	2	295.89
8	2	8	2	2	295.8098
4	32	1	8	2	294.674
16	8	1	8	2	291.386
8	4	8	2	2	291.0746
8	16	1	8	2	289.158
16	2	16	2	2	289.0956
2	16	1	2	2	288.4544
2	1	4	8	2	287.2198
2	8	1	32	2	286.783
2	1	4	16	2	285.2008
4	1	8	8	2	284.072
16	2	8	2	2	283.4762
4	32	1	2	2	282.496
32	4	1	8	2	281.849
4	1	8	16	2	281.751
16	1	16	2	2	281.3862
16	4	8	2	2	281.175
4	1	8	4	2	279.7732
1	1	4	8	2	279.7084
8	2	4	4	2	278.871
1	1	4	32	2	278.772
2	8	1	2	2	278.7304
4	8	1	2	2	278.7022
4	16	1	2	2	277.959
1	1	4	16	2	277.7558
2	1	4	32	2	275.599
4	2	4	4	2	273.7644
16	2	1	32	2	273.408
8	8	1	2	2	272.149
8	1	32	8	2	272.093
16	1	32	2	2	271.7474
4	2	4	8	2	271.104
8	16	1	2	2	270.918
8	1	32	4	2	270.108
16	4	1	16	2	268.677
2	2	4	4	2	268.228
8	1	32	2	2	267.8266
2	2	4	8	2	267.1478
1	1	4	64	2	265.998
64	1	32	2	2	263.9285
1	2	4	4	2	262.571
32	2	16	2	2	262.315
4	2	8	8	2	261.29
8	1	8	2	2	261.0744
16	1	8	2	2	260.5764
32	2	8	2	2	260.5214
1	2	4	16	2	259.76
64	1	16	2	2	259.28625
1	2	4	8	2	259.0986
2	2	4	16	2	258.443
4	2	8	4	2	257.8772
8	1	4	4	2	256.1216
1	4	1	2	2	256.0224
4	4	1	2	2	255.376
8	4	1	2	2	253.3076
2	1	8	4	2	253.222
1	2	4	32	2	253.091
2	4	1	2	2	252.5174
4	2	8	2	2	252.4444
2	1	8	8	2	252.3588
4	1	4	4	2	252.1054
2	1	8	16	2	252.0878
32	1	1	32	2	251.899
16	1	4	4	2	251.811
32	1	8	2	2	251.041
32	1	16	2	2	250.9894
32	1	32	2	2	250.8864
4	4	8	2	2	247.4782
1	1	8	8	2	247.24
1	1	8	16	2	246.5048
32	4	8	2	2	246.013
1	1	8	4	2	245.4218
8	1	16	4	2	244.2776
4	4	8	4	2	244.146
64	1	8	2	2	243.28725
2	4	4	4	2	242.6334
2	2	8	4	2	242.5126
8	1	16	8	2	242.481
2	2	8	8	2	242.2016
8	1	16	2	2	242.1062
64	2	1	4	2	242.03
2	4	4	8	2	241.974
2	1	4	4	2	240.835
1	1	8	32	2	239.834
2	1	8	32	2	239.759
8	32	1	2	2	239.605
1	1	4	4	2	239.5416
1	2	8	4	2	238.8078
1	2	8	8	2	238.6514
16	4	1	2	2	238.4812
2	2	8	2	2	238.3176
1	2	8	16	2	236.5356
1	2	8	32	2	235.225
4	1	16	8	2	235.2048
1	4	8	4	2	235.0194
16	8	1	2	2	234.929
4	1	16	4	2	234.816
1	4	8	2	2	234.3666
2	4	4	2	2	234.3352
4	1	16	16	2	234.304
1	2	8	2	2	234.171
1	4	8	8	2	234.1112
32	2	1	16	2	234.088
4	4	4	4	2	233.9
4	1	16	2	2	233.1014
1	1	2	8	2	232.8652
2	4	8	4	2	232.5654
2	1	2	16	2	232.548
2	4	8	2	2	232.1508
2	4	8	8	2	231.852
4	4	4	2	2	231.1726
8	2	4	2	2	230.422
4	2	4	2	2	230.1298
1	1	2	16	2	229.909
2	2	8	16	2	229.782
1	1	2	32	2	229.655
1	4	8	16	2	227.501
8	32	1	4	2	227.13
4	1	2	8	2	225.742
16	2	4	2	2	225.715
2	1	2	8	2	225.5022
32	8	1	4	2	225.155
4	1	8	2	2	224.8772
2	8	4	2	2	223.715
16	16	1	4	2	223.694
8	1	2	8	2	223.163
1	4	4	4	2	223.029
2	2	4	2	2	221.8184
4	1	2	16	2	221.357
1	2	4	2	2	221.2156
1	4	4	2	2	221.1636
8	4	4	2	2	220.249
2	8	4	4	2	219.996
8	2	2	2	2	217.792
1	4	8	1	2	217.6218
2	1	16	4	2	217.174
2	1	16	8	2	216.9654
32	4	1	2	2	216.1022
4	8	4	2	2	215.872
1	4	4	8	2	215.499
16	16	1	2	2	215.352
4	2	2	2	2	214.6374
2	1	16	2	2	214.461
2	2	2	2	2	214.1492
1	2	2	2	2	213.3154
4	1	2	4	2	213.0398
8	1	1	4	2	212.3464
16	1	1	4	2	211.9708
1	2	2	4	2	211.5726
2	2	2	16	2	210.844
2	1	16	16	2	210.759
8	1	2	4	2	210.623
4	1	1	4	2	210.5078
8	2	16	4	2	210.049
1	16	1	1	2	209.8232
4	2	2	8	2	209.469
2	1	16	32	2	209.352
1	2	2	8	2	209.3002
8	2	16	2	2	209.0848
4	2	16	4	2	208.8672
8	2	16	8	2	208.778
4	2	16	8	2	208.704
1	8	4	2	2	208.6286
16	1	2	4	2	208.586
1	4	4	16	2	207.472
2	1	2	4	2	207.3206
32	1	1	4	2	207.0738
4	2	16	2	2	206.8492
2	1	8	2	2	206.7604
1	8	4	4	2	206.6892
16	2	2	2	2	206.462
2	2	2	4	2	204.9832
4	2	2	4	2	204.954
2	1	1	4	2	204.8302
1	1	2	4	2	204.5052
8	1	32	1	2	204.3594
1	32	1	1	2	203.8428
2	2	16	8	2	202.3768
64	1	1	4	2	200.90275
16	1	16	1	2	200.9
2	2	16	4	2	200.7578
16	1	32	1	2	200.1448
32	1	4	2	2	200.144
2	2	16	2	2	199.1234
1	1	1	4	2	198.19
1	1	8	2	2	197.7054
8	2	16	1	2	197.4766
16	1	4	2	2	196.6828
4	1	4	2	2	196.6436
1	8	4	8	2	196.608
8	1	4	2	2	196.3878
2	4	8	1	2	196.048
1	8	4	1	2	195.952
1	2	2	16	2	195.011
4	1	32	2	2	194.5064
8	2	8	1	2	193.7078
4	2	8	1	2	193.642
4	1	32	4	2	192.8592
2	2	16	16	2	192.749
4	1	32	16	2	191.981
4	1	32	8	2	191.854
4	2	16	1	2	190.4558
8	2	2	4	2	190.331
16	2	16	1	2	189.9384
2	2	2	8	2	189.64
1	2	16	2	2	188.9822
1	4	2	8	2	188.666
1	2	16	8	2	188.4032
2	2	16	1	2	187.4866
1	2	16	4	2	187.4398
1	1	16	4	2	187.319
1	1	16	32	2	187.255
1	1	16	16	2	187.0222
1	2	16	16	2	186.713
4	1	32	1	2	186.6348
8	16	1	1	2	186.494
16	2	8	1	2	186.2044
1	1	16	8	2	186.1856
1	4	4	1	2	185.6462
1	2	8	1	2	185.3466
1	1	16	2	2	185.1368
1	4	2	1	2	184.155
1	2	16	32	2	183.689
2	2	8	1	2	183.6526
1	4	2	2	2	183.56
1	4	2	4	2	182.1588
8	1	16	1	2	181.6448
8	8	4	1	2	180.398
2	1	4	2	2	179.975
32	8	1	2	2	179.729
2	4	4	1	2	179.3396
2	4	2	4	2	177.12
8	2	4	1	2	176.1792
4	2	4	1	2	176.0916
1	4	2	16	2	175.062
1	2	16	1	2	174.9704
2	8	4	1	2	174.7954
2	4	2	1	2	174.7618
2	4	2	2	2	174.7134
16	4	8	1	2	174.3388
8	2	1	2	2	174.3044
4	4	2	2	2	174.171
4	4	4	1	2	173.349
1	1	4	2	2	173.0698
4	2	1	2	2	172.9136
4	1	16	1	2	172.8344
16	2	4	1	2	172.628
2	2	4	1	2	171.9714
8	4	2	2	2	171.852
16	2	1	2	2	171.693
4	4	2	1	2	171.3672
1	2	4	1	2	170.2954
4	32	1	1	2	168.801
16	4	4	1	2	168.358
8	4	2	1	2	167.256
8	1	8	1	2	166.8046
32	2	1	2	2	166.1304
2	4	2	8	2	165.557
2	2	1	2	2	164.6542
32	1	16	1	2	163.6638
8	1	2	2	2	163.1852
4	4	2	4	2	162.777
1	8	1	1	2	162.3278
32	1	2	2	2	161.646
16	1	2	2	2	161.164
1	2	1	2	2	160.0062
8	32	1	1	2	158.358
32	1	32	1	2	158.1892
4	1	2	2	2	158.1144
2	1	32	2	2	157.199
2	1	32	4	2	156.8628
64	2	1	2	2	156.60675
2	1	32	8	2	156.5082
16	1	8	1	2	156.0854
4	4	8	1	2	155.3546
4	1	8	1	2	155.12
32	2	8	1	2	154.9424
16	16	1	1	2	153.697
8	4	8	1	2	153.4884
32	4	8	1	2	153.346
2	1	32	1	2	153.1354
2	1	16	1	2	152.6724
32	2	4	1	2	152.219
2	8	2	4	2	151.311
4	16	1	1	2	150.2326
32	2	16	1	2	149.912
8	4	4	1	2	149.7986
32	1	8	1	2	149.7078
2	1	2	2	2	149.5866
2	32	1	1	2	149.3114
8	8	1	1	2	149.2218
64	1	32	1	2	148.464
2	16	1	1	2	147.486
1	8	2	2	2	147.3486
8	2	2	1	2	147.1064
1	1	32	4	2	147.0802
1	1	32	2	2	147.0768
2	8	1	1	2	147.025
2	1	32	16	2	146.792
1	8	2	4	2	146.403
1	1	32	8	2	146.3664
16	8	1	1	2	146.08
1	1	32	16	2	145.947
1	8	2	8	2	145.893
16	2	2	1	2	145.438
1	1	32	32	2	145.393
4	2	2	1	2	143.9718
4	8	1	1	2	142.9806
2	8	2	2	2	142.861
1	1	32	1	2	142.4498
64	1	16	1	2	142.14275
1	8	2	1	2	142.0714
4	8	4	1	2	142.0184
16	1	4	1	2	142.0134
1	1	2	2	2	141.0168
64	1	8	1	2	139.89125
8	1	4	1	2	139.8492
2	1	8	1	2	139.4036
32	1	4	1	2	139.3182
2	2	2	1	2	139.1856
4	8	2	2	2	135.155
2	8	2	1	2	134.4732
4	1	4	1	2	134.4724
1	2	2	1	2	134.047
4	8	2	1	2	134.041
1	1	16	1	2	132.6814
32	8	1	1	2	131.795
4	4	1	1	2	130.8158
8	4	1	1	2	130.3194
2	4	1	1	2	129.8826
1	4	1	1	2	129.1848
16	4	1	1	2	126.9646
1	1	8	1	2	124.3695
32	4	1	1	2	121.3366
2	1	4	1	2	121.2932
1	16	2	2	2	112.124
1	16	2	4	2	110.5
1	16	2	1	2	109.6408
2	16	2	2	2	109.317
16	1	1	2	2	107.4636
8	1	1	2	2	107.1252
1	1	4	1	2	107.1198333
32	1	1	2	2	106.6642
4	1	1	2	2	105.7184
2	16	2	1	2	105.21
64	1	1	2	2	104.70325
2	1	1	2	2	102.3922
1	1	1	2	2	99.62176667
32	1	2	1	2	92.054
16	1	2	1	2	91.94518
8	1	2	1	2	90.38444
8	2	1	1	2	88.47796
16	2	1	1	2	87.6995
4	1	2	1	2	87.1173
4	2	1	1	2	87.10756
32	2	1	1	2	86.62728
64	2	1	1	2	83.85505
2	2	1	1	2	82.7562
2	1	2	1	2	81.99286
1	2	1	1	2	80.38588
1	1	2	1	2	76.16172
16	1	1	1	2	54.1099
32	1	1	1	2	54.07378
8	1	1	1	2	53.7983
64	1	1	1	2	53.652525
4	1	1	1	2	52.99066
2	1	1	1	2	51.4428
1	1	1	1	2	49.85458333
