110.603825	113.692	178.4934286	177.1543333	49.85458333	41.64615	55.67416667	54.8415	65.14764	45.54922	10.8564	14.29374
247.649	221.3555556	315.4177143	329.748	99.62176667	83.62731667	110.96475	111.5455	128.6598	119.9224	21.71666	28.60072
484.98525	433.6324444	658.7291429	623.43	198.19	167.1103333	221.57775	220.273	258.7904	237.7792	43.44316	57.19136
905.06875	790.0081111	1121.617143	1140.64	354.3808	312.7516667	397.021	334.3795	478.3498	440.026	83.80928	110.668
1516.1725	718.71	1610.297143	1811.076667	542.617	515.876	560.299	583.5835	620.6388	475.0608	147.9062	186.3152
1662.9675	588.26825	1661.422857	2048.683333	558.3266	589.144	536.5295	615.448	575.0904	492.9322	185.6716	252.0842
1437.39	152.5872222	203.6401	234.1163333	503.6855	67.74388333	478.63	88.87505	99.87954	440.4096	18.68718	239.7354
194.323	275.2756667	385.7618571	396.5676667	76.16172	128.956	86.514675	166.964	182.2096	96.1698	35.53542	20.73356
344.355	518.2001111	654.1535714	735.8753333	141.0168	209.365	160.09925	268.666	308.9458	183.313	65.48036	39.46438
589.674	641.36525	789.2052857	1089.74	204.5052	258.691	248.8265	359.393	431.884	328.3546	97.40252	70.68832
847.772	742.04075	726.9891429	1151.226667	232.8652	254.375	291.43025	355.667	426.1224	459.1242	97.7131	106.9424
852.55225	581.65675	751.7431429	1087.733333	229.909	241.223	283.12675	349.108	410.21	442.7986	27.77486	108.9536
837.91325	162.4392222	226.5335714	239.6533333	229.655	104.0125	287.917	129.5555	135.801	440.8356	45.824	108.2855
762.928	306.7414444	393.3508571	422.7006667	107.1198333	178.4546667	136.2745	222.2595	237.129	414.8198	73.63412	29.21948
242.367	547.8265556	648.2837143	712.7766667	173.0698	279.902	226.80025	375.482	383.6812	138.3034	89.13202	50.81198
417.3045	732.50175	1004.552429	1244.69	239.5416	337.92	291.01825	370.161	436.1764	246.5556	87.12328	82.71724
645.7285	801.8615	1050.966857	1356.073333	279.7084	329.066	242.944	288.261	436.2102	409.7046	82.6751	108.4688
859.756	655.775	1017.758571	1297.65	277.7558	325.921	219.79	319.755	411.5046	482.186	34.02206	107.5086
847.617	168.5397778	220.2965714	240.4266667	278.772	120.7651667	204.7605	149.051	139.3346	466.4028	55.25898	106.438
827.22675	306.3375556	360.6485714	406.1566667	265.998	203.927	176.356	242.0775	269.461	492.7456	69.2677	33.79212
715.31	409.154	642.3248571	687.4753333	124.3695	285.174	242.64075	327.9865	376.9932	414.9996	67.97258	58.0228
245.21075	711.0585	883.1055714	1122.386667	197.7054	288.295	223.75375	359.319	376.6028	140.183	68.2199	84.0831
410.78375	758.92525	897.7612857	1195.31	245.4218	287.529	221.28	350.113	385.0628	273.5124	38.83754	84.20452
647.623	591.70325	917.6912857	1121.283333	247.24	281.969	215.6095	329.194	357.863	391.8116	52.41608	83.739
757.8845	168.2851111	225.5366667	231.9156667	246.5048	130.4138333	212.176	129.5215	138.5428	418.816	51.9765	82.4935
758.65975	297.395	386.1508333	412.0873333	239.834	208.748	169.8915	252.3045	264.1762	388.8282	53.1674	39.76396
746.37375	411.60525	637.467	671.135	132.6814	224.591	203.622	305.377	285.9538	407.2938	53.22225	63.87016
716.641	632.5715	732.9486667	853.2796667	185.1368	227.078	204.76425	305.684	283.439	369.5658	36.6056	64.88096
239.015	603.90225	732.5148333	860.9336667	187.319	223.07	203.1285	308.2085	288.3878	138.6396	36.4015	64.00324
402.0024	563.702	714.4718333	835.9866667	186.1856	215.706	203.2565	295.662	283.7602	269.1426	35.69112	64.73116
570.1742	162.2215556	222.3346667	232.106	187.0222	123.7808333	204.8275	137.1635	136.7518	316.0384	35.65306	50.28388
585.6834	219.5315	382.803	409.985	187.255	141.972	177.82025	210.309	210.2732	316.6732	35.6129	50.24542
594.1882	404.64175	535.3796667	721.9243333	142.4498	141.939	187.108	218.196	209.6042	302.1468	20.30748	50.007
572.3524	431.6085	540.9071667	898.0733333	147.0768	141.421	187.30525	204.313	208.9844	302.6886	40.72596	50.02068
570.897	416.1325	538.0153333	904.134	147.0802	141.363	186.76725	216.431	208.6792	286.2448	81.09578	50.02155
236.088	400.19775	526.8605	868.4386667	146.3664	138.993	186.8035	197.3535	207.46	137.8374	145.5794	26.7574
364.6616	161.9183333	214.5108571	226.249	145.947	73.19291667	185.1285	101.0051	119.1102	220.5508	143.3414	53.40304
409.6918	303.617	377.7178571	375.287	145.393	144.7266667	100.81925	206.4435	235.3466	218.356	140.1166	105.5448
408.0842	574.7078889	691.3131429	664.5476667	80.38588	290.0253333	199.34625	395.1225	430.4666	218.0264	33.61948	186.106
404.2114	1008.517556	1230.497286	1192.226667	160.0062	493.1085	395.72525	604.846	641.588	217.0788	52.92946	183.277
400.2545	798.6855	1528.258286	1747.516667	316.4402	486.651	623.1245	671.6385	570.5168	210.1674	79.09508	179.2778
220.60575	661.22825	1416.659143	1706.706667	501.193	453.988	570.19875	607.6965	515.3746	110.4702	91.85636	173.8852
378.437	174.4805556	220.099	242.3266667	477.1616	115.132	549.395	125.357	137.9232	217.878	91.6755	36.933
692.5585	311.2931111	398.5447143	426.844	465.6026	201.559	532.257	250.604	259.3616	418.9682	42.05618	59.1933
1258.735	417.917	654.5618571	737.1386667	451.441	239.895	148.9645	320.736	355.4858	585.978	66.55332	88.35404
1465.32	695.8835	765.4591667	1047.993333	134.047	244.636	238.856	331.7	411.9804	510.79	81.75128	106.528
1395.874	803.09275	742.764	1020.748333	213.3154	247.478	273.1885	308.248	400.224	464.6306	75.26754	107.121
1202.33	684.7815	704.6716667	1011.769333	211.5726	229.894	279.865	293.667	374.7968	407.4022	72.09445	45.90274
248.8934	177.6137778	228.7733333	243.6536667	209.3002	154.8268333	263.0295	148.718	139.4188	139.6946	54.05012	75.37588
408.3294	313.5255556	419.0863333	430.765	195.011	223.217	274.9445	275.9465	268.0084	266.4226	70.86438	98.50616
676.6664	424.2825	722.741	725.8033333	170.2954	302.174	191.33075	326.978	408.8594	409.793	70.59028	97.94368
836.0858	729.528	988.2408333	1240.966667	221.2156	293.335	266.915	300.407	398.1198	471.5614	70.55792	95.7051
822.6694	770.33375	982.5651667	1246.096667	262.571	300.764	229.51275	325.687	403.3026	442.154	70.2389	55.7383
788.2774	663.22225	932.4541667	1224.273333	259.0986	290.474	173.3435	286.541	365.795	427.734	47.8665	82.80738
753.948	174.7798889	233.4458333	235.5743333	259.76	169.8806667	173.822	145.277	138.671	403.252	48.23662	83.57966
250.4244	307.8971111	401.347	402.0643333	253.091	223.022	171.826	263.2885	267.2016	136.5214	48.22076	82.56784
394.0982	420.44175	699.3156667	728.4943333	185.3466	271.303	235.34675	377.156	368.4586	261.5432	47.90248	82.9804
665.9992	739.06625	911.022	1093.88	234.171	270.879	249.8235	378.3255	367.3458	459.3374	47.7515	58.69952
832.6104	707.124	891.3695	1073.863333	238.8078	265.445	244.16825	368.3195	367.3866	480.5914	35.26856	58.87486
831.9422	654.71425	857.7866667	1032.823333	238.6514	261.935	244.109	354.875	352.7533333	457.1654	70.21154	58.746
803.1634	168.666	230.3755	237.2246667	236.5356	112.241	248.4025	148.806	138.909	447.9546	139.0706	58.3107
780.883	295.4555556	405.4253333	401.3123333	235.225	220.429	237.981	259.528	258.9968	411.3268	180.1046	58.2139
248.167	408.969	661.4983333	710.3	174.9704	218.796	211.28575	282.923	285.3848	137.67	180.34	45.8837
379.0776	560.283	689.388	770.1446667	188.9822	218.747	224.62275	266.5695	283.5348	258.943	178.5914	91.54898
687.6566	528.87575	682.2513333	774.125	187.4398	214.678	221.084	303.748	282.6082	386.5182	48.96918	180.9662
771.8746	485.952	656.2825	744.7626667	188.4032	207.094	220.68975	260.5165	274.03	380.6938	69.76076	248.5618
767.3992	178.883	237.1363333	217.3906667	186.713	124.15	220.9905	139.657	136.8008	383.8298	78.6132	249.5572
739.415	324.672	402.0755	404.0793333	183.689	246.389	145.25575	266.951	252.9502	350.916	75.44095	243.7768
706.63	586.9424444	748.855	709.5263333	129.1848	483.3903333	287.66125	464.7795	438.6596	341.7436	57.78286	236.3134
239.103	1026.935444	1337.606667	1238.246667	256.0224	629.569	558.24825	828.21	596.6782	138.7952	80.82694	54.28514
372.0592	752.743	1744.005	1849.79	500.5384	611.168	770.70525	648.8105	529.5596	264.646	79.05718	77.43524
530.0844	532.32425	1582.203333	1734.193333	620.4278	561.418	689.3385	519.0775	470.5864	310.4122	78.9918	90.86166
529.7496	180.819	237.5066667	244.994	592.7252	116.813	647.8565	150.619	135.4792	305.04	58.9327	89.55355
527.2652	220.95125	406.6928333	425.2886667	567.5542	210.385	612.2355	257.6005	261.5234	304.6494	59.37288	67.30794
513.679	417.79575	616.6425	726.3086667	546.519	209.68	203.18825	257.3045	362.2754	283.403	59.01342	93.5994
505.046	641.03925	619.596	912.0343333	184.155	216.965	236.6505	228.9365	350.8556	128.6798	58.07155	93.5502
249.6324	621.28725	606.7355	894.5693333	183.56	205.92	248.72	230.689	350.3426	253.9766	50.79254	92.22355
403.7836	566.07675	575.8475	857.8123333	182.1588	117.999	238.65775	143.25	317.2026667	465.1964	100.17242	73.21488
726.781	181.5066667	230.8808333	248.196	188.666	219.489	237.3815	269.5265	127.44276	470.503	174.941	73.43808
1291.478	326.9122222	397.4323333	421.684	175.062	269.403	214.876	309.714	258.4964	501.0102	174.194	73.14104
1758.124	423.8555	738.8638333	766.23	185.6462	263.267	193.207	265.2495	396.3058	422.909	172.0758	71.94675
1643.042	753.82375	876.8181667	1195.623333	221.1636	287.448	195.777	259.562	381.2454	348.8086	167.5306	65.0211
1223.93	735.391	868.4535	1179.753333	223.029	262.189	176.90525	248.4665	364.2632	133.6508	52.22662	129.1958
254.7178	592.07725	824.5321667	1088.016667	215.499	116.898	183.836	130.043	361.7913333	258.1712	60.60102	247.1826
387.641	181.2805556	234.9983333	241.22	207.472	221.586	251.50475	290.6605	135.5818	434.9016	60.828	242.5528
706.1348	214.29475	411.3558333	444.4316667	217.6218	281.604	268.71775	372.6775	257.2458	429.651	63.50424	238.8888
748.3854	402.8955	711.9288333	748.0503333	234.3666	280.848	263.37825	368.1935	357.6352	404.365	63.14412	229.801
733.8976	724.59675	808.1745	1053.943333	235.0194	273.236	264.199	365.579	353.9026	333.2282	62.4175	217.4626
693.913	692.619	788.5865	1045.373333	234.1112	153.7266667	263.323	152.1595	353.2706	136.5818	96.56738	60.59288
650.422	606.84525	735.4803333	990.4426667	227.501	304.8825	206.9405	284.282	336.937	251.5374	161.7328	74.84494
247.8012	177.5225556	229.391	215.544	162.3278	595.6998333	375.37625	449.4445	129.8978	441.488	164.5764	75.07365
384.581	323.8343333	407.6931667	387.422	314.0666	612.358	683.19175	733.3545	233.7056	460.1874	164.143	73.49862
702.87	593.2801111	730.7035	703.141	591.4242	452.422	675.9505	696.7465	433.127	399.3842	160.316	73.63202
848.5652	979.0651111	1226.883333	1227.766667	591.1298	456.516	678.078	531.259	566.4438	385.547	154.1042	72.82685
836.7656	677.11075	1661.83	1692.986667	579.937	116.218	651.991	150.7085	500.8964	134.435	46.81476	121.3532
814.0175	480.133	1334.9	1534.7	463.45	173.615	190.6615	207.192	441.0918	255.346	46.33425	227.483
738.707	114.7825	233.9803333	245.1083333	401.704	176.315	196.56575	228.6435	127.735	378.2182	119.7874	235.5946
247.1954	221.1135	389.1051667	431.0776667	142.0714	174.919	198.50025	242.3445	240.3176	371.4062	142.0324	232.442
384.7892	414.76325	556.2398333	761.9063333	147.3486	117.672	193.2485	129.586	292.3242	359.916	141.8388	226.806
694.128	672.49	558.3336667	775.6453333	146.403	218.098	132.3535	224.3715	284.3724	352.285	141.2542	216.1394
746.0816	568.7845	545.4591667	753.3673333	145.893	277.816	134.16525	235.5405	292.6963333	128.8244	138.7454	192.9985
743.1164	425.461	232.94	718.6	195.952	266.876	139.53375	233.605	129.4232	245.582	130.0215	53.96054
710.2785	175.6991111	409.8358333	234.0446667	208.6286	256.226	141.7465	225.324	238.985	428.2308	10.91948	53.6072
246.003	221.55625	699.1661667	444.5503333	206.6892	176.8345	138.6145	138.183	356.6776	467.402	21.85798	120.166
419.2838	424.9855	755.2006667	743.9453333	196.608	336.8571667	241.705	282.571	361.7292	433.4904	43.70362	209.3696
749.5466	698.05225	733.6896667	1029.245667	209.8232	584.6005	422.45125	480.4305	357.3906667	400.7236	84.23918	208.8702
1262.888	637.804	701.2616667	1008.624333	346.8648	543.92	571.171	696.415	124.7122	328.2342	151.616	206.4864
1681.912	473.57175	219.6618333	917.0843333	560.464	453.608	590.3265	630.1695	234.7526	124.7564	185.4968	200.4728
1530.442	168.525	392.9635	209.202	548.2008	314.444	587.695	376.095	408.3284	238.6284	19.41548	183.6952
885.082	330.4878889	721.296	358.7146667	529.8228	116.482	484.643	123.5625	499.7956	362.797	37.07532	97.75065
249.9814	565.7574444	1260.148333	673.453	355.552	133.293	166.95825	180.56	495.6922	367.1978	70.01998	14.4115
411.0866	722.88375	1498.523333	1140.35	109.6408	132.189	167.07575	176.774	403.1242	352.1434	115.5402	28.81584
649.2896	626.16325	996.1836667	1469.216667	112.124	116.97	167.644	150.837	122.9528	130.9316	116.2478	57.4042
638.0106	411.808	223.4681667	1097.790333	110.5	222.806	235.55	300.6355	217.1518	243.6886	114.1855	110.7768
655.1035	114.85775	377.7745	211.95	203.8428	424.644	412.5735	513.124	216.6344	425.8154	29.02976	188.7782
590.941	214.05175	397.8726667	391.6133333	351.3952	524.811	499.54975	589.2845	211.577	432.9284	46.626	258.6504
245.8714	375.0456667	396.3866667	513.478	492.6084	340.938	497.35075	367.6075	120.5658	414.5372	80.27292	255.7904
417.8202	485.8466667	215.6323333	516.304	487.229	218.749	419.3035	267.267	229.1752	123.5652	101.7662	22.9251
706.4002	422.94125	378.809	510.4793333	352.399	42.56876667	303.0335	60.78525	386.139	239.3524	100.1214	43.60752
761.0716	115.00075	696.5826667	201.2483333	51.4428	85.11855	60.287125	120.3125	487.518	410.7842	35.0621	82.62744
753.234	222.1	1100.825833	355.146	102.3922	169.7238333	120.19275	233.5315	429.8326	460.7584	59.24208	142.8862
724.529	417.9915	1063.868167	663.3803333	204.8302	305.283	239.5505	440.968	425.1988	422.6534	77.374	143.1214
238.1922	660.4525	698.4673333	1089.893333	364.8576	462.962	441.73975	558.72	65.95712	364.0062	77.7273	139.2912
395.2062	482.90675	197.8496667	1250.83	543.5906	467.205	657.957	550.856	131.8208	337.6604	76.9285	135.9395
719.6126	314.5375	370.5856667	844.5823333	565.726	71.6047	681.4615	96.66205	262.4796	121.4336	40.78702	30.15594
1229.702	117.0417778	708.283	184.98	541.88	133.811	613.598	174.559	438.2416	233.583	59.2884	49.99064
1446.822	229.9361111	1250.973333	335.4463333	81.99286	206.721	94.80665	295.346	477.1802	253.008	54.34254	86.43342
1160.62	448.2324444	1717.993333	680.4163333	149.5866	250.557	176.17175	366.4885	449.3912	250.259	57.59592	122.3298
644.478	824.0552222	1619.44	1166.07	207.3206	255.131	271.873	354.196	111.8654	121.0762	38.37022	121.393
238.7116	816.59425	230.8003333	1819.43	225.5022	243.207	300.5805	305.9035	206.2476	229.8402	38.28124	35.47542
414.8402	598.6195	407.445	1823.563333	232.548	116.1963333	292.183	135.3605	380.4128	396.5928	38.43066	62.1927
476.574	161.6472222	713.609	239.7163333	121.2932	187.104	292.099	217.7175	494.9672	413.6702	38.14445	90.09034
479.7305	298.7793333	877.6351667	408.714	179.975	278.883	152.7755	347.397	510.848	368.322	20.71528	90.26894
473.363	561.9265556	856.7153333	739.9046667	240.835	335.917	229.27375	402.616	396.7598	403.4408	41.37412	90.0949
227.4166	971.0447778	801.3535	1137.75	287.2198	318.655	295.4945	369.0065	139.1328	254.5974	81.96	40.76488
402.4028	716.44325	230.6388333	1190.826667	285.2008	314.98	289.908	365.1775	235.6772	60.72038	146.2314	65.54334
709.6748	591.6995	411.448	1130.14	275.599	135.1811667	270.978	145.1085	373.0598	121.2464	144.0458	65.56284
1149.4	174.9015556	739.1823333	240.8603333	139.4036	217.43	268.75	274.358	448.5776	239.6624	142.1774	64.98064
984.658	308.4694444	1085.186667	421.695	206.7604	298.807	193.331	422.781	416.8156	448.8868	35.48486	64.91155
729.4666	395.79725	1101.941667	763.627	253.222	299.608	267.8035	435.9005	370.9668	461.3452	52.94572	52.18744
542.658	685.33025	1036.327	1320.206667	252.3588	292.876	252.889	414.1485	138.9574	456.932	90.32942	52.40132
128.8282	702.43075	235.6123333	1388.846667	252.0878	278.521	226.6335	387.71	268.8018	366.4734	130.5278	52.32482
255.634	603.80925	411.0215	1285.206667	239.759	115.432	220.722	148.5535	388.717	105.6646	128.8965	51.89778
502.8842	167.9911111	745.1456667	241.919	152.6724	212.527	229.3405	269.974	394.6364	195.5998	43.69838	27.14448
950.5896	314.4363333	1002.850167	422.88	214.461	248.353	197.96675	347.543	375.126	364.986	72.20032	54.2858
1572.668	424.198	999.2616667	771.5456667	217.174	245.502	239.968	346.4325	353.0716	579.8198	92.50774	107.444
1800.004	749.96775	937.9945	1246.343333	216.9654	243.513	242.207	336.3195	140.1044	420.3606	87.0845	187.0458
1533.61	795.637	226.933	1229.18	210.759	235.309	243.11125	328.861	261.8796	443.2926	54.43606	183.902
223.1692	633.279	410.977	1176.28	209.352	116.505	237.504	150.2965	323.5264	407.065	75.01012	181.9058
360.8908	176.1298889	723.995	243.8653333	153.1354	157.71	185.52	233.038	323.0918	136.7844	74.85936	176.5874
692.3572	313.4366667	911.6651667	420.936	157.199	158.261	194.20375	249.5165	323.5312	243.7456	71.7292	41.60674
1200.646	422.161	887.584	759.547	156.8628	157.671	195.552	248.429	305.798	404.1354	51.4203	63.03676
1242.996	723.37925	856.2815	954.5356667	156.5082	156.782	194.90625	244.016	138.97	461.4494	51.563	111.467
1215.12	711.784	225.5016667	931.965	146.792	152.948	194.778	106.8295	247.4382	474.9934	51.3622	181.104
1072.71	537.544	402.2031667	940.4716667	82.7562	74.80683333	109.202	219.365	250.883	430.989	50.5168	181.6522
248.7698	166.6038889	664.7178333	237.4313333	164.6542	149.205	217.242	419.9695	249.3664	396.6094	36.3602	176.943
387.74	224.61725	694.0055	408.804	325.76	294.8618333	430.12325	666.876	248.4054	133.9406	71.92406	46.7475
710.3632	407.5175	684.8261667	685.018	504.9916	471.218	668.63575	648.882	240.644	265.4148	140.611	78.7354
961.7178	529.10525	666.0226667	705.37	483.0118	459.413	636.0405	539.736	121.2274	416.0616	179.0742	108.2436
952.496	509.77525	235.579	699.8173333	464.3478	408.962	625.066	145.8145	236.3548	386.3284	180.8676	105.8126
903.2618	458.70175	426.2728333	680.64	449.272	117.886	586.171	238.343	407.8446	438.7072	177.5194	57.908
866.085	162.2653333	760.2818333	215.5456667	139.1856	203.979	165.343	324.387	488.583	396.7358	51.91242	89.09912
249.7072	305.1322222	1284.118333	390.9916667	214.1492	235.717	266.727	321.567	442.7988	327.3528	84.77952	88.06044
392.8632	585.0206667	1650.733333	686.0503333	204.9832	233.779	272.08575	317.0055	411.6068	136.4136	115.319	86.43275
733.014	994.1994444	1391.748333	1222.986667	189.64	205.91	274.26075	153.17	136.416	251.9966	114.2352	58.00964
862.2792	659.19375	225.135	1769.79	210.844	116.579	267.871	276.508	243.3506	359.867	115.1155	58.29646
863.8562	504.22	406.1225	1558.093333	171.9714	224.283	207.19075	398.14	421.4354	349.2054	65.1997	57.9672
823.5522	176.7872222	696.0921667	246.0626667	221.8184	294.917	280.42175	388.716	512.247	359.3814	88.71364	57.08215
780.131	317.9666667	765.0241667	423.7166667	268.228	291.819	283.22175	353.886	455.2866	345.8808	85.7199	47.05228
247.7222	569.1296667	754.6345	754.535	267.1478	301.051	254.02275	330.617	386.0972	132.746	68.55934	92.9813
389.4786	1002.699444	729.8131667	1082.19	258.443	297.43	249.7185	136.722	136.6022	244.2968	67.96144	181.7628
682.9922	713.3993333	236.1493333	1118.236667	183.6526	117.062	239.53475	259.7345	253.2104	253.5218	66.81075	247.7736
717.5062	519.41675	415.373	1024.024667	238.3176	212.237	265.07425	392.9125	388.6932	252.1424	51.441	246.1148
710.9156	169.655	755.058	247.05	242.5126	281.295	258.698	418.1965	397.4336	250.0598	100.17064	242.8742
691.405	309.1526667	1031.741667	412.0823333	242.2016	272.8	252.9175	408.1455	390.1788	243.4296	173.6108	223.8795
669.37	408.78025	1011.052167	796.2823333	229.782	273.416	248.2995	374.78	331.0576667	111.1846	175.4256	61.8213
242.621	673.586	954.138	1261.223333	187.4866	117.293	218.1565	155.383	137.7386	220.5668	172.3358	107.0588
386.835	769.757	231.6416667	1298.566667	199.1234	223.242	235.80475	278.067	253.1024	396.4394	165.125	165.9526
570.132	580.3483333	422.1185	1224.533333	200.7578	239.534	234.9715	330.5465	356.5006	484.6748	69.09414	165.3068
571.6534	167.6291111	752.844	247.179	202.3768	240.789	234.699	330.272	363.8736	421.261	104.525	165.551
569.5146	315.9394444	932.0761667	425.8663333	192.749	231.916	234.209	322.7795	343.2042	409.5916	104.4426	71.88192
559.7255	424.3295	921.613	761.9603333	129.8826	123.68	163.77525	147.5635	321.8916667	342.5188	103.2105	103.8058
225.9446	748.82075	861.8501667	1158.513333	252.5174	244.0066667	317.62225	290.059	137.9416	130.697	69.05546	101.5044
394.449	734.64375	229.6835	1147.37	494.4386	472.1705	614.61925	518.0755	247.8792	239.5028	69.0784	101.769
732.8714	587.2335	418.0733333	1089.16	598.9264	586.658	800.652	739.5145	326.1634	413.555	98.01532	73.89194
1313.5	168.6991111	726.6115	240.8546667	591.1022	528.838	763.2355	661.921	314.111	523.1912	163.1954	73.75552
1540.638	217.3485	795.3731667	420.527	543.8198	386.199	707.806	501.5975	316.4892	446.3104	163.5204	72.75345
1417.896	418.84075	786.228	751.766	406.507	117.109	541.204	150.059	288.984	366.3714	162.7628	65.58172
1143.47	684.283	752.3173333	830.803	174.7618	206.497	224.532	254.2975	129.8908	364.5818	158.424	128.0396
255.3986	616.03125	227.6458333	826.7656667	174.7134	199.973	241.81225	249.425	241.7374	134.1622	147.846	241.948
392.7694	534.26225	422.253	791.49	177.12	200.901	217.636	275.6275	411.4438	244.395	85.50112	239.4682
747.5338	163.0491111	753.1761667	214.7166667	165.557	117.724	230.5075	151.693	468.869	421.0672	84.88266	233.2956
1311.254	311.3684444	1314.068333	401.6116667	179.3396	219.014	240.6395	279.808	434.5508	476.376	84.058	220.0684
1431.012	591.192	1697.843333	713.329	234.3352	241.882	255.8875	322.9405	396.335	424.1958	112.3566	196.482
1355.846	958.0465556	1377	1182.54	242.6334	240.813	252.941	353.0075	128.4438	423.4166	140.0428	89.57554
1075.7	519.6055	233.4178333	1663.463333	241.974	234.669	239.167	301.462	242.4868	134.304	139.8828	144.9338
253.5624	397.489	420.3863333	1687.426667	196.048	117.57	229.4125	146.3745	421.4176	247.1766	139.441	144.0044
393.96	172.2737778	625.3488333	237.1953333	232.1508	224.046	238.04475	294.389	479.6912	405.6138	135.3906	144.4745
767.6216	323.2794444	642.0566667	429.635	232.5654	287.891	244.4455	404.413	430.115	408.034	72.56255	80.15836
906.3524	599.7903333	586.1188333	752.7386667	231.852	284.354	247.3075	405.122	409.2784	391.9684	10.96236	79.57408
907.5838	701.67925	225.783	999.0756667	147.025	275.699	247.4215	402.547	130.9256	358.0602	21.91024	79.47095
872.18	678.9985	407.0181667	895.6703333	278.7304	150.1828333	209.613	152.0865	242.0872	133.8868	43.46254	117.7386
801.744	478.6375	743.8198333	847.262	548.7686	294.4595	375.001	262.1415	351.828	248.3338	83.09492	219.2716
250.3366	165.0593333	890.9128333	230.845	569.0878	564.8115	685.54875	483.0885	333.5654	338.1838	149.64	225.424
396.3774	221.61075	884.4533333	434.5043333	554.7218	591.602	747.751	691.9545	314.2783333	330.315	181.168	222.5484
751.1596	414.46275	818.289	723.4486667	286.783	429.503	729.4385	564.3455	132.0146	334.4448	19.65452	216.5276
837.1266	709.88325	229.158	1173.25	134.4732	273.97	590.827	341.485	243.225	298.585	37.44314	196.5296
833.072	682.57	396.6101667	1140.106667	142.861	116.084	190.8235	148.271	303.19578	124.7412	71.33276	105.9575
788.7986	475.61375	752.7805	1054.534	151.311	168.34	175.95825	230.6815	365.1616	233.4234	120.1458	118.5672
739.602	164.8142222	859.527	240.7746667	174.7954	167.451	192.991	249.8025	358.8696667	383.2678	119.1768	134.7024
250.5312	218.3605	835.4995	432.1243333	223.715	117.329	183.317	135.7105	124.6238	505.1388	30.63292	134.4245
391.1232	418.33625	781.2398333	789.1016667	219.996	220.837	183.04125	239.619	223.5748	406.3916	49.27324	113.7144
652.538	743.8265	231.6023333	1150.26	147.486	256.225	180.9635	279.211	390.029	381.587	88.75116	195.847
663.2222	632.5005	392.7836667	1127.246667	288.4544	245.309	180.687	275.19	510.4858	309.1402	131.7564	195.4966
656.7	455.453	715.929	1022.61	517.7654	117.413	233.0405	146.8665	405.3196	126.5702	131.6716	195.6254
631.3725	153.8311111	1218.308333	208.0526667	531.7514	221.008	402.67975	276.053	372.1544	232.896	129.1035	184.3364
247.5434	311.5797778	1560.665	388.447	428.821	410.751	638.40775	492.096	127.3816	385.4994	37.82296	99.9246
423.8598	553.1041111	1031.144167	718.4863333	105.21	482.812	679.142	578.6775	227.8494	433.5884	66.256	14.44234
749.0252	606.07425	228.0806667	1185.08	109.317	313.898	549.186	379.2485	384.402	459.3924	88.07936	28.8319
1353.74	542.30825	392.2675	1584.793333	149.3114	244.786	407.5545	261.372	477.3368	408.3872	86.1442	57.20604
1851.46	369.9025	500.2845	1209.116667	297.0684	115.279	161.8355	143.0145	393.9192	274.811	42.52304	109.167
1623.128	157.0327778	520.277	231.9833333	477.5158	126.871	162.986	168.652	372.384	125.4772	64.23564	189.0496
903.888	305.104	215.6405	411.9556667	411.526	113.544	192.50425	147.1155	122.6706	232.1678	63.26508	260.489
243.6634	415.33825	398.704	729.1063333	52.99066	215.576	365.24925	268.475	228.8326	374.4536	61.58025	249.4242
422.4816	634.348	691.1971667	755.9383333	105.7184	403.691	556.88325	411.912	317.3538	400.4914	46.51354	23.04572
708.267	560.362	750.3183333	733.2263333	210.5078	380.879	482.4335	447.0725	311.6603333	417.9848	46.28382	43.78582
1313.502	351.06525	717.122	225.8606667	373.7934	231.403	371.207	267.199	284.398	126.0146	45.85548	81.99404
1387.096	115.008	207.3346667	404.2353333	558.3682	197.531	367.4545	190.5355	117.7322	233.0522	45.10425	144.5608
1256.34	217.36125	375.9208333	734.4386667	586.722	43.19918333	63.539425	63.21135	225.4354	390.4802	20.8553	143.5306
813.722	416.164	701.0171667	1038.236667	541.394	86.51155	126.893	126.1105	404.7	425.0364	41.33092	141.2985
247.4686	654.749	1134.145	1010.963333	87.1173	172.2525	252.641	249.3975	460.25	401.496	81.14092	32.40404
415.875	508.60725	1103.602333	203.5733333	158.1144	308.949	471.18825	462.706	369.6722	121.6656	145.1942	53.71568
747.7694	163.7585556	774.7901667	384.494	213.0398	452.159	726.10125	630.213	447.9986	224.7828	144.5942	100.93014
891.8506	310.5438889	215.3658333	643.1243333	225.742	416.027	750.316	496.1455	118.3898	383.3274	141.9092	162.9632
886.4078	557.585	365.2173333	1147.7	221.357	74.5642	681.624	105.3635	226.7322	476.402	35.99468	160.2756
850.9595	592.7895	401.6313333	1390.966667	134.4724	140.063	103.9155	196.387	386.647	413.4032	53.15424	157.026
243.8262	417.10975	193.5493333	972.7516667	196.6436	212.909	194.32875	314.1	436.951	340.6536	91.00658	35.73364
421.9744	263.694	377.4096667	220.254	252.1054	243.647	291.48475	387.532	366.519	320.656	136.1906	64.28754
734.8282	115.07425	651.4353333	394.9173333	296.1666	242.325	332.67125	366.2935	338.4803333	121.3308	136.705	95.14224
811.9156	223.6675	907.8421667	508.1333333	295.89	113.282	316.025	143.132	117.1834	224.327	46.1168	93.76605
795.7526	408.20225	772.5605	500.4816667	155.12	181.966	169.316	242.8175	212.056	380.9138	79.7732	42.83596
762.3725	688.3135	642.1988333	192.793	224.8772	185.971	239.042	390.407	323.9666	491.1698	111.7784	71.49048
237.7598	461.6695	203.4506667	368.063	279.7732	347.995	324.98425	446.25	412.9136	432.717	109.514	70.48816
408.3102	290.70425	390.1363333	653.4426667	284.072	189.853	351.4435	424.3135	363.9162	366.9392	110.313	69.1283
698.6134	114.4225	732.0408333	960.7583333	281.751	321.585	347.263	375.5425	256.9523333	371.4076	58.2157	45.36308
1276.168	219.66725	1241.346667	978.5163333	172.8344	118.166	212.60625	153.0055	67.1344	122.909	79.5592	45.38198
1710.756	413.5245	1691.153333	798.2186667	233.1014	223.034	296.51375	279.9455	133.0096	223.3066	79.4411	44.94556
1337.308	604.08125	1453.178333	186.668	234.816	297.202	310.14925	410.0675	256.4088	363.4386	55.9367	44.32945
721.214	325.46725	236.6481667	353.4226667	235.2048	288.184	295.459	406.5465	481.8054	394.45	55.29564	27.34262
238.9296	310.701	424.5181667	670.2173333	234.304	294.895	287.3075	388.9765	492.7258	370.6168	54.53505	54.1753
433.4882	119.992	725.3326667	1194.726667	186.6348	116.297	245.91375	351.3645	415.804	118.031	36.5465	106.2474
706.3718	235.9313333	887.6958333	1733.44	194.5064	225.223	276.958	152.962	113.7838	219.2698	71.60602	185.867
1245.752	452.8691111	879.1021667	1675.81	192.8592	265.978	277.261	288.116	203.9196	356.5402	140.0102	183.3498
1373.28	827.1334444	833.4935	247.0396667	191.854	262.655	270.666	383.1405	357.7626	419.2784	173.4536	179.0022
1069.898	764.092	237.027	423.8136667	191.981	253.639	271.0965	376.8335	556.8326	391.068	175.378	169.287
630.705	561.3595	419.8298333	770.779	87.10756	116.669	211.49375	376.7165	477.2076	425.476	168.3832	41.97366
231.466	170.4791111	760.8068333	1191.9	172.9136	178.47	219.91425	154.089	416.8372	276.0288	51.6238	61.80424
412.7602	312.2496667	1200.5	1178.02	341.5266	178.614	220.518	249.7115	130.7604	117.7014	86.7933	109.6824
732.5306	580.7168889	1251.36	1134.28	520.9774	177.244	219.8255	286.0545	242.5384	221.9316	120.0698	178.8378
819.5858	721.27075	1142.053333	244.756	503.1036	172.461	117.24175	288.821	416.8072	367.4364	119.44	178.5455
793.482	794.3475	234.2268333	430.711	481.8948	75.88345	232.3195	282.3135	524.3302	458.4778	71.63502	50.76094
217.6182	597.10825	416.4725	802.1143333	379.285	150.2336667	456.79725	112.4295	482.8086	398.6702	108.0408	90.26612
413.473	181.8381111	714.357	1381.05	143.9718	297.0555	713.379	218.0875	437.4118	380.028	107.502	138.354
698.4336	325.3423333	1061.783333	1412.47	214.6374	430.424	688.601	417.2695	131.3624	112.2208	107.8365	137.8468
1239.886	602.3398889	1067.873333	1300.883333	204.954	448.835	664.132	689.2475	241.5884	212.3764	68.8303	134.973
1250.9	720.3895	989.7281667	245.9046667	209.469	333.663	500.434	589.812	407.5984	336.151	67.94244	57.58708
930.8808	797.963	232.893	432.0663333	176.0916	116.217	178.1325	450.916	414.748	441.4398	67.8767	87.64584
642.401	547.2755	413.0693333	755.8553333	230.1298	209.87	284.0195	149.4565	414.9012	420.4158	50.57594	85.29695
211.6814	181.7525556	751.1211667	1291.39	273.7644	227.26	287.373	251.584	362.7073333	262.4836	98.51408	64.95704
390.8246	330.2295556	927.2726667	1316.796667	271.104	230.206	290.8085	327.8425	131.3622	154.3348	164.272	64.60272
704.2696	422.5445	894.523	1202.893333	193.642	117.193	210.09275	313.4345	255.9554	61.48638	164.734	63.7798
1175.178	692.65225	867.6446667	239.0396667	252.4444	225.258	298.05825	155.094	363.8386	122.5116	160.7582	46.9795
1032.9758	775.20725	236.4175	437.4253333	257.8772	314.254	326.0825	238.8265	357.0606	241.0802	147.6205	91.90746
700.1095	548.0495	408.3458333	777.141	261.29	308.115	335.966	381.5195	340.8116	431.8594	70.70752	179.4378
559.943	161.4806667	729.6345	989.3123333	190.4558	297.069	311.5165	424.594	323.5976667	466.2702	107.0328	238.293
194.241	219.98125	795.3995	982.19	206.8492	116.953	238.39975	401.1985	131.4802	435.1832	105.6545	235.7178
368.3448	420.24525	786.1003333	945.346	208.8672	221.869	302.3285	155.3715	251.607	348.9976	87.02644	225.1096
664.3286	731.79525	745.8063333	245.249	208.704	277.39	292.63975	293.2555	288.772	105.9464	86.51262	201.928
965.4804	676.56275	237.2141667	437.4543333	130.8158	272.148	276.3375	386.3675	284.9682	194.7794	85.9422	60.93792
799.0422	459.8075	384.3015	777.214	255.376	113.689	271.476	390.734	282.724	363.232	94.66298	105.4116
788.188	158.4845556	754.8663333	961.0176667	499.339	222.525	240.285	363.454	118.721	552.4866	152.2868	163.376
373.161	220.0235	1247.77	951.1216667	597.8528	244.793	278.30025	150.9595	236.483	496.1262	150.2744	162.6135
133.0144	418.24025	1569.278333	887.7163333	577.1154	240.448	271.819	286.7285	430.8418	438.8374	150.3252	80.42586
263.3024	622.972	1376.86	221.134	461.549	121.8718333	272.94	352.239	514.7138	347.7956	145.0832	129.6866
517.6414	563.652	229.1906667	390.0596667	171.3672	240.7566667	273.1035	349.3105	495.9858	136.0218	78.65875	129.0586
971.7328	507.9685	417.816	707.8933333	174.171	463.8853333	177.186	332.688	409.9054	243.1614	87.5582	129.54
1638.218	169.8673333	723.7881667	1236.383333	162.777	568.518	341.74675	154.948	124.2304	436.746	86.8757	76.81152
1734.432	314.5612222	768.7313333	1808.183333	173.349	422.376	638.23025	284.5065	230.8194	547.0942	102.6986	75.81815
1228.24	586.9363333	702.6385	1571.243333	231.1726	282.613	842.42	523.064	425.3388	499.1912	125.5988	64.33988
229.2108	1001.541556	234.4051667	237.203	233.9	116.63	785.05725	648.978	514.8098	424.5312	126.0532	124.4118
370.4282	633.4205	418.8153333	440.8813333	155.3546	202.824	649.5675	547.107	503.1186	351.8346	125.9888	225.6256
708.3326	467.94825	723.9151667	764.37	247.4782	181.613	229.85625	343.7795	427.246	134.7746	73.73245	224.2342
1242.626	184.7147778	1166.76	1071.17	244.146	117.562	252.1495	152.913	126.9394	249.3904	10.97748	216.9524
1328.4	339.589	1122.288333	1080.4	142.9806	223.048	230.84	253.064	239.3756	431.5406	21.75186	197.8316
1241.592	608.7815556	1028.751667	958.1993333	278.7022	274.827	237.91125	291.2285	422.5454	446.2526	42.76378	106.307
984.846	648.268	234.92	240.6276667	518.8834	275.468	297.7365	153.5135	530.064	416.1554	82.69272	86.75716
249.232	678.29375	403.7761667	441.2326667	552.0356	115.71	300.10725	279.6125	490.4674	392.5608	149.0216	139.7078
415.5574	465.9945	746.2348333	788.166	436.296	220.685	239.965	398.2405	420.6736	129.9868	169.961	138.46
739.2978	170.4864556	971.1788333	1293.506667	134.041	276.014	232.65175	366.4345	125.38	251.8766	19.67288	102.7718
1288.422	329.3098889	952.7821667	1279.136667	135.155	272.83	287.555	151.297	225.629	391.5204	37.10152	101.747
1478.148	596.6056667	863.9611667	1149.933333	142.0184	114.019	285.961	276.8715	393.1026	387.8426	69.8966	101.2268
1343.63	716.2805	227.9475	241.3773333	215.872	215.596	286.298	374.9775	387.954	377.3092	119.1252	110.8466
1043.21	729.17625	406.4228333	451.52	150.2326	388.655	213.6655	343.669	350.5406667	361.0024	30.97886	196.4198
254.5278	482.81975	705.4045	770.8406667	277.959	528.945	369.90825	150.3505	127.0244	131.997	49.084	201.0504
414.127	177.9752222	886.7706667	1221.776667	486.9196	348.763	645.82625	281.716	243.427	246.145	88.96366	198.1696
739.4798	221.47125	860.072	1192.69	426.1	222.145	762.71975	463.303	336.5894	284.2274	136.446	190.7896
967.5592	421.54125	813.6723333	1099.606667	306.14	115.236	613.59775	497.1645	341.5716	288.1248	39.0342	103.8665
964.6738	722.39425	223.8385	239.3196667	168.801	160.788	467.6755	380.152	334.873	281.0962	69.2682	111.6688
921.0722	654.413	411.2371667	435.9083333	282.496	115.158	196.01175	267.98	121.916	112.5138	102.1264	122.6405
827.351	466.86725	734.0306667	771.8886667	349.385	215.856	173.971	148.2765	225.5774	214.5402	100.8106	105.573
252.4434	156.8335556	1167.251667	945.511	294.674	271.741	214.0045	232.655	393.015	398.3656	45.17842	163.8146
432.7638	223.23475	1572.653333	932.6226667	53.7983	112.904	233.8525	247.4095	492.749	505.1764	70.18078	165.471
734.764	407.66925	1071.878	876.3413333	107.1252	214.194	228.7145	152.4635	459.7254	478.1654	68.30083333	164.5698
841.7716	604.61875	219.0855	208.262	212.3464	392.962	187.818	266.0835	381.4646	428.015	47.76838	101.27958
837.4942	581.00975	417.992	381.424	370.4642	381.531	372.5665	329.7345	119.6256	349.2678	47.28492	14.4664
813.4985	436.596	647.6533333	685.7036667	546.123	215.309	602.74775	147.7165	220.906	123.6692	20.79076	28.6703
741.627	153.9566667	675.8461667	1198.693333	564.7588	185.148	584.548	276.348	384.4186	233.1508	40.7791	56.32518
246.7926	309.6571111	209.8413333	1557.896667	412.603	109.206	439.60275	461.482	510.0854	393.6966	80.69592	108.3778
406.5778	569.2487778	402.2191667	1333.16	90.38444	113.254	435.1575	438.7955	455.7686	522.7196	143.573	185.6468
693.4514	674.744	749.8491667	238.74	163.1852	211.053	162.1785	283.495	380.9846667	480.926	141.2666	245.269
720.2284	582.60275	1074.876667	430.7636667	210.623	313.492	206.285	238.489	118.1998	429.6296	35.81332	232.5395
713.2632	371.40925	1018.615333	764.8353333	223.163	273.438	357.26875	142.4875	233.143	319.1292	51.18178	23.20412
689.2035	163.7038889	754.303	889.0756667	139.8492	199.504	458.7355	183.6475	414.0848	128.6822	90.17484	43.57862
232.1078	311.3411111	215.7208333	868.6483333	196.3878	131.278	395.29325	147.543	507.4838	232.8314	46.37454	82.36702
391.2518	580.7862222	407.9128333	226.332	256.1216	43.73371667	406.9025	262.635	475.7958	418.0682	80.85282	144.0702
715.396	676.9615	732.4826667	432.296	298.835	85.95	65.204425	398.0375	376.8312	515.9706	116.8978	142.6324
1288.85	601.99925	913.9335	723.422	166.8046	173.068	129.788	334.633	119.3642	475.4284	116.9146667	32.6889
1529.844	335.509	873.6858333	1159.72	261.0744	309.472	257.20625	292.454	228.4996	422.1708	63.06744	53.4641
1399.102	161.4494444	212.272	1115.796667	339.9588	381.506	480.74525	155.9755	364.9954	328.6768	98.18878	99.83864
886.187	323.719	384.0395	202.8823333	345.326	324.887	743.78075	64.16105	360.212	126.457	98.72766	161.7762
246.6622	420.326	677.6488333	420.4163333	337.5622	74.5045	809.1865	127.685	344.7893333	233.1812	61.04976	159.716
418.173	687.71325	1124.59	752.872	317.281	142.639	595.241	251.8095	118.5148	394.8476	60.5055	39.0537
734.8826	573.82925	1138.758333	1231.59	181.6448	208.49	109.59475	452.885	223.1088	390.6784	36.0983	71.31094
1291.382	343.05825	766.6336667	1144.086667	242.1062	235.533	198.17025	577.0295	363.4094	383.8122	70.77222	118.7414
1507.724	115.009	216.0955	212.9113333	244.2776	103.988	300.284	431.4205	475.271	129.8274	136.0824	117.8072
1434.592	223.90525	384.9308333	362.677	242.481	187.762	335.4145	109.499	439.494	239.6818	160.4744	116.878
840.142	420.13275	485.6035	664.6483333	204.3594	275.879	184.09175	205.844	412.7344	365.5606	159.8816	41.1198
247.1158	617.559	211.0503333	1107.98	267.8266	342.841	269.79125	319.5635	119.963	354.8816	50.32996	68.96044
435.8026	509.83825	368.7008333	1262.99	270.108	317.866	364.63975	364.975	222.7074	354.0242	84.25016	66.68785
769.774	330.72425	681.7073333	947.6046667	272.093	159.822	393.94325	150.0085	370.445	122.1684	70.44662	52.67638
1322.922	172.4514444	990.2981667	227.328	88.47796	219.982	379.2515	251.9765	459.1128	228.581	108.9436	52.4098
1361.072	315.9472222	827.8495	403.4833333	174.3044	413.151	212.96275	423.657	441.453	400.2552	108.2478	51.59775
1267.88	554.7467778	198.4775	705.9096667	340.3242	469.817	326.30325	482.5675	379.486	514.2778	81.35936	27.23526
810.446	631.852	368.5725	725.5263333	511.04	411.015	440.37875	436.149	119.712	469.594	80.9818	53.42736
247.1316	421.05225	660.0531667	227.5226667	488.9958	335.264	441.0405	154.3345	218.831	391.361	49.38302	105.1904
433.7276	301.80875	959.1	386.4	371.733	115.482	418.946	289.2075	384.651	367.3248	93.99562	182.885
767.724	157.1232222	789.6795	722.1566667	147.1064	221.628	415.2175	483.8075	501.055	122.6158	149.2814	178.3874
926.7438	220.97475	691.897	1027.966667	217.792	258.969	227.97125	617.369	404.2746	225.341	149.3524	171.5816
915.7434	408.96825	200.8321667	169.3766667	190.331	261.636	316.02125	532.5745	358.948	400.556	144.6612	153.66
905.739	609.09025	349.91	366.3636667	176.1792	112.766	315.2275	393.1785	114.9188	493.978	68.03764	41.68486
242.5768	450.5135	200.821	649.1566667	230.422	220.529	313.7835	155.31	213.2926	458.7244	86.33236	60.76588
440.096	323.9613333	364.5138333	1005.073667	278.871	332.507	235.43675	287.715	282.36901	383.5112	85.6567	112.0448
726.6976	114.09825	580.6555	967.184	193.7078	315.989	264.92575	398.028	427.6834	373.8042	86.18058	173.8974
774.4502	223.0945	684.2286667	841.9646667	295.8098	76.0434	263.34475	380.503	408.664	121.9644	129.9316	169.551
754.6448	417.28825	707.7126667	212.5213333	365.5602	150.6633333	264.3685	370.1935	270.3466	231.5702	130.3554	51.03818
730.8325	705.45425	418.2008333	377.434	376.2066	294.3486667	121.2475	157.4165	113.9746	415.6986	129.8858	89.9573
233.2784	478.2815	206.9986667	453.4496667	352.488	426.306	239.64225	269.779	209.3342	495.6218	87.74692	141.0248
428.2428	310.485	386.803	184.0823333	197.4766	359.852	467.49575	316.928	340.693	484.7792	101.6494	140.0948
713.767	113.97425	732.9693333	344.3603333	209.0848	260.491	737.08725	311.7095	383.66	383.9078	101.6646	66.1264
1185.862	219.39375	1239.035	570.276	210.049	115.024	686.508	115.5415	323.9403333	360.9084	69.50752	110.3528
1711.602	404.974	1618.428333	793.3116667	208.778	215.315	579.579	226.1445	107.83	122.6408		110.1986
1386.638	567.2255	1407.61	783.3446667	130.3194	216.421	382.042	413.736	187.7094	226.6286		109.751
730.134	314.824	239.6325	500.0123333	253.3076	114.105	188.32325	676.7205	284.4036	370.6054		61.05808
235.8928	256.226	405.6938333	189.8193333	475.504	220.912	291.804	514.4055	326.1464	378.123		60.03888
424.4552	115.34425	711.7855	360.0856667	557.5312	309.471	290.557	353.996	261.7784	350.8038		46.2562
731.9032	220.117	871.817	673.3633333	448.863	299.376	236.70825	149.053	157.28	117.2948		90.19746
1244.544	407.071	844.977	1205.376667	297.37	180.2246667	328.4775	260.2855	67.20164	224.7488		172.0762
1402.65	517.3195	225.1568333	1612.41	167.256	221.73	359.015	318.5915	133.3086	372.0654		221.6344
1118.952	340.005	405.779	1468.703333	171.852	411.065	335.998	150.7355	259.6592	493.8976		214.7288
643.68	302.11375	711.3923333	236.106	149.7986	459.038	234.9165	288.9905	453.621	447.0812		195.1802
230.9224	114.2415	1209.136667	415.6116667	220.249	387.304	384.82075	428.6	506.4852	432.7356		105.4765
409.8124	215.17825	1247.691667	762.1166667	153.4884	267.859	485.084	448.774	413.8854	277.0686		59.5129
748.8908	367.0515	1070.105333	1150.626667	291.0746	113.92	476.50475	154.777	113.9878	118.2934		105.8722
1252.124	414.02325	233.072	1161.6	421.3576	221.868	488.377	284.1895	202.5454	223.129		159.1982
1390.824	300.1595	421.6755	1004.602667	412.745	238.6	228.0675	497.947	365.0394	369.0068		158.3305
1097.656	209.43925	742.9401667	230.0126667	149.2218	112.831	285.377	657.494	509.9346	471.1648		79.689
643.828	116.3643556	1129.521667	433.7213333	272.149	210.02	279.7155	507.454	461.9226	457.7194		133.2156
236.8908	222.9394444	1141.696667	747.676	472.4688	384.989	281.8715	361.269	420.088	411.7658		132.2498
418.8686	436.6432222	1014.2495	1371.816667	407.844	534.96	181.53075	156.004	125.8026	117.2524		131.5315
700.3096	781.2577778	229.2766	1371.933333	314.799	297.153	346.609	291.0515	235.7776	221.3738		94.3176
843.483	617.17325	406.1212	1214.463333	180.398	233.535	613.46175	384.685	421.3594	375.9968		93.43734
833.81	445.39025	739.896	230.6043333	186.494	114.233	803.666	375.636	560.0774	487.0398		93.65722
672.469	157.979	914.283	423.356	270.918	199.301	655.32425	146.793	493.2368	441.2692		62.41696
201.2318	306.571	889.1126	782.3683333	343.193	111.61	485.343	270.57	412.7988	415.6236		116.8968
406.1006	558.5088889	823.466	1235.283333	289.158	220.018	216.113	460.0325	128.5594	113.9144		199.134
658.4608	647.29675	229.8556	1230.756667	158.358	264.887	252.5765	633.1935	241.4328	206.5178		198.8108
1203.254	573.7495	415.6606	1094.156667	239.605	113.676	208.23675	413.237	441.7738	335.9028		189.0154
1283.906	453.68175	742.9316	228.0836667	227.13	217.194	305.2025	279.1195	540.5544	422.6688		106.171
977.6526	165.6977778	1040.588	431.9313333	54.1099	400.196	304.9445	150.541	472.0224	452.235		85.01272
697.744	308.6788889	997.5044	756.3356667	107.4636	421.045	226.79325	248.96	416.7122	273.3264		134.4138
212.4188	575.773	222.3946667	1104.61	211.9708	294.925	406.557	282.5075	127.1696	159.1436		133.622
393.1332	709.33925	407.9441667	1059.126667	361.386	191.974	478.03875	152.62	238.8004	115.81		102.1896
698.648	670.45925	740.3105	1008.256	526.0342	110.931	480.2605	285.0805	356.1538	206.0698		101.185
1175.02	453.44925	1240.021667	233.493	420.208	207.625	396.2045	406.7125	359.6868	338.5006		100.803
1096.984	157.4986667	1505.156667	415.189	91.94518	364.226	189.192	152.161	354.2216667	403.4196		100.23084
825.038	308.5444444	1054.093	763.3013333	161.164	361.955	356.71375	284.9835	128.4154	362.2016		164.1102
608.066	420.581	229.7173333	1216.053333	208.586	216.355	580.064	470.609	236.081	108.0216		167.2792
230.5558	718.13825	414.2875	1167.18	142.0134	183.439	613.9245	601.863	298.0722	183.4064		165.2694
425.963	684.708	716.93	208.7613333	196.6828	112.452	453.83175	373.118	285.7478	275.7414		104.0038
724.4446	423.9075	771.3483333	383.4763333	251.811	112.831	464.901	141.9475	291.2043333	341.9984		53.5118
1201.072	173.2872222	227.3583333	693.943	156.0854	211.962	172.6785	260.3965	120.0166	279.8826		100.95422
1057.024	222.20475	402.5523333	1117.04	260.5764	110.237	217.545	458.7215	226.0268	159.3052		104.914
769.401	424.6015	734.3946667	1545.563333	325.2362	206.113	250.571	526.562	379.9542	61.61688		90.66844
573.949	708.6645	1157.455	1158.113333	330.4778	302.474	207.9245	313.9855	513.3224	121.606		123.854
174.6528	628.49775	1088.895	212.706	318.984	252.492	330.08575	226.9175	441.8294	237.4088		124.5454
377.9124	461.29975	847.2478333	391.1806667	200.9	193.503	481.754	146.0235	393.5754	432.1224		92.54758
661.415	114.1105	218.112	769.6246667	281.3862	122.224	423.758	217.9285	121.4098	457.9128		52.50575
1011.498	222.344	399.3145	1042.356667	365.4262	110.481	450.4295	140.725	232.3024	393.6066		14.3466
855.0068	421.38825	732.609	952.1923333	363.9854	190.828	204.85775	272.694	378.8538	326.5696		28.17586
870.297	701.487	1109.358333	235.4826667	337.309	225.622	292.48325	139.7555	518.0442	106.6198		55.87372
413.468	580.3945	1082.823333	436.6073333	200.1448	217.423	335.951	259.6675	464.6776	192.678		106.1964
184.6904	154.9237778	792.3416667	767.85	271.7474	116.522	386.049	388.1775	372.918	353.8068		179.6332
375.456	294.6846667	216.2072	1184.483333	358.5318	73.9157	231.903	294.215	123.0982	521.962		216.5418
627.382	549.484	411.5204	1214.823333	358.8102	43.5491	65.932275	256.006	231.7846	493.4476		23.04828
940.8824	684.91375	728.1294	893.87	343.135	87.40136667	130.88325	155.358	401.7626	386.6638		42.88194
762.9568	572.22	832.3656	211.977	87.6995	172.4288333	257.861	144.657	538.968	349.8554		81.40388
788.292	394.0955	847.1164	427.2736667	171.693	295.462	474.904	233.9465	466.2656	123.6716		140.8194
208.6182	159.959	216.1193333	717.924	330.053	366.74	718.4685	305.372	377.8764	223.5146		32.57628
348.389	301.4746667	387.973	1130.363333	482.4916	289.984	653.269	284.788	126.2382	424.7758		52.56236
563.2914	557.159	695.6781667	1103.796667	363.508	77.0154	411.617	159.572	232.1026	531.57		99.353
744.2574	676.45275	1090.421667	230.2233333	273.408	141.412	112.3765	64.53575	409.0508	477.55		160.911
764.8466	602.836	1152.3735	415.4886667	145.438	206.521	203.20025	128.1845	528.7704	385.2426		38.63642
486.3445	391.74	747.7895	708.7393333	206.462	113.225	304.238	242.224	437.4128	322.3492		70.85732
134.256	159.5018889	210.8481667	966.3316667	172.628	186.946	186.33125	424.103	338.0723333	125.9586		118.7938
265.4884	313.4656667	390.737	932.865	225.715	271.38	264.40825	496.1515	125.1548	233.0266		47.115
521.5758	385.078	617.1468333	195.2216667	186.2044	323.15	368.22	344.619	228.6454	435.1458		82.31216
973.6236	664.3235	211.4588333	347.566	283.4762	152.6696667	399.9505	111.201	316.972	533.5984		82.12844
1553.904	613.417	384.3163333	638.417	363.4718	214.54	214.52375	207.7935	339.5823333	499.4698		44.87982
1595.628	411.51175	685.7956667	1028.71	357.115	388.991	325.61475	307.2685	120.4686	412.6324		26.79306
899.472	163.2375556	972.1856667	1282.28	189.9384	443.281	476.057	372.9925	221.7908	341.457		52.76536
228.9562	294.5853333	829.6706667	914.852	289.0956	339.336	501.10075	148.9355	388.873	126.4998		102.45
371.5264	422.5395	220.1608333	224.5436667	418.3888	190.667	474.1995	252.456	475.7122	238.9068		173.8168
707.3972	702.746	382.1966667	397.899	373.176	116.646	233.507	426.092	405.4398	391.5678		170.1962
1262.612	592.63725	691.5451667	702.6803333	126.9646	220.836	427.58875	462.461	412.8144	390.722		157.0198
1314.114	402.049	1044.668833	853.3366667	238.4812	418.107	512.575	152.8925	120.9438	365.5506		41.04858
1204.82	115.08725	837.4466667	228.9853333	433.194	474.551	486.79475	288.672	225.7402	123.9594		59.78764
786.172	224.812	211.3896667	399.605	425.377	375.688	499.506	500.382	375.558	228.0814		108.1264
243.2646	425.5245	362.5651667	678.1353333	268.677	276.625	216.8285	586.0075	466.0402	285.1762		50.1149
424.3856	680.454	628.0381667	1060.404333	168.358	116.491	355.29975	477.0755	419.0824	288.4876		88.70398
745.2548	590.08825	928.764	845.2143333	174.3388	220.83	364.546	152.012	368.1143333	280.2726		136.25
1261.992	159.6104444	760.6076667	218.807	281.175	402.155	366.3835	286.874	121.4178	111.8572		65.15736
1509.548	270.2096667	687.4485	369.4616667	368.12	380.877	122.60675	483.193	227.4026	205.5084		108.3624
1333.518	541.2773333	211.4626667	702.2813333	146.08	299.932	239.1335	535.179	380.483	392.36		107.6422
803.456	662.88175	368.2386667	1134.14	234.929	75.3943	452.48075	506.1405	460.7956	484.6718		73.67226
243.1284	437.5815	204.2318333	885.0123333	350.427	148.225	695.30825	153.035	399.5144	470.65		73.2816
422.8948	315.45225	364.062	177.9253333	291.386	283.547	565.24175	287.0535	382.459	361.3998		45.24414
749.0488	151.2147778	654.8133333	340.1073333	153.697	409.702	421.312	434.867	121.5748	337.278		86.2766
1280.084	217.42525	723.3628333	584.7233333	215.352	284.013	180.218	449.5675	226.7208	123.4636		157.2166
1322.36	405.34775	219.8211667	948.7496667	223.694	180.428	269.054	116.469	381.6366	220.479		197.6594
1186.196	632.972	353.4671667	834.3726667	54.07378	113.369	219.9715	220.888	458.1604	408.7656		187.615
767.711	469.827	585.2998333	765.092	106.6642	208.111	328.2275	385.6575	403.1952	463.599		57.85288
239.6112	297.3265	730.7126667	195.613	207.0738	112.051	381.2155	549.5915	354.4963333	475.7654		99.63114
421.4312	149.4888889	701.4828333	370.7143333	349.294	215.285	194.059	388.8715	114.8714	377.9558		78.16712
728.846	223.88475	436.6815	613.2956667	366.127	309.261	401.155	253.9105	205.906	362.9928		123.184
901.273	415.19575	191.7096	205.0593333	251.899	112.3	511.26575	150.0855	328.1886	120.1132		90.81292
873.4236	619.8565	197.5012	368.4273333	92.054	216.08	509.1835	248.223	454.8304	228.8104		89.84214
863.278	444.998	318.5054	642.4093333	161.646	378.462	427.5545	305.8015	403.4054	399.4284		58.74012
238.7754	289.35025	471.0542	761.3123333	139.3182	419.982	232.421	152.478	276.4848	522.7402		104.2724
442.492	168.6013333	592.4256	202.3083333	200.144	273.682	399.5915	282.268	116.6706	455.0426		165.7394
737.9458	210.33	384.623	337.3776667	149.7078	185.013	520.27225	427.774	206.4416	340.3994		164.1042
862.1552	411.24275	202.6844	536.067	251.041	115.315	526.4145	149.082	336.366	121.2546		102.6134
842.5775	692.23225	399.1264	726.75	328.336	220.945	181.7565	275.0475	424.9492	229.782		78.13286
813.249	445.159	674.351	719.926	306.198	413.622	327.18725	483.726	337.8993333	414.0576		92.05964
232.224	330.15125	1126.85	485.1463333	163.6638	433.996	553.178	539.761	116.7062	486.1636		84.39702
404.9968	114.14275	1465.548	209.764	250.9894	285.721	614.92075	350.971	212.476	473.9766		121.4416
694.0988	215.06375	1004.2672	342.211	344.6444	109.913	468.87075	152.099	327.075	377.8212		124.0702
1199.716	399.95375	219.0902	193.3076667	329.997	200.42	476.083	282.9765	394.7884	121.6196		93.03936
1400.354	588.67325	400.5948	303.8976667	158.1892	350.302	190.685	471.8185	359.1576667	224.1172		71.82954
1170.076	363.019	706.7256	427.0983333	250.8864	335.349	223.06475	548.3305	106.15894	374.3122		83.05728
671.229	305.3355	850.5456	589.712	403.7322	208.03	315.1045	324.526	186.1742	373.9882		74.9793
238.0364	114.65225	219.6404	447.597	409.183	151.286	192.2235	146.2315	245.3738	353.757
412.9472	219.869	408.7126	263.7036667	86.62728	113.868	371.0445	265.1325	332.7664	116.8734
719.5578	412.047	706.0266	186.308	166.1304	108.36	489.3255	431.13	270.4848	216.3858
1239.37	591.9685	1167.736	351.884	309.564	208.867	422.5115	434.3095	153.2806667	360.708
1477.916	369.2045	1186.754	629.0586667	370.885	115.069	195.424	303.371	107.2126	446.325
1178.44	294.831	869.0172	1136.716667	234.088	211.601	296.1275	227.958	181.9746	449.7698
669.364	114.29275	229.257	1495.98	152.219	378.921	456.945	146.188	244.1416	431.944
239.8054	220.205	413.4422	1174.416667	154.9424	282.021	430.68375	240.6795	298.9486667	264.8076
423.3012	401.846	734.835	238.3996667	260.5214	215.155	439.538	148.3885	98.81504	117.8968
730.1142	534.4955	1124.726	400.7843333	336.835	166.192	250.8255	273.6755	151.1924	219.399
1282.09	353.8265	1103.766	697.077	149.912	106.487	185.628	146.463	198.4238	380.6432
1380.038	306.06375	803.2522	1095.25	262.315	192.897	187.7455	271.8575	210.75	467.1684
1086.916	113.82225	226.2408	1054.066667	353.523	301.025	285.41125	460.155	152.565	415.1942
637.013	215.2705	415.9566	217.308	121.3366	238.743	342.0245	403.2145	66.86246	384.9016
238.9818	362.6975	717.9718	419.093	216.1022	165.607	378.20125	136.9975	129.9816	118.7968
411.1958	422.79425	1122.72	738.2896667	320.713	113.125	244.032	247.664	251.2376	222.214
718.9998	336.41725	1101.082	1218.616667	281.849	110.422	178.04	342.884	422.1432	386.7508
1261.986	242.39275	812.53	1256.063333	153.346	106.235	236.876	296.956	484.2418	459.1724
1323.19	115.004	226.3648	961.8833333	246.013	183.823	283.4225	261.256	410.2116	416.506
1066.126	215.75	416.1652	228.5786667	131.795	220.98	214.619	164.1835	110.5012	375.3822
644.309	378.64825	731.8672	419.346	179.729	187.989	66.065075	126.909	198.5076	116.0772
230.8834	444.94375	1093.584	730.995	225.155	113.155	130.273	138.5825	350.3782	221.3678
425.864	332.638	1014.6744	1213.34	53.652525	69.3066	253.471	232.1435	500.102	395.6978
677.4564	205.45	794.7688	1196.16	104.70325	100.242	458.14	279.6575	466.6574	450.2762
901.6564	113.54925	211.4646	230.6426667	200.90275	154.232	567.51425	234.877	431.164	403.4076
885.584	206.67225	390.9512	404.544	139.89125	176.581	493.2385	151.0025	123.3722	372.0166
213.6198	333.81775	674.862	760.8503333	243.28725	116.414	113.314	128.8465	223.5948	111.584
407.855	398.33225	1122.946	1253.206667	142.14275	65.008	199.344	196.6745	396.8978	205.9914
709.1038	237.00875	1124.2014	1366.053333	259.28625	43.7503	188.669	237.194	512.8278	327.3338
1130.85	148.2925	742.9172	1035.371667	148.464	86.5496	262.83575	178.1835	457.5772	444.112
1325.424	119.3401111	218.8952	221.9576667	263.9285	168.911	371.7595	89.79465	420.1673333	424.5866
977.7828	232.2424444	376.074	409.4023333	83.85505	286.948	204.406	64.50265	123.8416	283.4374
660.656	439.9333333	670.9468	741.1396667	156.60675	295.53	352.35875	126.6385	226.4112	156.8748
228.3988	641.50475	209.7292	1209.253333	242.03	207.391	558.27325	238.7195	409.5956	113.264
397.7964	533.846	398.1228	1274.836667		77.2778	543.95075	400.4395	494.5476	207.0696
708.6074	336.88275	714.924	988.3173333		141.351	463.0855	344.5165	451.5078	287.24402
1155.296	164.4008889	1040.0132	198.983		112.777	204.09275	259.006	388.4463333	434.893
1105.678	302.7698889	875.6066	366.8646667		183.46	386.8885	111.0445	100.347558	379.6822
824.8448	411.72825	605.5956	645.0573333		270.629	509.44775	201.63	233.4532	112.9242
592.033	621.96	214.6494	1078.626667		113.655	533.0855	304.7345	357.311	213.094
219.0112	552.98225	391.6628	1168.653333		211.801	227.10875	147.9	448.0408	339.1566
409.9496	362.13175	717.3734	831.1346667		397.061	430.9685	243.634	423.5792	414.1724
715.5444	168.2085556	1027.496	221.751		409.062	520.8695	376.5235	381.4683333	366.668
1187.752	319.9174444	893.2916	409.6973333		290.578	512.3525	149.402	126.6968	104.70034
1103.754	416.996	223.6926	702.0983333		114.814	122.065	287.423	227.3958	179.8672
833.7546	643.1115	394.9426	915.5833333		219.192	232.14775	479.3045	331.9148	275.687
596.487	580.7205	691.0684	203.2703333		395.853	425.12675	572.889	329.466	341.0632
228.5188	374.17225	1011.2256	414.0786667		408.192	539.9825	389.657	114.6324	281.1092
391.4826	167.8128889	858.1512	686.0196667		278.48	410.80925	137.2565	213.227	162.5656
726.1722	302.3287778	192.8036	1068.896667		112.685	404.8745	283.9495	361.6132	106.00732
1209.744	403.7065	367.7718	950.5223333		217.873	187.0205	452.408	459.933	183.1298
1081.872	700.71825	644.6212	203.8493333		415.833	186.2235	625.268	474.783	260.3778
781.658	595.4885	890.9862	387.928		428.409	317.6045	146.8615	386.9732	300.1564
586.002	374.766	776.0338	698.3666667		286.43	219.262	286.4305	119.5362	96.22332
186.4506	152.7905556	682.749	1059.244		74.0538	368.169	442.3165	218.047	152.6554
358.2582	301.0354444	188.7464	233.7396667		141.88	526.15375	567.0775	367.4116	203.5504
639.9352	421.7735	384.3278	389.0496667		265.352	476.097	113.295	466.8466	226.0128
998.0216	661.908	213.5014	762.663		247.667	203.90875	213.882	443.8552	148.339
891.6296	594.472	361.4628	1216.82		205.46	388.19325	354.189	370.2676667	61.0899
889.1816	398.09375	675.394	1108.37		166.355	525.07525	409.6845	120.4226	119.0922
413.226	115.4515	745.909	767.859		110.711	455.053	299.8035	224.968	228.7136
180.6016	221.50275	605.0724	204.5103333		110.96	176.1325	206.165	345.1426	366.1498
355.8422	412.376	206.9432	367.877		202.47	282.6325	143.64	481.6668	435.2658
649.2968	672.81625	364.6526	573.9936667		112.462	411.85525	240.9935	411.7594	423.274
948.987	593.8275	628.0358	955.968		211.175	426.97475	144.1415	342.3823333	396.9246
771.9366	162.2685556	750.1346	909.3136667		362.252	430.271	264.018	121.428	105.6282
805.171	294.9124444	208.9454	846.8823333		324.364	252.6795	144.3785	224.7164	187.6832
177.269	539.1751111	349.8214	213.141		211.354	211.927	271.208	392.5288	333.067
380.2508	665.4555	549.0738	381.676		114.105	214.87525	461.1465	495.229	440.7178
670.4408	454.19475	659.6068	629.5286667		216.677	338.5645	438.9585	428.5324	424.6554
929.9416	305.05525	685.3124	217.525		362.974	433.457	147.4635	354.2813333	404.9434
759.529	155.1628889	419.185	394.7683333		324.532	347.1325	277.584	121.9568	354.074
788.899	221.48675	206.2314	686.37		226.157	185.818	466.0095	223.2574	124.153
185.5296	407.22075	213.4222	824.7523333		105.225	237.887	410.3605	396.359	227.8234
357.5162	610.4245	371.6714	217.738		184.629	320.12	137.345	418.2828	395.724
559.5734	459.389	545.4142	391.7393333		266.537	378.228	240.1035	392.293	476.9864
761.3668	309.7045	526.5754	648.465		276.787	240.362	325.6845	113.7486	443.9536
783.4064	164.4087778	196.0096	847.4613333		202.6	171.601	305.472	202.0298	405.052
503.8405	217.61075	328.9772	180.6116667		114.605	231.994	245.1175	328.8568	121.9276
235.441	415.0865	459.0912	315.178		109.891	289.2055	147.5865	439.6688	232.1436
181.442	660.95925	553.6186	548.875		113.025	221.2475	142.602	406.854	404.0768
340.448	457.403	394.1276	728.305		208.935	160.151	147.021	265.4606667	461.7926
564.9894	321.124	195.6812	783.5576667		295.619	214.061	246.3015	115.4058	469.4594
677.088	157.8987778	296.3334	496.106		222.942	179.2055	356.168	206.2564	397.3086
718.9345	222.44	409.5208	212.819		187.232	113.269	132.559	292.9374	122.101
450.8465	414.68425	324.5186	346.1146667		99.3076	112.151	212.8535	400.8864	231.3072
201.5452	655.96325	205.2832	222.4616667		161.628	184.266	295.1345	356.0996667	380.7938
317.7242	418.3105	377.288	385.579		216.868	249.381	281.498	113.7694	447.731
472.7866	289.3215	649.7004	568.5206667		204.721	202.827	162.223	210.4372	438.2702
617.5466	157.6622222	1041.7264	195.538		108.287	333.723	126.25725	346.283	413.1426
441.7985	220.8825	1054.2134	331.773		67.4983	523.042	188.0415	407.1012	125.2096
268.1315	418.5945	724.4536	486.1863333		94.9285	459.587	245.505	365.894	224.4888
134.9656	606.969	222.069	651.1736667		149.835	155.254	179.741	115.2286	327.9388
265.4326	387.3985	391.0096	439.1926667		184.588	384.009	94.80935	209.8358	318.265
517.1234	293.77825	684.1678	271.4103333		120.919	530.273	104.73545	338.146	305.131
931.6554	113.2575	219.4526	198.314		61.0112	488.128	155.5535	401.451	108.6788
1371.972	215.16925	386.026	183.1033333		86.8315	191.19	152.4315	347.0236667	204.4612
1302.596	396.24075	674.0876	268.4066667		127.707	367.993	89.8495	102.82408	352.9646
726.609	540.17775	1016.635	397.3626667		111.837	519.151		178.5562	455.1152
227.6812	359.171	914.844	347.9253333		67.922	172.588		259.8326	476.5552
379.867	287.33675	605.9948	244.6556667			215.726		326.3042	392.9006
677.733	113.38525	228.9392	187.247			314.98		253.0226	225.831
1183.698	216.447	386.5448	339.0656667			406.85		160.438	119.4192
1231.36	399.01325	687.9112	584.1563333			354.151		108.299	222.6384
1008.4212	542.44	1013.021	1020.605			218.158		181.1908	369.0312
595.344	359.32275	840.0528	1114.547333			361.693		253.763	490.4856
233.5106	297.5565	574.5762	853.519			425.31		298.5836667	488.686
424.6512	113.9235	230.3598	216.7466667			355.856		104.58482	432.6996
724.3084	218.67875	401.537	384.8383333			209.549		186.5768	120.2088
1265.926	403.8765	712.3474	657.8046667			287.689		261.1092	227.5892
1433.302	574.25675	1004.335	982.8986667			289.876		296.825	380.8328
1119.1	373.81075	869.062	223.531					95.10724	436.1324
655.034	291.86225	223.6962	396.2723333					145.1618	481.9596
231.8446	114.9875	405.3554	680.6776667					201.1022	402.5732
402.7248	220.05725	708.1022	1124.603333					211.78	121.8148
705.189	416.1895	1063.7944	916.3223333					153.6496667	229.484
1226.298	580.8305	894.0682	231.0703333					96.03696	359.954
1310.942	383.84475	198.2026	398.2403333					143.4178	466.2746
1053.4876	318.1005	375.6652	688.3256667					187.8433333	466.9154
627.836	112.75	642.7024	1070.583333					81.5118	378.8826
238.4218	211.20175	842.8636	919.0286667					109.5174	120.2768
410.0742	359.442	766.0854	220.2096667					137.307	228.9674
702.537	408.02025	660.6042	395.251					128.8563333	352.5856
1227.682	287.502	197.5616	737.0346667					65.52606667	423.146
1298.362	210.7755	363.9106	1132.413333					126.5843333	412.4792
1044.205	113.82575	211.291	1073.183333					233.5393333	113.6992
588.535	215.026	373.0928	230.1816667					354.198	203.3616
231.1252	360.88025	647.4678	401.906					405.7323333	318.7834
414.8732	398.32425	792.6998	731.384					343.3163333	431.5386
707.8556	332.018	634.6202	1089.001667					109.7306667	429.739
1012.996	215.436	212.422	1072.513667					187.7146667	274.1098
992.4365	113.722	402.5506	198.6396667					321.156	162.4532
222.9436	215.5275	654.8028	341.1706667					407.411	114.6116
386.4984	362.60825	798.1732	604.5453333					448.1126667	206.8156
646.361	461.84275	608.3604	938.2776667					115.8063333	329.2314
1077.136	317.913	211.6496	824.8503333					216.784	416.2524
1066.952	112.80425	393.8614	754.418					355.2163333	391.6382
803.4488	201.5805	672.8964	207.729					394.589	116.5674
587.524	317.56025	798.491	372.7806667					386.7996667	209.8264
214.6744	371.61075	211.6192	631.4966667					117.322	308.333
403.1502	197.96775	354.0822	213.8563333					220.282	403.5786
669.8278	128.13025	560.9492	400.8696667					363.085	383.3726
1110.15	114.12225	664.396	675.4866667					468.17	116.5216
1119.006	204.783	699.2202	817.3296667					116.6533333	213.1736
849.6376	321.04775	398.551	202.0696667					216.482	330.4518
602.258	341.08425	210.9096	394.804					361.064	413.9738
191.9404	185.71625	204.3472	675.964					400.2973333	365.6286
414.9396	106.898	356.026	753.8533333					119.5913333	101.7913
634.1444	181.51025	541.569	207.5146667					214.3923333	177.6148
1137.586	290.497	531.4766	391.9363333					354.6983333	267.6386
1078.186	238.5175	208.5276	676.855					342.665	320.8526
824.321	126.19	366.3412	948.4376667					110.1263333	266.6772
600.463	119.214	556.5128	811.9473333					193.6473333	156.9654
224.7806	230.6983333	554.4984	187.552					305.4003333	108.2454
401.1358	432.2992222	182.94	332.3396667					359.683	185.4286
681.1686	556.2535	300.103	493.1086667					344.091	262.754
1181.924	412.097	457.6356	672.7313333					110.192	288.8042
1120.294	287.91075	533.45	722.8673333					190.9736667	106.461
812.72	152.8886667	395.3306	477.046					311.4513333	183.9898
591.525	218.965	232.4336	217.993					396.8923333	267.1764
228.9862	395.82575	205.9932	362.9146667					113.4043333	279.7576
394.6736	557.49625	319.9918	207.6323333					206.2416667	95.69274
715.4688	410.567	428.4608	363.3896667					326.9636667	151.7184
1161.168	275.973	180.6358	551.559					354.347	200.1212
1029.3752	169.4706667	267.5766	203.0513333					115.744	219.9436
795.7275	221.90225	404.9328	364.7446667					209.083	156.8136
209.1818	391.51775	313.4734	578.483					334.2906667	96.0157
361.2968	581.443	199.0166	189.8536667					376.2816667	150.0762
638.7488	376.03975	159.5078	291.9366667					115.675	179.9384
955.33	278.11475	250.1012	461.638					206.1573333	80.48404
888.6942	169.5122222	242.1416	563.5826667					328.288	111.8572
878.157	220.842	176.839	439.9326667					359.34	136.7968
427.479	412.175		258.0623333					104.917	126.2572
208.7882	635.20075		200.5093333					171.9453333	59.7904
386.9776	432.7365		208.5776667					254.8103333	115.8534
629.9052	288.14425		312.947					298.6343333	217.2742
914.041	157.0673333		177.3273333					267.5753333	356.4508
762.97	221.00575		250.406					104.645	428.1592
765.7455	419.11925		385.7496667					175.4696667	342.358
197.8858	629.73425		378.532					231.186	273.6616
381.7336	435.972		240.6483333					105.4566667	102.8818
659.0536	309.38125		158.0483333					179.6173333	178.669
945.3154	114.5355		231.6683333					261.9366667	310.5374
757.5328	220.8745		268.2543333					105.2356667	449.8226
746.1705	409.709		186.6					180.1993333	409.276
193.5444	639.64275							243.9303333	356.6954
378.6806	460.042							90.6659	116.859
645.6928	288.75975							139.2776667	219.4
931.4422	112.38025							189.3753333	352.2326
770.3042	212.17225							206.6963333	443.259
800.7895	382.74525							93.52563333	469.5858
197.8906	519.15425							146.7813333	117.529
327.9042	318.97525							97.12693333	222.4076
529.0338	274.9195							141.169	373.8774
737.8582	112.87425							76.8642	430.733
766.3	215.62825							110.949	423.9438
508.394	385.713							135.0583333	118.673
244.878	423.4515								219.3972
187.0754	295.166								367.5456
344.6146	238.96475								408.8222
560.6714	112.6505								407.9882
691.8094	214.07525								119.491
693.498	394.3355								219.9216
440.5395	486.63175								346.428
202.6762	297.391								347.492
343.4048	269.09125								321.5236
590.5846	113.95675								103.1362
694.9058	215.7015								185.4294
748.279	409.0425								305.725
198.131	510.12625								380.2008
312.4242	351.71325								355.7438
474.0886	288.30425								232.1548
630.1944	114.6225								112.6054
463.443	218.8055								200.32
267.2285	418.48275								305.929
195.695	601.9								387.0564
312.4564	363.60575								372.6892
464.9138	299.27825								112.6128
578.056	112.00375								206.3986
410.995	206.30275								325.0046
192.3348	330.54675								387.2562
263.9732	370.63225								363.2724
410.4232	298.07275								112.9794
377.7695	208.40175								209.2612
240.5595	112.67875								333.515
134.111	212.28675								364.5498
261.6018	354.762								335.9256
494.8882	374.13225								114.2194
847.3184	288.99675								211.1786
1023.9534	201.697								332.8098
911.6988	112.85775								369.2726
617.909	212.6835								319.0958
218.3654	368.57525								98.25908
376.0664	416.6535								174.8144
648.701	328.395								251.1408
1065.084	114.01825								291.3744
968.0678	216.039								250.995
707.8628	373.61125								161.2312
536.15	416.82775								102.39814
212.9728	305.40225								172.9724
405.9668	110.0725								262.6538
663.4978	196.17625								279.012
1102.17	300.2625								102.74488
1095.154	363.56975								183.5392
757.8826	213.56675								263.8268
591.857	131.59175								288.7356
215.2806	110.925								107.1948
412.997	200.02875								181.969
668.9726	306.48525								258.184
1094.4072	306.94475								270.0744
1055.865	200.30725								91.54596
772.0515	112.1525								143.2108
581.933	201.14675								195.7326
220.873	315.07775								210.7354
418.2564	328.0275								141.6498
700.2004	104.215								90.94698
1122.098	176.1725								147.2042
1010.3284	282.94875								185.6942
755.0675	241.828								94.3036
224.3682	128.088								147.7458
398.9828	105.216								186.1152
702.5756	178.77325								76.92004
1116.752	279.2205								109.8874
1013.6732	232.67075								139.6494
763.518	94.42715								118.1
196.561	166.5765								79.47538
373.8906	199.706								107.4412
570.1344	152.813								58.13668
865.4252	109.31625								83.29808
716.158	202.21575								87.00462
719.811	357.39775
362.42	442.469
185.7738	314.22725
352.6058	274.81025
600.4832	111.57575
864.6802	208.48675
746.2664	381.81125
686.227	535.643
195.8046	336.06375
385.8104	270.191
622.2294	112.539
885.1546	215.29675
729.4288	382.2595
762.8805	504.661
200.4666	353.3285
375.8568	285.30725
628.1574	113.37075
890.7664	217.422
724.4878	395.851
743.673	574.455
195.0372	340.265
378.6854	281.73425
638.4988	113.95125
923.6854	217.10975
760.92	394.30125
741.5015	522.3195
171.718	323.793
322.3728	270.1595
499.0094	114.078
711.7832	215.6965
738.737	353.2645
527.8025	498.9055
238.204	330.43275
207.0758	109.2645
336.1788	200.0035
510.0104	323.945
652.2078	370.67575
704.0535	290.4765
419.6355	193.53275
192.4692	110.9745
338.1138	205.73075
544.1014	348.44825
646.1026	352.1445
719.2265	314.06325
181.0156	207.68925
343.4656	113.45425
536.2086	213.78125
682.14	357.117
709.745	382.77725
201.9402	295.071
289.6548	114.38825
428.384	214.82625
578.1954	371.638
439.386	410.11825
270.2265	317.1315
203.4612	114.147
291.1994	217.158
434.0912	360.47225
569.074	345.766
410.945	276.89475
200.4866	108.77125
305.771	189.868
450.2726	290.36925
568.69	360.11175
181.8998	202.05575
253.8668	152.106
386.8508	109.72225
374.7955	193.00475
239.4665	299.21525
190.263	363.45525
274.1204	204.43225
390.391	110.8445
335.99	201.11875
169.2598	314.461
244.605	326.229
262.0966	113.14125
211.5095	200.23375
131.8002	296.562
249.1592	351.5355
453.518	101.5305
627.7332	164.709
681.46	266.36125
775.9046	232.3805
200.5056	114.25575
348.9724	103.68675
534.681	171.85775
798.1708	277.73325
650.549	233.94575
203.5844	105.4045
372.1502	176.20825
583.2512	268.28925
842.9338	91.22495
726.6054	159.108
188.8144	180.09175
361.3038	130.65825
607.6008	92.36895
853.4228	161.761
668.9298	181.74975
170.0758	89.18365
389.9248	113.53525
625.8254	112.73025
878.3468
182.638
392.7536
635.8268
905.7494
203.439
309.9808
451.9154
599.9254
599.4916
216.7206
330.9124
479.7046
643.7262
199.7938
334.478
530.4204
641.2086
192.1168
338.4372
537.3416
635.6368
191.7722
336.516
556.5024
677.495
179.088
277.4492
404.7158
571.9444
185.0738
286.3732
424.7136
193.4704
301.8602
447.8994
190.4676
317.4896
440.7908
178.2778
235.1686
378.591
181.4736
266.451
359.7296
192.0036
262.7568
157.119
233.1526
256.1522
