128.534	123.6656667	201.7108571	187.5596667	50.5583	42.49333333	56.33683333	58.7103	65.88728	60.32944	10.87602	14.32512
258.9015	247.6867778	402.1525714	374.8543333	101.1351667	84.99258333	112.7275	117.341	131.7302	120.8102	21.76102	28.6668
518.2015	495.6573333	801.6554286	753.038	202.3013333	170.1073333	225.7325	234.6675	263.5794	241.9076	43.56242	57.38892
986.7305	970.9818889	1434.107143	1423.24	362.7418	320.7743333	407.787	451.7475	504.2042	470.1812	84.56186	111.2538
1720.13	1885.635	2066.092857	2472.823333	559.1964	553.609	582.33125	817.38	946.445	919.8764	151.7544	191.5022
2008.88	3677.8025	2216.455714	3179.643333	590.169	725.28	571.22375	1181.76	1701.356	1742.036	197.4018	276.2614
3802.12	203.616	273.998	267.515	1155.91	70.2657	1052.255	94.67345	101.3296	3492.886	18.74042	558.9004
207.06825	393.1311111	512.0935714	513.8326667	78.14488	133.49	88.730475	182.087	187.0882	97.8039	35.68478	20.829
391.874	729.5557778	786.2527143	918.118	144.7068	216.062	164.26175	313.4295	325.3702	186.6352	66.32028	39.69826
688.00025	1263.705	882.2142857	1249.966667	212.3118	267.952	258.60875	392.218	448.858	340.4258	99.95164	71.39158
907.198	2197.72	1638.325714	2370.803333	240.1354	518.222	300.72275	739.8025	889.9366	549.7614	196.7405	110.1818
1746.6075	4405.51	3331.582857	4742.576667	464.3058	1038.7	570.34525	1509.26	1777.006	1080.658	27.8795	219.292
3502.6925	313.2815556	399.2461429	441.6676667	942.465	111.129	1167.205	157.624	152.3868	2118.768	45.99474	437.278
7100.04	577.4811111	691.5277143	825.0443333	113.2753333	190.8535	141.73	278.5275	247.124	4248.15	75.23204	29.36988
315.6305	1003.532111	1117.800714	1456.026667	179.636	293.826	236.1965	408.9915	393.5302	147.497	89.73456	51.08106
536.82975	1633.7575	1238.804286	1737.136667	248.7814	351.688	302.25675	402.1145	475.7712	255.8018	175.1074	84.15848
843.5895	2389.495	2221.477143	2849.186667	286.3414	677.494	247.06325	693.428	901.3584	438.2678	333.2175	110.184
919.275	4726.7475	4441.952857	5723.963333	561.79	1358.42	442.31925	1455.87	1820.802	659.2478	34.27928	218.3544
1729.3475	415.9975556	520.3367143	580.183	1151.17	134.0915	828.9465	215.9975	192.3744	1254.124	55.56938	429.7245
3478.8525	775.2956667	977.0951429	1071.753333	2246.94	226.689	187.2035	363.884	323.8274	2357.652	69.58118	34.17972
7027.29	1385.58	1483.24	1803.646667	134.7393333	302.501	258.652	448.052	408.7512	4794.19	136.3554	58.39312
412.60025	2058.9975	2130.211429	2598.61	208.6642	587.257	228.1205	737.304	806.1828	188.4596	273.9255	84.52714
708.61225	3823.25	4157.284286	5040.513333	254.1074	1179.81	445.5755	1461.135	1595.414	330.088	39.2563	169.0264
934.098	7892.225	8260.492857	10162.23333	502.8336	2364.25	869.4665	2904.095	3209.964	455.4902	52.88394	336.4804
1563.5425	509.5284444	594.0955	641.6373333	1002.7236	152.6855	1717.855	244.2835	219.8554	882.6668	104.5382	667.71
3117.97	887.524	1006.0355	1118.536667	2052.78	237.03	181.5975	359.474	323.2814	1802.2	213.8284	40.21656
6262.93	1615.045	1664.128333	1966.053333	143.0448	458.405	213.493	645.2475	599.9982	3511.548	428.0945	64.76296
12478.4	2819.965	3142.196667	3701.743333	197.125	928.852	416.32775	1279.58	1195.598	7012.51	37.15972	130.6456
450.372	5568.0725	6244.166667	7435.386667	383.8708	1860.99	826.71225	2579.575	2377.612	223.9342	73.69638	259.4622
709.6878	11168.6	12626.85	15073	768.1838	3634.53	1658.36	5174.46	4742.1	367.2766	144.4312	521.465
1234.766	494.6592222	632.1511667	695.7146667	1532.034	147.1531667	3345.355	233.533	224.532	652.7582	288.6468	51.33496
2458.772	998.603	1266.655	1216.603333	3061.22	296.312	200.25825	467.987	453.3076	1310.236	575.992	102.225
4996.188	1997.3225	2520.408333	2117.783333	154.024	590.455	394.3465	930.974	887.978	2625.088	20.42404	203.1728
9865.022	3996.94	5034.42	3930.626667	307.1334	1179.81	790.46	1864.085	1777.34	5229.258	40.85532	406.312
20094.1	7996.765	10048.28333	7840.63	616.4612	2360.19	1578.85	3733.785	3555.854	10464.44	81.75616	812.157
452.8452	15944.85	20088.41667	15504.83333	1231.386	4720.4	3160.71	7447.42	7115.226667	233.053	146.8792	26.82724
920.789	227.8392222	316.242	318.469	2461.158	74.88533333	6318.23	110.945	120.5798	468.5562	290.5556	53.65522
1834.15	454.7323333	628.4927143	634.6533333	4914.83	149.6476667	101.99225	221.6955	241.2164	927.1094	573.448	107.3562
3661.168	908.1483333	1258.827143	1265.543333	81.51436	299.7525	203.65425	443.898	480.982	1856.23	33.72334	188.2848
7327.914	1730.276667	2021.932857	2306.296667	163.2624	515.39	407.2145	806.579	870.4546	3709.856	53.11152	372.9094
14626.15	3454.12	3482.428571	4248.373333	325.9624	1012	643.36	1515.915	1695.112	7416.66	80.9776	735.859
236.62425	6866.87	6918.565714	8400.32	519.185	2028.01	1163.6025	3047.3	3332.384	111.6238	94.29982	1476.024
469.487	367.2781111	424.418	467.493	980.6338	127.429	2280.78	175.4035	175.7544	223.3034	185.0265	37.08452
939.3535	671.9178889	773.18	851.2206667	1950.864	216.126	4615.79	311.128	274.5324	446.0232	42.24372	59.50956
1692.6125	1225.42	837.9768571	1388.59	3908.62	251.515	152.72	372.5045	378.956	831.0698	66.88326	90.54158
3108.2475	1694.2275	804.2081667	1160.28	137.6918	252.1	247.79725	353.259	458.9368	1669.558	82.14464	109.821
6162.56	2138.305	1524.145	2120.813333	218.1088	504.324	285.66	645.0775	872.648	3263.864	151.0008	216.1315
12259.6	4352.27	2980.975	4382.216667	219.0668	951.068	289.1935	1295.92	1674.114	6538.87	289.542	46.1359
370.621	479.5813333	576.3331667	661.4186667	214.8728	173.8495	530.426	246.786	237.3442	172.7478	54.58244	75.80046
637.7352	896.2762222	1002.315833	1214.756667	396.373	277.883	1118.16	405.3865	396.524	304.0026	71.74638	99.6105
905.562	1619.89	1481.058333	2022.2	176.8898	315.055	200.584	402.9155	458.6982	453.22	141.9142	196.9868
880.8468	2535.6625	2050.135	2732.763333	228.4208	595.762	278.22075	659.3485	829.2952	620.7104	283.6142	385.5265
1683.672	4413.5025	4097.203333	5400.24	268.603	1235.49	232.40025	1379.745	1663.85	1169.656	565.3335	56.24686
3353.866	8879.575	8140.296667	10756.6	523.3848	2443.87	348.82575	2517.49	3296.602	2266.874	48.57568	83.53618
6679.74	687.2693333	781.628	917.9616667	1052.072	211.2486667	700.07575	322.1985	293.708	4374.244	97.32394	168.1354
460.8808	1231.87	1360.741667	1634.133333	2110.14	311.805	1388.06	491.1225	453.4574	229.3456	194.6156	332.055
813.8636	2254.5175	2223.593333	2785.153333	196.8108	552.501	259.89475	804.3055	772.259	421.7868	386.594	668.2935
1148.302	3827.96	3813.656667	4672.726667	243.5396	1107.97	260.62775	1571.08	1526.746	582.9296	771.887	59.59596
1719.448	7504.025	7593.816667	9327.133333	484.8482	2218.45	494.64875	3135.52	3042.284	1078.98	35.38714	119.0616
3415.598	15156.5	15153.1	18555.33333	969.5522	4428	989.14175	6309.455	6000.866667	2170.078	70.76328	237.3258
6759.648	657.2614444	834.0811667	954.3663333	1928.718	234.847	2016.055	326.9815	303.9074	4218.454	140.3496	471.0758
13814.4	1312.777778	1636.556667	1908.586667	3878.3	472.392	3884.59	660.681	602.5856	8494.782	187.2628	941.256
638.2272	2572.1825	3051.26	3517.9	186.9224	904.147	230.26325	1301.405	1196.674	295.6598	371.07	46.0731
1071.746	5124.0925	6095.816667	6947.586667	388.8636	1816.01	463.7235	2604.57	2374.89	494.814	745.8726	92.24452
1681.948	10258.275	12190.11667	13970.26667	774.126	3618.08	912.97625	5217.18	4748.816	833.2158	49.25748	183.3766
3213.392	20499.46667	24315.78333	27923.1	1558.924	7246.87	1826.43	10431.65	9346.266667	1636.096	70.92776	256.5928
6395.042	410.6516667	446.7878333	522.1196667	3099.83	129.6185	3655.53	187.1665	199.4616	3295.166	79.59244	519.0214
12813.18	818.5554444	893.8591667	1048.833333	6230.53	259.2128333	147.081	374.2265	397.4288	6510.412	152.638	1042.276
25718.8	1636.398889	1786.148333	2096.21	131.0144	518.1946667	294.2585	744.035	790.6442	13060.84	58.3079	2112.42
591.0904	3008.141111	2658.236667	3575.166667	261.6062	714.249	588.02925	1267.04	1315.24	332.026	81.44486	54.69844
1169.09	5870.7825	4035.708333	5677.803333	523.1078	1379.18	817.55325	2152.36	2561.928	662.8712	158.952	78.75286
2295.68	11936.15	8208.893333	11036.53333	643.0212	2782.91	1427.875	4461.495	4947.44	1304.004	317.516	93.17654
4582.104	587.305	693.6208333	767.202	1236.476	205.666	2749.36	268.108	259.2656	2591.468	59.75868	180.4475
9169.1	1084.74	1025.943333	1314.416667	2475.846	224.126	5739.005	351.7055	391.6692	5181.802	119.6726	67.86056
18349.66	1728.2025	724.2881667	1699.633333	4967.22	215.667	210.94625	266.4485	400.2446	10190.88	237.7194	94.79392
36682.7	2482.0625	1266.405	1905.473333	190.5592	443.599	240.82225	497.2195	747.6234	197.295	467.602	188.349
387.907	4010.2475	2503.003333	3712.89	187.0224	849.031	252.88825	979.036	1487.914	393.8372	51.14762	371.106
775.3508	7848.1775	4917.201667	7470.956667	185.822	255.888	482.03625	332.903	2911.006667	783.098	101.38	74.01386
1546.492	805.1398889	839.6891667	1118.62	381.202	374.246	959.7665	455.0095	348.554	1402.804	183.8614	148.193
2528.936	1439.772222	1400.941667	1977.45	721.519	546.115	227.03875	631.4345	562.548	2747.922	359.5802	294.9946
3963.07	2688.56	2208.988333	3229.656667	192.6002	1101.86	196.44875	1084.78	843.9966	5427.324	716.4	580.264
7954.12	4527.6575	3694.673333	5121.66	226.1736	2443.73	395.47925	2249.565	1574.81	10968.98	1430.22	65.82396
16696.6	8332.545	7351.775	10025.74	451.7132	4446.64	714.362	4489.74	3127.37	282.9844	52.76528	130.8368
560.1186	17473.2	14674.73333	19733.13333	872.3344	294.154	1486.1	408.471	6331.456667	468.7824	61.0069	253.9732
908.1674	1029.534444	916.6603333	1236.276667	1692.24	589.557	287.24875	810.731	385.1104	511.655	122.298	502.5416
911.6474	2071.845	1817.765	2474.943333	239.7928	1158.02	550.84625	1584.59	771.9828	963.0432	64.1974	1007.842
1539.038	4050.305	3516.945	4723.763333	479.8116	2325.25	1078.8525	3167.93	1520.278	1933.044	127.2558	2004.358
3048.398	8035.9725	6968.926667	9396.2	964.4346	4647.41	2166.7875	6331.16	2995.57	4008.248	251.445	4014.08
6037.355	16022	13977.41667	18684.73333	1923.5	172.9681667	4329.245	290.6485	5993.656	387.4676	98.38366	61.26198
12031.3	32045.725	28029.16667	37455.33333	3828.88	345.8571667	213.1495	582.597	11980	661.9454	172.2916	76.67884
722.4104	631.0186667	528.3301667	671.9356667	165.0236	690.6318333	426.7185	1162.39	280.6452	1067.952	341.9388	151.695
1244.328	1265.155556	1056.501667	1345.41	331.3992	1346.39	848.84	2132.06	556.236	2023.228	685.6846	74.43684
1957.082	2526.703333	2106.446667	2687.453333	661.1944	2693.02	1416.555	4214.955	1100.408	4127.762	1359.026	148.5718
3536.972	4970.851111	4118.333333	5295.25	1233.782	5390.73	2881.1775	8489.705	2124.52	8228.132	2702.8	293.666
7023.692	9894.775	8036.991667	10454.5	2467.246	180.574	5651.63	246.483	4198.94	416.381	47.27412	129.0938
13997.45	19842.925	16094.91667	20881.9	4861.11	177.232	195.23275	283.986	8478.942	834.1702	93.38395	248.282
27813.6	709.735	511.351	802.803	8231.96	358.007	199.7975	510.3915	275.8736	1635.974	150.0936	500.095
836.993	1212.35	743.719	1300.503333	144.5684	711.105	402.5135	999.4555	417.3118	3222.154	301.3136	990.0204
1657.098	2099.3675	1154.17	1698.17	149.9088	288.338	781.237	231.0335	623.6542	6448.686	606.2946	1975.906
3210.69	3259.3075	2304.618333	3240.693333	296.164	579.989	134.18675	469.718	1237.418	12864.92	1215.818	4001.294
6406.378	6592.08	4594.43	6555.583333	597.677	1141.39	271.4895	972.6145	2479.876667	296.3744	2426.858	7901.95
12828.02	13397.2	824.364	13210.86667	213.461	2284.31	564.9765	1919.695	393.12	586.984	4844.2	54.97256
25707.3	1017.717778	1649.098333	1154.816667	427.8486	4566.14	1147.48	3861.705	782.1464	1160.082	10.94506	108.192
548.1032	2009.9125	3210.368333	2335.463333	847.7306	341.7555	2251.745	536.1695	1527.932	2290.314	21.8996	228.9558
1095.626	3952.2375	6415.378333	4533.013333	1686.66	688.082	375.013	1075.715	3060.442	4578.446	43.8358	457.1936
2182.892	7842.055	12802.05	9006.76	324.1472	1354.893333	731.69325	2077.535	6148.966667	9138.228	84.79942	923.6802
4126.564	15645.75	25680.43333	18022.1	630.8876	2725.56	1226.11	3984.68	524.963	18267.42	156.8026	1845.384
7717.758	31408.075	1009.848333	36072.53333	1213.678	5382.69	2532.7875	7758.79	1038.996	333.4726	204.0696	3686.184
15436.44	1198.625556	2043.391667	1327.5	2386.914	8959.21	5062.2725	13125.75	2024.572	540.9162	19.46096	7377.53
26137.3	2400.537778	4068.955	2653.666667	4734.616	135.382	8500.53	184.93	3972.222	750.8804	37.17378	7386.1
600.8674	4780.792222	7954.338333	5301.786667	8070.18	271.236	170.79125	371.967	7891.638	1551.052	71.0213	14.43236
934.3552	9470.7325	15607.45	10394.73333	111.934	538.578	340.527	753.891	15757.18	3080.774	116.9118	28.87598
1376.998	18731.675	26085.35	20720.76667	228.844	662.669	681.216	846.6505	230.0898	493.4994	234.7176	57.8059
2656.5	31173.525	423.8648333	34355.23333	456.238	1316.15	544.9945	1706.015	455.883	979.3184	464.333	111.4722
5491.76	556.6965	833.8665	552.6906667	564.706	2654.75	1089.73	3402.855	929.8374	1898.254	29.14034	195.9344
10078.9	1115.89	1654.9	1099.476667	1123.394	5277.47	2182.665	6828.82	1857.3	3795.404	46.81108	290.4334
834.871	2203.346667	3319.276667	2174.373333	2196.878	8764.17	4354.06	11334.8	879.094	7588.028	80.83796	581.5118
1658.452	4397.036667	1839.261667	4343.72	4391.83	13147.5	7290.875	17004.6	1764.546	568.164	103.3402	22.98708
3241.52	8814.13	3703.951667	8682.08	7324.76	42.85298333	10854.85	61.7441	3545.62	1128.452	202.104	43.86946
6487.438	2073.795	7429.435	2571.05	51.73316	85.71431667	60.73245	123.469	7037.014	2229.864	35.27536	83.01626
13012.86	4174.445	14770	5145.273333	103.4646	171.4653333	121.516	246.795	14009.68	4423.126	59.62732	144.298
26078.6	8223.2175	24487.26667	10277.93333	206.9478	320.393	242.99225	477.229	28024.52	8863.67	77.7767	289.9642
990.398	16532.35	36583.66667	20380.73333	373.9358	552.438	450.6715	848.915	66.59226	17651.52	156.149	568.5182
1995.034	27472.85	211.96	33702.7	564.4072	844.523	689.36575	1541.445	133.0794	34746.3	309.168	1128.585
3896.706	41349.25	424.4255	50626.5	617.2504	72.8636	722.7305	101.396	266.4774	268.5946	41.16868	30.24418
7249.228	124.1983333	848.5393333	194.163	1237.76	137.43	1386.235	190.054	509.7394	530.2138	59.62618	50.15882
14178.18	248.4716667	1508.381667	387.875	82.984	216.257	96.242625	313.3915	976.432	1073.584	112.67222	87.15444
23464.76	497.5597778	2160.408333	778.3346667	152.0542	260.858	179.5565	392.6785	1855.224	2149.172	231.3222	123.6382
35690.9	970.0414444	2682.943333	1456.973333	213.7392	528.898	284.1645	752.3855	113.8014	1043.19	38.81272	245.1565
503.9008	1895.6975	293.8128333	2528.75	231.2426	1040.8	309.57175	1527.21	208.8562	2094.422	77.1702	35.6152
1007.294	3768.5575	549.225	3919.326667	474.316	122.0031667	590.901	171.3115	392.725	4135.038	154.8386	62.48352
2005.928	233.9495556	851.2281667	283.2563333	123.4538	204.519	1194.64	276.5985	701.318	8338.4	307.058	90.97056
4018.26	451.5874444	942.1743333	543.1733333	184.039	299.045	157.85275	395.091	1353.222	16586.78	20.75748	181.2794
8048.62	867.3641111	1767.601667	969.9333333	247.3282	357.031	235.497	440.2705	2759.112	33032.66	41.5316	362.5075
1543.558	1605.431111	3477.378333	1291.73	291.1326	677.847	306.8505	825.992	159.2392	33214.16	82.4432	41.07974
3088.66	3224.8925	448.3691667	2513.723333	580.8774	1434.52	293.80775	1649.545	243.2358	61.18948	148.0564	66.0471
6140.708	6501.39	789.2523333	4935.356667	1169.84	143.9541667	547.4145	240.5735	391.7658	122.3392	293.558	131.9602
12236.86	339.1976667	1251.968333	480.0816667	142.4742	243.791	1094.865	407.4025	475.0944	244.7756	586.2272	261.1112
20221.64	626.6123333	1279.38	891.933	212.8808	310.934	202.85675	485.7325	957.1872	471.445	35.64884	522.0955
30322	1174.9575	2334.8	1520.773333	257.9454	610.38	277.41625	899.202	1969.716	924.3764	53.18464	52.96774
60941.4	1903.375	4668.783333	1745.133333	509.602	1229.13	257.214	1761.68	204.7874	1797.832	90.87758	105.7992
132.2012	2972.2525	582.5811667	2971.85	1025.806	2453.91	456.48725	3547.245	352.6806	3575.758	134.692	211.2994
264.8108	6258.3475	1040.378333	5932.713333	2052.74	169.541	889.7505	278.152	436.8542	106.8308	263.5145	419.0246
530.2662	469.0218889	1518.918333	639.0266667	159.0302	270.556	1857.96	411.5625	804.5052	201.7804	43.89358	27.27304
1018.246	881.8311111	2104.196667	1177.643333	224.5346	504.127	212.6585	726.7845	1621.454	385.1848	72.73394	54.53194
1796.27	1575.4025	4183.056667	1910.203333	442.9674	1003.14	249.54325	1439.46	3165.548	708.7746	93.51756	108.2358
2307.088	2471.495	8358.846667	2669.466667	885.8648	2020.01	490.441	2878.685	242.706	1455.382	174.9955	189.5176
4714.44	4382.015	704.3425	5286.44	1782.05	4034.49	985.7915	5808.395	394.621	2839.224	55.17736	375.7068
241.0806	9279.29	1201.98	10638.13333	3557.27	161.861	1928.265	257.2785	692.4332	5692.28	75.5557	756.133
451.8872	621.0431111	2021.515	705.5726667	165.6082	324.438	201.74825	517.6	1340.736	153.9346	150.463	1515.72
822.7578	1103.77	3849.558333	1246.07	330.5094	648.648	399.533	1040.295	2686.878	264.7612	288.2885	41.78598
1344.948	2035.2125	7608.256667	2146.216667	656.0734	1297.05	806.49275	2081.3	5304.91	455.9488	51.84826	63.34946
2588.736	3512.6275	15164.28333	4010.006667	1312.136	2594.19	1614.0575	4161.94	261.7598	720.5138	103.9326	112.9782
5225.032	6959.8575	765.5073333	7931.403333	2613.78	5189.23	3229.69	115.8855	524.5374	1275.502	206.7692	187.561
10406	14257.7	1528.795	16343.06667	83.54686	75.35413333	110.5405	231.7125	1047.23	2617.17	406.5675	373.3428
352.9738	602.2625556	3069.49	781.342	167.2648	150.736	220.8765	464.3025	2078.892	5269.176	36.54134	739.769
624.8062	1214.285	6152.591667	1562.52	334	301.2021667	441.185	826.4055	4157.518	199.0252	72.4988	46.97136
966.3448	2430.1975	12299.15	3115.956667	525.9692	512.383	702.509	1604.05	8185.33	361.4852	142.6958	79.2495
1029.756	4870.305	24602.81667	6239.533333	1014.57	1010.66	1321.2675	3212.285	122.4234	524.9492	189.7278	109.0902
1954.574	9740.465	335.1141667	12485.26667	2026.21	2028.74	2628.45	184.5615	244.2472	1067.8362	380.7622	212.996
3897.104	19481.4	670.3085	24966.1	4039.64	129.539	5336.39	308.9	483.3792	1933.456	764.1724	58.46758
7886.49	229.3438889	1341.435	330.848	142.9936	214.367	168.99475	343.161	884.516	3834.294	52.2947	89.83364
471.5986	458.7976667	2188.698333	661.6223333	219.7572	243.129	273.3905	347.5985	1752.72	7994.91	85.819	177.1722
830.5132	917.8538889	3768.913333	1317.51	212.7138	242.105	285.936	672.595	3489.342	246.79	118.0526	349.17
1097.056	1745.013333	7709.963333	2423.596667	195.536	456.557	286.03825	248.9185	197.4232	425.9706	232.9526	58.55964
1775.594	3491.845	465.2176667	4453.756667	437.952	197.016	541.6555	401.0895	325.8484	763.3816	471.2	117.5004
3552.408	7018.3825	836.8755	8908.29	178.9084	299.511	219.4505	438.999	530.9868	1507.302	65.83324	233.5038
7033.09	422.1852222	855.0981667	493.1073333	227.2568	306.047	288.4535	820.448	906.579	3002.752	89.6314	459.5645
13937.6	767.028	805.3028333	907.629	273.3284	658.687	287.73975	1557.715	1808.956	5887.68	172.8655	47.35138
591.9034	1421.72	1574.568333	1491.286667	544.0894	1270.07	513.7695	3218.04	3623.038	265.41	69.35056	93.87798
974.2768	2510.343333	3187.9	1181.816667	1090.52	2671.7	1010.9375	348.5285	230.3492	534.3888	137.058	184.8646
1515.226	5090.696667	608.8791667	2368.78	208.7852	229.663	259.4815	573.3095	382.9874	1057.244	269.2555	257.5354
2977.112	10466.7	1058.066667	4647.116667	247.9508	332.718	274.2725	906.025	466.0836	2099.194	51.94896	523.1262
5923.112	525.5522222	1538.74	699.6573333	495.3188	574.111	523.724	1786.755	824.0374	4201.266	101.825	1078.552
11759.2	991.3027778	2180.905	1284.21	987.8288	1149.52	1023.27775	3510.345	1672.854	8276.142	188.0056	2178.925
23597	1824.0175	4313.921667	2075.11	1984.85	2311.32	2016.015	7260.14	3548.52	113.6204	372.9194	62.41622
625.344	2940.345	8683.13	2821.803333	204.9272	248.873	237.34075	355.608	321.0206	226.836	743.5556	108.3636
1253.326	4780.3975	835.2558333	5514.523333	410.4054	502.405	482.60775	709.078	516.2996	450.2288	1485.604	169.863
2487.86	10865.7	1403.58	11098.2	832.3212	986.139	961.3825	1386.365	784.4352	842.1942	70.04318	339.4046
4975.972	740.2087778	2243.703333	959.7276667	1673.59	1976.46	1921.8875	2778.68	1500.088	1675.746	107.0576	686.841
9944.452	1337.328889	3909.5	1699.316667	3336.42	3944.85	3842.205	5560.215	3016.568	3347.544	215.2202	72.63972
19939.55	2490.0675	7834.721667	2982.94	132.7872	126.8838333	166.26525	196.235	6053.843333	6697.736	426.861	105.1912
242.6392	4348.015	15674.41667	4990.506667	265.0872	253.547	331.97575	391.946	344.727	190.9336	70.06184	205.3396
483.7842	8262.68	916.0745	9911.35	528.963	506.0586667	661.21425	783.0335	685.7698	332.1656	139.77	412.608
969.4102	17092.75	1809.925	19880.33333	641.8472	667.179	879.091	1228.605	1356.948	591.6914	101.0118	74.92034
1758.57	844.2506667	3434.391667	951.8386667	1259.294	1344.22	1648.71	2309.31	2673.87	1058.056	180.0114	148.8104
3338.104	1675.8925	6856.973333	1909.12	2516.498	2808.68	3150.855	4697.355	5352.232	2090.656	361.4322	293.388
6690.158	3254.2475	13728.73333	3628.916667	4155.84	201.986	5394.35	271.8775	10694.06667	4295.378	723.4426	66.42556
13578.9	6469.8025	27504.46667	7227.433333	190.6886	215.077	235.2165	339.888	202.6752	8633.978	1437.34	130.7618
422.117	12933.55	465.659	14431.46667	178.6914	205.576	249.615	280.141	402.2116	243.4956	2867.96	257.6198
709.9696	25865.95	931.6531667	28943.16667	181.107	413.453	220.36125	580.1705	794.4704	434.1572	87.84162	513.5114
1168.3	406.0664444	1861.165	538.1993333	337.771	240.407	468.517	333.103	1354.986	654.745	175.9464	1023.966
1654.922	812.6632222	2808.98	1088.2	200.9066	355.273	267.757	454.82	2598.1	1115.276	349.9145	2050.634
3056.634	1621.457778	4337.671667	2159.353333	241.545	492.55	262.00425	733.7285	5165.058	2251.312	159.9374	4100.47
6181.854	2959.433333	8988.676667	3733.81	493.624	997.009	513.4435	1516.995	277.472	4587.824	321.1468	91.15794
12955.3	5930.01	698.0216667	5993.973333	985.101	1960.14	969.7585	2937.955	494.0376	318.0296	646.9814	149.2324
541.9586	11750.4	1015.890667	11427.73333	235.1052	298.617	1870.265	450.897	833.579	548.7858	1300.02	298.1482
944.0438	650.1788889	729.0901667	773.559	474.6138	598.022	258.0405	909.255	1518.716	902.0874	2594.426	603.6885
1217.768	1239.982222	1348.768333	1345.34	952.049	1189.37	499.33625	1786.71	3042.546	1753.768	2591.93	81.49546
1880.84	2315.248889	2517.373333	1630.2	1903.86	2382.02	1009.81	3557.46	5923.31	3495.974	10.97676	161.2638
3798.438	4313.825	855.6533333	2131.09	161.0068	4742.01	2016.665	7136.595	324.1892	7179.194	21.95932	323.6555
7619.472	8367.705	1464.261667	3864.95	323.3288	163.1533333	224.1395	282.841	535.9388	374.6678	43.60836	129.6174
15142.9	17315.25	2382.366667	7972.68	642.453	326.4841667	448.5025	563.934	792.2984	745.4048	83.68038	252.2718
706.9936	821.6745556	3779.685	1100.05	1241.078	652.6728333	894.753	1126.655	1464.508	1462.182	154.8636	506.6784
1212.448	1510.3275	7767.001667	2013.723333	2464.098	1296.69	1636.8275	2188.595	2974.693333	2889.84	204.9064	1013.466
1916.858	2808.2475	15217.81667	3320.1	4076.59	2586.77	3232.5625	4339.025	403.2352	5777.002	19.692	2017.112
3484.914	4781.195	943.3591667	5155.483333	139.3178	4310	5409.56	7226.92	803.279	11536.56	37.56028	4061.052
7006.054	8848.2025	1893.345	10365.3	145.995	172.241	197.59275	243.7915	1557.81	199.9774	72.2216	4128.35
13949.4	18482.925	3749.725	20480.5	309.928	175.042	179.1375	280.9875	3124.424	394.7628	121.3294	142.1604
28218.9	1047.604444	7453.741667	1323.77	229.7746	345.944	393.335	518.972	6231.543333	776.7252	241.592	284.988
732.9268	2086.7025	14927.08333	2638.61	459.709	266.554	190.09325	296.4895	278.7108	1410.988	30.72732	573.2125
1458.818	4088.8775	29874.7	5162.946667	904.705	535.615	373.5335	590.7085	549.2284	2767.002	49.46676	239.252
2821.01	8160.015	548.3951667	10232.1	318.28	1059.19	738.16725	1201.68	1095.426	5364.144	89.2749	479.6606
5646.496	16288.7	1096.968333	20463.7	621.0154	2125.14	1474.23	2387.49	2154.5	10909.26	133.9118	963.9018
11304.62	32650.575	2191.16	41013.33333	1212.568	324.808	426.90375	549.783	4310.888	293.3528	268.6552	1929.374
22605.35	597.9198889	4335.97	684.02	2390.226	651.108	850.4485	1098.56	8609.434	533.2614	531.5535	3859.016
407.349	1195.486667	8517.978333	1366.873333	3995.74	1299.63	1575.96	2165.56	452.7632	948.4478	38.07032	3859.825
813.7922	2393.167778	14217.81667	2728.56	108.119	2580.72	3126.795	4213.375	866.1936	1788.574	66.78162	14.46814
1631.004	4768.36	518.2965	5423.616667	223.077	4299.27	5053.46	7003.77	1574.534	3474.968	88.71254	28.95214
2656.44	9487.3825	777.28	10705.33333	583.7398	6439.22	7688.375	10423	3007.816	7173.606	173.1645	57.46736
4440.082	15792.225	1056.798167	17751.13333	1166.418	130.95	167.70025	192.405	6020.298	14965.74	42.744	110.0212
8885.158	1142.831111	2237.765	828.7966667	2279.128	261.818	335.9785	382.5715	12103.72	355.5036	64.61928	195.1074
15436.9	2260.545556	831.5935	1328.293333	3780.01	637.289	689.97425	983.3745	355.914	640.2408	127.1852	297.739
588.389	4381.1675	1666.775	1850.786667	53.2184	1271.48	1369.0725	1955.845	701.9826	1032.4024	247.4275	602.2988
1074.92	8439.6425	3284.161667	3291.256667	106.3698	2551.61	2755.7225	3925.365	1395.808	1879.132	46.8571	23.09856
1928.234	16473.175	6555.291667	6582.083333	212.7664	4258.91	4590.055	6526.74	2794.203333	3814.444	93.15372	43.94014
3058.612	27300.55	13124.61667	1173.84	383.9304	6374.8	6875.68	9797.615	5593.11	470.7084	184.5054	82.51064
6165.966	1017.9525	1069.466667	2379.166667	584.537	12725.9	13810.3	19638.55	534.7542	934.433	362.8725	145.9338
11824.64	2051.1575	2143.675	4712.47	648.0186	43.5324	63.8435	63.714	1068.772	1810.36	20.91694	291.6934
21122.3	4048.83	4296.46	9366.276667	1313.52	87.02926667	127.6735	127.376	2120.014	3616.024	41.52442	584.0485
786.603	8085.6875	8488.575	18601.63333	87.91778	174.228	255.4065	255.2765	4216.16	7239.904	81.84208	32.60472
1341.808	16169.675	14014.68333	1353.5	159.9418	326.135	483.773	497.9635	8299.754	291.8156	149.9278	53.94758
2123.136	1169.058889	21041.65	2708.566667	220.4636	566.033	779.1775	917.853	16561.62	574.2994	297.7566	101.5558
3749.93	2350.163333	428.9725	5385.773333	231.496	864.889	884.186	1804.16	681.7522	1146.618	600.4814	164.898
7551.532	4688.735556	856.9296667	10680.4	451.787	75.2534	1751.01	108.244	1346.726	2269.42	36.22344	326.3354
14982.15	9324.9725	1716.488333	17638.93333	136.243	142.397	105.039	203.9875	2706.064	4545.11	53.4496	648.632
875.9514	15456.775	2019.308333	26474.53333	200.1788	222.648	196.97075	331.2415	5385.87	9109.242	91.88396	35.864
1758.466	23205.075	4047.611667	544.5053333	259.2782	253.618	301.79325	418.7775	10775.44	18024.26	142.8874	64.74008
3475.25	1829.5475	8053.425	1092.333333	302.0874	509.53	343.7965	812.406	21650.96667	490.561	283.6555	95.91578
6932.312	3611.365	13329.33333	2191.603333	603.86	118.959	644.1165	185.217	984.6746	933.0126	46.4272	188.5735
13903.78	7193.965	19975.5	4372.76	158.6154	186.317	175.259	295.9875	1971.238	1760.25	80.42302	43.11778
27845.05	14233.35	39927.93333	2651.52	230.1428	277.953	244.87675	415.9945	3942.004	3373.572	113.0086	71.97574
567.8594	23545.525	217.4443333	5309.4	285.2844	368.856	333.91675	482.9365	7914.618	6642.182	222.1638	141.6708
1137.416	35656.025	434.984	10659.53333	576.295	717.63	358.07775	973.999	15696.7	13597.72	450.2995	277.7945
2261.444	2209.8475	870.2663333	17555.66667	1146.15	1515.18	709.2205	1996.485	15702.13333	26560.34	58.72452	45.69538
4413.688	4437.115	1551.883333	26128.7	179.6146	145.996	230.15575	254.787	67.55298	445.9596	80.28278	91.34012
8530.696	8924.3025	2210.175	52342.2	242.2694	238.559	311.158	410.0245	135.0666	884.8566	160.0584	180.812
14202.52	14670.325	3209.186667	197.5496667	476.0018	312.064	315.52375	482.5835	268.2412	1767.48	56.47808	356.4595
21297.9	22031.325	307.1133333	394.579	955.8314	623.149	598.30675	881.0245	502.1024	3538.146	111.3572	27.44636
994.66	44016.95	573.4656667	789.0073333	1912.4	1251.96	1165.15	1759.1	979.5802	7066.772	219.4855	54.47058
1931.154	125.9123333	879.6605	1492.33	198.2966	181.425	273.78725	3457.41	1944.494	567.9336	36.80286	107.3214
3588.632	251.8424444	949.2536667	2569.703333	397.05	281.484	286.4325	310.5565	115.3418	1132.75	72.4999	191.5244
6601.034	502.66	1843.141667	4265.016667	788.701	539.279	561.46225	464.867	207.924	2253.162	144.9706	381.3912
12816.18	986.3287778	3695.821667	288.874	1575.76	1078.84	1097.4	781.338	395.2806	4495.794	191.172	764.0712
21279.52	1929.2125	431.1331667	554.794	3153.05	2170.34	2208.935	1566.605	689.9546	8962.358	388.1888	1539.375
32408.9	3846.445	691.9211667	992.3306667	87.66374	181.994	228.36325	3143.74	1390.288	17745.76	778.1266	42.21804
911.8084	234.2	1093.778333	1311.863333	175.1626	364.282	449.13625	297.505	2867.842	17766.32	52.1452	62.1733
1820.996	446.3133333	1456.758333	2514.55	350.1614	728.87	900.66675	594.8635	175.2394	755.1464	88.15368	110.8654
3581.326	857.2842222	2701.988333	5103.596667	546.4796	1455.85	1798.93	1198.155	282.1874	1507.686	125.35	186.6336
7119.986	1659.965	5487.591667	496.2816667	1067.942	2911.39	118.293	2392.785	496.6368	3017.518	249.2705	374.0445
14261.95	3157.445	611.319	915.508	2127.386	76.48113333	236.4855	4794.905	814.3034	6023.554	72.68416	51.1323
1081.482	6470.5325	1117.131667	1563.233333	3567.87	152.6491667	472.209	120.4295	1608.586	12028.5	109.9906	91.09386
2172.274	395.3548889	1760.868333	1682.24	148.3218	305.5853333	773.39125	240.905	3399.11	24049.6	220.139	140.3568
4290.764	724.2367778	2287.573333	3072.29	218.7836	517.587	1492.8025	480.841	199.03	1082.65	442.7785	280.7852
8354.186	1343.077778	4550.483333	6212.39	214.346	1031	2985.445	873.2835	353.344	2179.718	69.83682	553.956
13593.08	2523.58	9122.291667	661.6466667	216.393	2079.66	4925.55	1731.715	470.7532	4352.342	137.4488	58.17858
20380.62	4688.5825	768.5405	1231.286667	186.5558	133.638	184.65525	3473.975	886.948	8658.95	275.745	88.51254
40864.6	10082.785	1316.028333	2046.656667	235.7046	217.527	291.81775	195.0135	1800.496	17280.32	51.36892	171.942
1579.014	487.5988889	2107.408333	2834.543333	280.477	238.491	303.682	327.839	3749.446667	17189.24	102.7578	65.74906
3141.18	930.7226667	3876.175	5589.313333	553.111	244.008	302.036	345.1505	268.0694	17279.76	188.4234	130.2382
6207.438	1711.585	7612.78	11317.53333	217.7176	177.954	233.9545	336.6405	456.8612	61.82256	375.664	256.9685
12372.3	2855.6825	15467.46667	799.0676667	263.0664	270.79	310.57775	258.934	753.7844	123.6566	751.1012	47.43276
20495.92	4947.075	855.9201667	1383.7	526.2848	324.278	333.26875	427.684	1469.224	245.6382	1502.755	93.30456
30774.8	10750.45	1716.166667	2344.393333	1065.26	650.246	685.136	552.9555	2858.268	471.103	72.28464	186.8036
61564.8	687.0841111	3412.748333	4150.813333	208.7156	1335.88	1282.3	933.4205	5849.24	923.8822	113.392	258.029
1862.72	1304.44	6842.396667	8312.053333	421.6372	228.26	284.74775	1878.745	303.558	1836.79	224.5385	524.405
3723.872	2413.1625	13672.01667	16493.56667	852.766	339.716	314.21675	352.881	608.532	3693.594	89.4429	1073.668
7496.736	4283.995	27302.48333	1049.323333	1710.27	571.674	596.495	521.605	1203.288	106.9368	179.2948	2209.6
12466.64	8362.1825	341.4903333	2092.613333	134.2132	1136.25	1124.695	850.848	2366.456	198.9816	357.912	61.66502
18547.48	17228.8	685.5531667	4182.64	268.091	252.777	2216.81	1668.01	4731.883333	379.1038	102.5046	107.3172
37047.36	806.771	1367.163333	8350.626667	535.3238	508.416	285.4755	3251.865	124.2836	698.6496	183.42	171.5678
37183	1631.8	2249.475	16688.63333	649.6586	1006.36	570.436	371.8285	246.3222	1399.386	365.005	342.6885
134.867	3239.0075	3926.61	33325.86667	1284.208	2009.37	1112.4375	741.316	485.1608	2866.26	729.7248	81.70504
269.9792	6480.4625	7921.586667	335.8403333	2140.2	126.5353333	2230.235	1463.25	896.487	5826.658	1460.508	132.4314
540.63	12930.825	485.9201667	672.7466667	191.8144	252.6296667	4495.005	2934.285	1771.486	168.8814	1455.39	265.3528
1040.372	25946.675	865.6905	1343.953333	181.215	505.8405	182.3905	5859.285	3588.828	293.9256	94.28344	535.272
1879.358	234.7146667	869.9266667	2470.823333	166.903	681.75	363.943	207.537	200.89	520.6434	188.289	78.06518
2623.776	468.7232222	831.4236667	4538.353333	205.3554	1407.91	727.004	415.58	323.1718	950.2682	165.1628	153.536
5658.45	934.6468889	1527.24	9207.763333	237.8874	2417.93	955.60075	829.3085	508.61	1858.31	332.133	65.6325
244.5936	1782.374444	549.4478333	503.551	478.934	203.072	1837.925	1328.545	892.6286	3882.99	669.4138	131.1598
455.0968	3585.32	1001.236	923.6123333	253.855	212.607	3044.01	2523.72	1692.498	8033.87	1337.344	255.4126
842.0696	7175.1025	1632.655	1540.916667	513.4598	188.835	251.47875	4330.975	3653.678	197.8064	1338.43	511.9162
1432.468	414.8872222	2529.035	1175.896667	1029.66	231.399	264.38825	277.5185	254.9098	367.6956	10.99434	1024.428
2813.77	722.1242222	5008.296667	2364.113333	162.529	393.168	237.2005	378.505	464.42	527.743	21.8147	2062.65
5630.24	1348.498889	10228.63	4640.103333	324.1952	571.995	286.63	311.183	747.6844	942.2354	42.9756	2083.04
11491.8	2541.5075	911.8973333	714.154	647.0704	1176.63	310.4455	356.641	1367.182	1930.428	83.74876	89.11348
389.3596	4818.795	1604.083333	1335.3	1260.852	286.435	621.084	555.378	2741.88	4000.792	155.5212	149.393
653.6746	10026.185	2539.241667	2139.59	2089.85	575.668	983.0165	876.9955	5628.936	266.1882	200.2003333	298.9445
1107.41	597.5797778	4197.251667	2814.78	138.853	1147.95	296.46125	1665.86	303.6996	475.0524	19.72822	106.1342
1661.074	1154.194444	8379.201667	5659.396667	139.411	2289.68	592.51275	402.6205	516.97	816.7468	37.24404	212.2836
3205.678	2148.532222	16963.73333	11313.9	228.3596	162.935	1178.815	801.5535	824.9558	1588.018	70.97478	424.7608
6326.162	4098.595	1003.099667	1028.99	455.748	326.027	2361.575	1590.555	1631.15	3197.946	121.3482	130.9278
12865.3	7847.1775	1982.35	1844.636667	320.7442	649.622	236.26075	3205.3	3328.943333	6480.852	31.11296	253.8446
483.8958	16414.95	3850.406667	3180.716667	622.0072	1295.23	472.9425	289.4295	372.814	305.5338	49.321	505.4694
872.0514	749.8292222	7670.89	5268.263333	1234.844	2148.56	944.46775	580.766	737.2452	610.8062	89.70222	1010.806
1248.992	1367.68	15356.25	10490.3	2029.81	3232.46	1795.96	1160.285	1436.516	1207.662	140.728	2024.68
2030.376	2520.05	30710.35	20823.2	3034.86	167.925	2963.6225	2291.145	2870.75	2378.73	39.255	2026.92
4020.84	4470.85	471.1518333	1067.29	594.896	170.292	4502.21	3790.26	5741.026667	4755.06	69.77468	138.5922
8098.346	8563.6075	943.9926667	2106.103333	1182.03	288.128	209.015	5670.85	206.5718	114.7266	103.1776	275.786
16551.5	17660.85	1887.77	4075	1945.6	578.397	179.75	250.094	405.582	227.6686	204.2086	242.938
672.3344	947.8323333	2893.83	8085.116667	2899.39	1156.55	244.78225	289.47	813.756	447.6214	45.48914	484.0258
1159.21	1909.785	4510.631667	16331.96667	54.00278	323.81	488.65175	531.596	1341.274	852.9006	70.74218	971.4652
1912.644	3757.8225	7543.063333	32614.76667	107.9622	648.899	953.874	359.382	2519.304	1685.006	137.4696667	1954.436
3522.506	7521.2025	693.5813333	546.2416667	215.919	1302.53	463.127	715.5535	5171.348	3378.298	48.16088	1946.67
7036.666	15034.225	1047.413333	1097.15	387.1652	2142.95	925.631	1430.955	275.9388	6785.544	95.50644	14.49542
14033.65	30154.05	731.0911667	2179.273333	596.2694	3220.61	1812.19	571.5625	489.8266	190.2692	20.87468	28.76806
27904.4	407.621	1462.306667	3632.376667	683.5904	6448.5	2934.025	1154.6	842.3282	330.3388	41.07892	56.65306
777.5124	818.8474444	816.7348333	6235.436667	1138.54	126.593	4396.765	2274.69	1528.83	563.671	82.25956	110.0986
1562.686	1632.321111	1499.416667	9515.58	90.98572	640.286	8804.985	3748.85	3024.222	1012.7812	149.7318	196.605
3097.82	2936.1425	2697.505	786.7356667	165.1646	1280.32	171.4825	5597.815	5983.596667	2009.182	299.3942	293.1744
6177.752	5815.9175	4792.871667	1364.42	218.887	2138.1	841.85275	11186.95	443.245	4015.344	36.05994	607.666
12337.76	9676.95	9610.38	1669.093333	230.183	3207.54	1693.2375	200.91	786.1384	8406.832	51.74376	23.27904
24669.85	611.5564444	16217.98333	1937.523333	142.2544	6371.89	2807.56	401.6435	1485.694	259.3308	92.35952	43.772
248.5872	1177.796667	1018.075	3939.383333	199.4538	6404.25	4196.205	1098.87	2917.376	486.9248	46.79928	83.10756
496.7946	2192.621111	2057.081667	1106.253333	263.5404	43.90963333	8442.785	2204.535	5802.688	842.0962	81.92848	147.0864
995.0624	4192.7625	4033.86	1998.676667	307.18	87.84155	65.520575	3632.98	11746.6	1573.64	120.4828	293.873
1822.394	8196.4775	8048.981667	3259.2	170.7184	175.7593333	131.00725	5427.61	413.0378	3115.812	241.63	32.86242
3513.81	13777	16086.71667	5358.68	278.4512	329.422	261.93875	10852.5	811.0036	6438.804	63.8723	53.75016
7001.812	1110.673333	552.1843333	10605.7	351.6876	582.647	501.569	10838.35	1616.298	13186.56	99.84778	100.76652
11710.4	2171.517778	1101.788333	1410.89	713.4356	932.449	825.79875	64.5708	3232.226	311.039	201.7906	165.8224
426.7416	4260.3725	2205.466667	2847.05	1414.288	76.879	959.297	129.1975	6465.9	506.744	61.90514	330.9805
697.7264	8174.1825	4364.211667	5621.956667	2809.76	144.375	1618.97	258.4655	277.0366	860.5926	122.2573333	39.26966
1228.11	16311.65	7203.643333	11160.96667	189.4592	217.166	110.539	504.113	554.2014	1691.998	36.49982	71.8422
1930.778	27098.025	10807.83333	22289.96667	253.8906	247.596	200.80125	950.696	1106.974	3403.654	72.9989	120.1422
3411.516	1034.75	544.3488333	687.8043333	498.1224	122.234	315.82325	1794.175	2181.538	396.501	145.8756	239.2018
6846.238	2061.41	848.386	1376.346667	990.113	193.028	351.989	111.782	4341.996	786.732	188.055	477.718
12351.4	4054.95	1063.973	2755.08	284.4488	284.326	188.7275	212.4915	8678.902	1537.23	381.9868	41.42422
545.4172	8113.805	1220.378333	5432.793333	561.6734	359.824	277.46425	338.5365	445.6428	3075.842	51.10998	69.49408
1016.374	16214.9	2468.745	9023.966667	1114.63	769.328	378.56925	417.7395	852.5594	6158.622	87.54498	134.1845
1769.434	26967.25	4942.11	13494.13333	2230.49	175.894	409.50975	195.056	1593.244	198.7226	72.0166	53.14968
3010.776	604.4147778	9846.18	812.7863333	89.33634	319.473	786.784	314.0535	2986.624	391.6224	114.5718	105.5012
6036.93	1201.492222	16383.7	1305.206667	177.827	508.764	224.3065	472.0365	5906.268	782.309	229.4714	207.6545
12164.78	2424.916667	1086.311667	1788.066667	355.0598	976.224	346.54075	554.2425	11832.1	1369.43	83.50944	27.37668
20381.7	4820.505	2170.771667	3354.443333	556.1984	1924.64	454.26625	1149.645	688.505	2622.146	167.4852	53.93722
735.1482	7985.65	4325.431667	1201.14	1093.44	3909.76	908.885	300.6225	1398.262	5383.11	51.41422	107.8936
1272.806	11881.225	7116.211667	2437.79	1817.78	182.776	1729.905	538.1885	2807.838	9796.264	102.963	192.672
2110.106	1090.041111	10681.66667	4881.936667	150.0502	287.082	3507.835	878.8345	5596.826	284.941	186.0546	384.935
3922.394	2185.3575	21298.88333	9629.973333	224.821	536.839	295.2765	1464.005	11201	515.5086	371.8782	771.3256
7878.724	4258.4875	430.4135	1370.15	200.463	1086.06	334.842	2907.245	22402.03333	896.2666	742.7686	1537.215
15903.3	8163.935	860.3835	2716.376667	187.3466	347.513	644.2475	6092.185	545.9706	1704.078	71.98118	42.01588
834.28	13367.55	2035.256667	5428.366667	237.2496	697.581	1282.54	325.1355	1091.87	3350.694	92.79236	61.34612
1683.574	20034.13333	4084.136667	8961.673333	292.808	1385.92	267.39025	492.8535	2170.86	6795.322	185.6914	115.1152
3302.392	1937.89	6846.943333	13390.26667	292.3586	2771.66	542.66275	847.9905	4329.706	13105.98	102.4332	184.0638
6598.466	3924.955	10173.46667	26807.23333	462.6072	76.75953333	1079.5975	1646.055	8583.622	474.496	181.9864	364.4045
13181.92	7882.64	20329.33333	521.925	766.2026	153.5666667	2159.23	3330.03	8575.772	858.1024	363.1046	51.54494
26399.65	15556.175	20332.28333	1043.223333	1591.706	306.141	122.807	326.5645	672.0876	1633.274	729.6642	91.27678
420.6318	25930.8	220.123	2092.013333	3091.25	519.782	245.91375	654.803	1369.328	3260.03	168.0674	146.0656
839.3472	38992.325	440.811	2684.01	217.7716	1044.27	492.12175	1311.18	2781.142	6439.468	337.5718	291.3516
1682.802	1179.62	879.5491667	5340.72	428.9468	1765.37	825.757	2624.385	5526.672	13117.2	677.8124	67.02802
2823.056	2379.42	1560.825	8948.403333	863.695	135.14	1596.6425	122.7915	11004.53333	25822.76	677.3194	112.3538
4733.214	4792.87	2243.203333	13338.33333	1722.97	223.807	2669.78	245.4075	1045.94	432.5324		225.7828
7864.468	7862.595	3263.171667	26580.83333	133.9206	231.225	4065.03	490.4565	2080.5	853.1374		451.2215
11984.6	11782.05	314.1851667	26537.83333	267.6004	178.47	193.9535	896.9745	4183.92	1690.072		61.8621
588.1274	23557.5	590.5211667	199.9186667	534.8158	279.443	301.7645	1805.085	8352.186	3384.024		121.3034
1107.058	1869.845	935.3151667	399.251	659.3816	322.768	309.4315	3016.01	8282.002	6762.12		46.91212
2006.818	3759.5875	948.292	799.121	1089.17	662.31	261.56375	200.0415	8297.34	288.4272		93.73148
3451.17	7498.693333	1868.558333	1499.89	1615.76	312.4605	343.82725	328.26	68.11336	577.948		187.4148
6810.23	12345.025	447.6548333	2608.696667	190.496	597.548	375.6455	350.1805	135.1446	1145.2		255.2198
11191.5	18603.15	712.0346667	4225.286667	182.986	1059.01	698.7805	276.306	266.1798	2291.402		513.585
16727.4	37158.5	1173.57	292.866	205.1032	2144.66	358.66875	458.568	507.9732	4555.4		1037.916
984.919	2300.6975	1561.211667	563.356	231.186	4092.73	549.57675	561.4995	988.3166	9095.716		1061.925
1887.284	4594.5725	2834.005	1008.505	462.679	7118	1019.8315	1000.4555	1967.546	9083.742		60.61514
3615.892	7717.885	5978.626667	1328.226667	937.3614	249.705	2019.4525	486.135	116.2542	485.5198		110.8282
6537.976	11512.15	562.2966667	2562.793333	1834.07	501.539	4069.84	933.8955	207.2026	924.0924		173.06
13122.4	23050.35	1028.956667	5070.3	3666.59	992.216	301.50725	1660.615	386.0312	1727.876		345.5355
21590.92	22871.95	1701.23	507.462	161.0208	125.917	593.1685	3091.595	712.1858	3276.716		81.71028
33476.2	126.6956667	2640.42	924.7663333	323.1266	252.546	1151.94	6223.535	1434.41	6585.508		141.192
939.792	253.475	5172.465	1611.103333	647.53	502.632	2319.855	10476.3	2930.316	13062.78		282.4304
1887.452	507.3671111	10374.36667	1783.753333	1047.8	679.778	190.86775	410.124	179.163	773.6432		565.384
3735.564	990.9221111	854.2186	3121.646667	1574.94	1168.54	381.256	818.2135	283.295	1560.026		97.52644
7451.056	1955.3425	1470.38	6520.323333	226.668	1708.25	761.564	1622.57	478.3136	3133.656		194.189
14898.35	3891.3025	2334.338	671.8436667	321.139	201.139	992.77275	3244.12	828.1922	6224.806		391.5664
24784.95	236.2374444	3892.556	1263.38	623.132	215.82	1635.185	211.3525	1618.726	12451.02		65.70126
581.7672	450.5202222	7794.192	2052.956667	1022.07	229.807	2415.28	422.6855	3309.488	24981.68		131.3634
1163.066	869.6765556	15864.04	2803.03	1510.57	357.6	256.45625	841.121	225.8112	571.7406		253.0428
2322.644	1685.305	1140.164	5537.673333	598.916	569.384	272.0055	1352.82	414.9052	1145.986		506.01
4581.84	3345.65	2296.642	11252.16667	991.842	545.124	302.7325	2141.05	649.322	2277.748		1014.09
7496.034	6648.0975	4565.108	871.911	1461.78	1087.13	326.60475	3148.57	1269.846	4541.264		1027.285
11242.92	398.3474444	9088.538	1531.176667	54.44782	2155.09	643.5915	277.4905	2523.03	9033.848		91.2126
22639.3	704.772	18163.54	2673.54	108.8776	4307.97	525.53325	371.6965	5098.36	9061.46		154.4162
1044.188	1320.244444	347.9176667	4702.05	217.913	7128.26	1048.065	319.818	267.354	9035.04		309.358
1994.53	2444.4	694.515	9315.666667	392.9406	10709.9	2093.21	377.236	450.8018	741.1964		111.404
3786.13	4582.8225	1394.138333	18580.5	600.7324	161.16	4180.885	587.894	761.7544	1474.706		223.3066
7093.662	9641.1925	2304.986667	1354.36	630.25	323.457	6969.84	928.0625	1504.156	2986.668		446.2745
11597.1	596.5623333	4025.013333	2697.693333	92.96624	641.663	241.83325	745.98	3021.443333	5929.574		131.3326
17508.72	1154.59	6766.256667	5371.386667	164.538	1074.58	484.77	1486.22	322.108	11907.3		251.4244
35246.5	2235.8125	497.3645	10729.26667	220.868	1608.43	965.39275	2974.78	632.9362	1121.248		500.9976
1681.226	4030.5875	894.045	21399.53333	144.9212	3228.04	1566.37	5920.745	1236.844	2227.648		1003.256
3382.258	7673.625	970.2555	342.7846667	201.2826	165.133	2356.49	9840.94	2471.26	4450.576		1014.484
6721.316	16089.125	871.8666667	687.7126667	267.593	285.152	4693.755	292.803	4947.3	8943.464		1022.725
13326.56	769.923	560.9103333	1370.666667	160.7238	571.232	212.756	581.6525	124.2012	8916.392		131.1394
22117.76	1434.9875	1027.586667	2516.773333	274.2948	322.843	272.51975	1176.415	244.714	8900.918		263.107
33069.65	2583.7925	1693.146667	4676.853333	343.8176	641.93	542.687	1928.335	490.138	62.13894		243.2746
66212.4	4614.045	2716.136667	7776.103333	701.894	1068.19	478.3505	2867.105	902.748	123.4132		488.4302
1138.448	8819.26	5303.708333	510.773	1415.83	1601.54	955.21625	5768.58	1786.816	243.0202		978.5688
2271.626	18231.575	8875.715	963.1546667	293.1304	3207.19	1563.335	252.6895	3558.356	467.9954		977.3846
4499.838	875.112	897.2801667	1627.54	455.7862	3197.54	2338.835	303.5265	199.1762	929.8532		977.082
7420.852	1758.9625	1641.938333	1282.33	767.2996	638.866	4673.68	419.4135	300.2386	1852.312		14.38688
11072.3	3490.765	2962.598333	2260.646667	1551.358	1063.66	921.53	828.9705	508.4962	3646.24		28.32104
22105.02	6962.76	5152.03	739.2553333	2979.71	1592.83	1525.2175	585.965	898.6548	108.3672		56.6639
22164	13919.775	10342.05	1372.163333	382.0122	3191.3	2262.99	1159.655	1761.492	197.912		109.7314
1774.476	236.3824444	17229.53333	2167.216667	779.851	3179.86	4551.905	1917.24	3586.546667	376.6982		196.0882
3512.148	472.9305556	982.1234	2891.02	1519.024	3178.61	4557.42	2863.585	251.8472	706.209		277.0674
7045.692	944.2987778	1963.896	5697.84	3042.334	44.11458333	66.40685	5731.045	456.9078	1438.71		23.16002
11629.4	1811.9075	3879.914	9563.946667	6082.54	88.2611	132.7445	5749.24	776.5112	2933.542		43.1802
17474.16	3628.1925	7749.302	1065.666667	89.27936	176.4671667	265.73875	1143.945	1432.644	5750.778		83.14328
34912.45	6018.365	15491.16	1898.81	178.4694	332.379	508.59025	1900.46	2870.168	169.646		147.037
2135.878	414.5018889	471.8785	3265.193333	357.0364	591.288	855.53375	2838.455	5872.236	290.4504		32.78138
4258.976	744.8364444	942.7873333	5281.65	560.4004	809.428	844.3305	5662.885	404.2408	512.4692		53.00498
7131.858	1377.404444	1889.343333	10515.36667	930.225	77.9197	1304.37	5661.49	705.9994	927.2632		101.6834
10611.02	2501.4125	2840.895	1084.82	1382.39	144.396	113.79475	65.11795	1356.056	1824.244		169.54
21222.96	4807.7725	3864.115	2166.54	151.165	219.909	207.58225	130.222	2657.78	3903.31		38.96856
21160.75	8005.04	5712.85	4301.126667	215.828	124.255	322.2925	260.492	5339.932	7377.944		71.68434
136.1908	571.2528889	658.5533333	8550.113333	187.2536	191.877	196.55025	507.0365	10878.83333	226.6362		122.4626
272.5302	1111.647778	1010.7185	17123.13333	240.49	288.904	272.95375	969.0745	379.041	426.5384		47.56896
545.037	2144.375	757.747	551.4333333	280.1938	382.656	386.303	1459.28	747.6426	710.4808		83.49992
1052.438	3981.1325	841.5685	1099.916667	452.065	164.6853333	422.654	113.84	1484.74	1362.624		167.2064
1892.376	7704.6775	1486.048333	2200.01	794.2182	305.921	232.79125	213.4895	2964.726667	2749.734		45.29818
2872.766	12874.2	2797.461667	3634.683333	1565.88	490.006	357.7225	330.346	204.2916	5618.292		27.02166
5043.69	1109.932222	5029.931667	5038.723333	466.7444	982.465	507.96925	435.459	407.949	11169.02		53.99316
248.028	2172.868889	8374.246667	7307.266667	944.0384	1939.49	1066.2925	200.2	817.1866	272.247		107.9532
461.1864	4229.7825	1328.476667	776.303	1850.842	3327.76	2038.26	320.337	1238.272	468.4962		192.3526
862.7942	8060.345	2680.335	1385.686667	3685.94	314.44	379.7835	488.892	2474.376	812.6532		386.6934
1507.518	15916.525	5333.553333	1675.793333	132.9824	577.334	543.328	570.307	4642.924	1638.462		778.9306
2954.806	26552.225	10613.9	2085.34	265.5524	1046.51	1082.9325	289.088	271.1228	3274.086		41.57318
5870.516	1101.3275	17693.21667	1118.423333	530.1386	2088.5	2054.0525	517.8195	485.5978	309.1662		61.3347
9973	2216.295	554.0123333	1886.46	553.385	4204.51	4227.75	829.949	862.1268	612.6088		114.663
401.0444	4397.645	1106.338333	3370.15	814.14	6752.77	379.44525	1466.975	1593.338	1204.29		50.91516
662.3758	8742.9025	2213.171667	5508.33	205.16	420.456	759.0555	3012.28	3126.7	2405.676		92.15392
1156.332	17451.875	3627.715	8632.273333	452.1274	857.44	1515.755	492.8235	6191.623333	4817.48		147.0568
1842.208	409.7335556	5434.173333	1379.503333	911.447	1697.46	3032.995	872.5635	435.718	114.3512		66.54314
3426.16	816.7186667	10869.11667	2795.01	1794.64	3385.77	125.49125	1557.81	772.0706	225.343		113.4206
6843.944	1636.273333	551.0505	5575.183333	159.427	6788.52	250.7965	2909.305	1519.702	450.9382		226.987
12220.2	2978.1075	819.2595	11098.83333	323.264	76.7799	501.061	5815.57	2949.298	854.1856		75.4631
543.7892	4780.2575	1206.128333	18535.96667	535.286	153.608	837.176	527.4685	5799.124	1678.322		151.0724
1016.954	6987.5275	2465.531667	689.9656667	794.012	306.882	1386.0825	1058.185	11653.66667	3389.362		46.98802
1728.296	603.9772222	4927.045	1383.68	317.753	526.558	2037.28	2125.97	674.3512	6661.854		93.81436
2840.278	1182.66	8175.64	2758.09	512.82	881.793	199.20825	4244.715	1348.204	190.7302		187.6638
5859.476	2263.8825	1092.328333	4556.276667	747.906	1311.72	302.1885	123.936	2680.632	320.3448		253.8402
11321.72	4168.0825	2173.7	6796.673333	54.65246	135.735	265.7075	248.03	5363.782	549.2686		514.0852
19570.6	6860.1	3608.368333	13588.8	109.2084	222.993	359.35525	494.5725	10648.06	1014.4856		60.66252
721.9954	10258.1575	5355.28	801.6913333	218.3672	178.958	412.04	928.2335	21396.46667	1970.166		110.679
1250.166	1082.158889	10752.03333	1111.623333	395.5384	277.547	385.1195	1528.09	277.5206	4002.868		83.45722
2076.348	2131.6225	10725.2	1936.793333	535.736	338.026	602.837	2294.175	555.249	7380.05		139.697
3803.366	4117.4475	424.662	1210.766667	580.484	300.302	1130.2875	204.092	1112.258	251.889		98.105
7592.79	7954.775	2068.32	2441.953333	94.1164	568.56	2229.275	330.207	2199.21	471.3336		196.1422
15383.25	12987.125	3456.95	4884.16	167.735	1023.4	3758.76	347.4405	4367.136	831.9924		65.78318
941.0426	19595.15	5214.072	8128.336667	146.5012	2026.48	578.46175	280.242	4365.56	1568.288		131.4508
1886.832	1962.081111	10331.78	1377.873333	210.124	3290	1153.7475	457.923	453.9208	3128.704		251.7968
3724.222	3986.405	10327.24	2739.023333	159.68	5012.92	2290.095	609.8545	883.6596	6257.858		503.7766
7437.968	7914.1325	221.46	4522.763333	272.106	541.726	4573.35	490.3625	1621.714	415.158		506.2768
14876	15902.075	442.7598	6760.06	359.9014	1087.15	195.4885	913.4675	3088.212	750.0204		91.30016
29597.25	26311.775	884.0364	13533.3	712.383	2141.84	389.8165	1625.18	6285.643333	1461.41		110.4736
251.433	39467.675	1576.804	13406.26667	282.2028	4271.65	780.9105	3097.535	711.023	2882.746		131.3414
501.7762	601.00025	2295.248	515.3473333	438.8772	7113.13	841.43325	5299.285	1425.56	5738.666		253.2098
1002.688	1205.8775	2692.472	1035.99	751.9714	124.842	1249.2175	761.5385	2864.308	11592.28		499.3442
1853.236	2406.755	320.1984	2713.036667	1436.33	249.181	2490.935	1521.37	5717.036	422.0768		501.6276
3566.264	3970.945	599.7466	4533.03	467.5738	500.493	259.301	3022.07	11461.63333	829.5474		243.7498
6016.238	5929.755	947.7916	6722.256667	930.951	582.941	318.284	6055.98	548.6354	1651.366		488.8002
9056.89	11907.5	1016.187	13454.8	1817.052	872.71	388.615	10068.85	1094.928	3308.122		489.5012
428.8132	1122.3025	452.8642	13403.8	3636	1795.37	580.471	214.1915	2188.956	6609.068
703.9824	2219.935	733.4316	13394.93333	89.47946	201.718	1159.515	430.1525	4381.558	195.4834
1257.412	4232.535	1203.302	201.403	178.4274	228.796	2317.9775	857.371	4345.546	392.5774
2030.278	6751.4175	1614.562	403.9313333	357.1414	383.433	3863.4	1137.78	4333.793333	783.261
3680.82	10177.675	3012.84	805.861	467.649	530.783	244.97075	1602.525	717.26	1330.366
6041.462	20065.15	5064.658	1509.653333	706.084	1058.49	491.796	3259.145	1445.698	2545.394
9425.83	1934.59	571.684	2673.103333	186.313	2115.57	815.1065	277.6225	2899.094	4939.498
555.3622	3960.23	1051.674	3223.55	278.9204	3523.66	1212.85	371.7245	5840.983333	4841.832
1054.504	7920.573333	1758.88	297.5173333	455.3948	5301.84	2412.25	383.071	1072.664	279.5074
1897.624	13113.45	2690.798	573.6763333	780.556	10543.3	2405.285	611.7595	2142.09	524.394
3284.242	19614.5	5280.514	1036.71	458.7816	160.045	311.0925	811.771	4263.552	913.1616
6547.286	39196.175	9066.364	1317.283333	923.9916	321.596	487.504	1628.28	4270.936	1747.51
10878.92	1198.0925	944.033	2557.086667	1815.97	531.719	803.0315	3222.62	4254.33	3441.398
16198.6	2369.77	1688.632	517.182	132.294	800.297	1194.7475	5345.65	67.7642	6769.586
995.9384	3969.865	3045.198	950.205	263.0826	1602.26	2401.4	294.26	133.3892	464.7476
1858.476	5911.055	5183.404	1664.173333	442.7002	1600.44	2402.685	587.093	266.4622	859.987
3475.982	11794.35	10379.16	2067.85	413.602	283.604	780.61475	975.487	506.2672	1615.232
6346.28	11758.725	17348.12	3138.833333	456.832	317.846	1172.465	1458.67	963.6992	3175.026
12498.58	1961.47	1232.786	5346.63	923.102	530.272	2337.8875	2912.11	1871.624	6289.56
20893.56	3960.7425	2481.746	683.8943333	157.676	794.595	2329.91	2902.25	115.9906	12551.52
33309.6	6541.065	4923.744	1276.343333	265.254	1585.05	66.8631	434.6295	205.0602	713.1162
1011.804	9799.6625	9818.37	2103.06	398.166	1592.22	133.641	587.1535	391.2292	1432.95
2030.324	19544.025	19652.76	2882.72	54.742	1588.08	267.51375	972.721	709.9768	2871.098
4032.688	19569.175	32751.16	5666.203333	109.42425	526.125	513.8995	1450.755	1443.688	5717.242
8028.83	2374.77	349.1084	1243.613333	218.9845	793.537	722.503	2899.935	2789.046667	11435.42
16085.45	3949.2275	699.2616	2318.333333	159.36625	1593.51	660.061	2899.805	179.3	22873.24
429.2046	5863.34	1400.454	4107.053333	275.291	1577.82	115.6295	966.5575	283.6686	287.2466
853.9274	11715.125	2213.498	7266.863333	281.0325	1582.98	206.873	1432.53	491.5224	574.782
1711.392	11690.85	3420.81	13739.46667	439.3355	44.2126	200.0945	2878.5	840.9834	1151.072
2850.422	11660.3	5119.45	22998.23333	459.118	88.416	275.878	2887.335	1644.238	2294.798
4022.39	127.2484444	501.429	1607.17	914.32875	177.077	405.27	2888.11	3071.866667	4570.16
5958.29	254.2847778	894.0602	3200.773333	89.2148	331.844	224.9205	65.4463	223.4966	4554.144
11993.8	509.1091111	1009.3444	6364.303333	178.76875	495.403	392.71475	130.8915	408.3796	4537.52
586.094	1000.3635	567.8784	12697.23333	298.72	537.309	639.40325	261.9135	662.1732	490.379
1120	1968.51	1058.64	25448.46667		78.717	1223.7775	511.3545	1287.64	938.2786
2012.858	3214.0925	1771.958	42299		146.361	2053.21	827.3325	2607.05	1722.172
3688.69	236.9523333	2835.714	347.4186667		125.069	403.39475	1114.21	5041.996667	3362.048
5937.07	451.5135556	4632.944	694.8496667		192.316	631.22725	114.9875	333.4606	6751.908
8933.118	888.5055	7020.248	1391.436667		298.192	1125.22	210.647	603.1728	771.6686
17960.3	1700.8475	927.5328	2503.996667		163.929	2335.995	337.661	945.3252	1577.24
1041.952	3305.975	1639.08	3900.796667		304.026	564.56725	197.6685	2203.89	3152.986
1950.068	5601.8725	2962.956	5885.406667		496.909	1114.15	314.8515	4409.622	6278.096
3703.016	404.982	5179.074	519.5216667		961.138	2235.415	427.3355	8835.38	12553.8
6984.612	729.0856667	8776.724	953.137		1587.36	4463	292.028	368.075	570.624
11591.3	1393.33	1360.758	1592.18		299.97	126.823	532.6355	718.7486	1139.752
17530.7	2491.395	2707.884	1236.626667		556.794	253.73475	861.8995	1444.566	2282.024
34106	4704.0175	5365.382	746.9446667		1017.18	506.70375	1541.615	2878.893333	4567.856
1720.142	7846.72	10584.2	1415.553333		2017.65	713.78025	2627.295	122.6364	4535.01
3449.628	570.1248889	17633.62	2235.746667		3340.99	1061.1175	498.9105	245.3282	4534.776
6892.412	1109.224444	472.7574	3026.143333		540.072	2089.725	915.256	490.9684	765.1142
13681.42	2123.305	942.857	4830.206667		1082.59	202.5165	1632.565	886.6072	1546.572
22761.14	3877.1675	1887.312	1084.723333		2138.07	267.5255	3166.455	1745.308	3099.254
34060.4	7540.2975	2146.398	1962.63		4248.48	360.565	762.4775	3477.644	6224.304
68482	12489.125	2869.168	3209.603333		7126.17	403.839	1521.335	196.8994	1134.888
586.571	1088.845556	5703.634	5387.5		76.4512	730.7445	3037.6	333.691	2266.934
1170.036	2103.684444	638.5988	1838.75		152.467	1333.0075	6053.84	499.5258	4548.068
2331.944	4107.19	983.3264	3708.523333		304.882	2243.825	125.09	883.7272	4542.974
3837.01	7718.445	870.3992	7389.23		437.519	624.2485	249.4185	1711.228	4520.86
5733.972	15132.025	1567.922	14627.33333		655.338	1254.55	499.352	3368.99	61.80726
11441.5	25354.025	2862.414	24394.73333		1328.05	2498.86	772.187	249.8732	121.7728
11422.5	1259.545	4320.864	36583.83333		135.966	4170.355	1158.495	466.7782	243.468
1068.862	2518.5825	6510.064	556.426		177.446	197.6325	2303.025	805.707	468.0064
2023.412	5021.9125	1313.09	1111.6		286.069	394.82925	205.434	1528.47	917.964
3904.932	10063.325	2645.736	2216.6		300.515	660.25325	340.8765	3006.334	1748.526
6090.34	20088.325	5292.098	2623.863333		558.949	644.0815	272.491	5780.826667	2798.824
9045.296	237.1605556	8789.612	3670.57		1039.67	1266.95	458.6045	400.678	107.7982
18587.65	473.4994444	552.6158	7418.006667		1724.75	1267.975	506.4845	718.986	193.429
1783.516	947.9562222	1108.364	764.586		2556.14	325.8735	924.1105	1345.786	376.0706
3606.518	1825.4	1847.426	1354.156667		530.19	696.60925	1656.31	2734.882	708.4372
7208.424	2993.4725	2725.202	1510.943333		1059.03	1399.6975	2697.06	5400.266	1426.166
11920.48	4490.87	5446.574	1121.736667		2101.41	2319.49	840.8125	10915.96667	2824.08
17903.74	413.1356667	5448.568	1848.74		3526.89	3478.38	1686.86	548.2368	5636.434
35782.1	786.12325	548.4722	2997.35		5275.12	247.085	3350.59	1094.918	170.1176
1152.826	1349.235	1333.318	4535.34		123.64	412.20425	5554.265	2186.012	281.3322
2286.09	2552.215	2669.468	1398.733333		247.428	615.02175	216.143	4359.686	512.3238
3779.038	3907.39	4420.384	2840.423333		412.805	1224.98	431.95	8723.16	956.4812
5668.042	5954.12	6598.14	5664.066667		418.202	1222.33	720.4105	204.3902	1843.408
11330.86	579.1363333	1097.214	9444.886667		835.481	410.05925	820.1675	407.904	3509
11347.9	1136.6825	1808.954	691.8496667		847.417	607.2125	1600.44	815.1452	222.556
11292	2142.985	2699.588	1379.68		235.386	1220.8475	1590.57	1179.2	413.8416
1844.862	3942.995	5410.774	2304.056667		538.661	1218.37	379.074	2314.622	710.0792
3699.878	6521.4275	5367.32	3411.666667		1068.38	591.4795	852.348	2300.196667	1396.506
6177.556	9829.43	1738.952	6803.63		1770.27	1184.75	1705.13	272.4234	2715.13
9188.744	1085.461111	2613.76	6777.293333		2660.87	1187	2823.98	485.0572	5388.058
18371.45	2125.005	5232.234	792.9033333		5328.23	1183.08	293.9325	862.2004	333.0984
18362.2	4074.305	5229.298	972.0396667		158.864	116.441	488.622	1614.908	603.6142
2208.572	7776.3975	222.5252	1209.196667		264.007	202.286	734.0805	3240.976667	1174.42
3696.312	12962.15	444.2598	2439.11		396.808	272.747	1465.48	454.0498	2385.124
5532.012	19408	889.8408	4059.563333		793.076	227.961	1463.715	798.326	4690.364
11024.66	1935.095556	1571.882	1365.366667		793.225	401.241	490.4445	1509.386	9461.808
11018.2	3926.7175	1971.786	2266.04		795.866	667.496	730.1275	3025.844	360.3458
11014.25	7869.1975	2083.228	3411.606667		264.022	1108.09	1470.855	5944.203333	708.925
136.8918	15643.075	321.6966	6770.08		397.523	406.275	1455.485	679.5364	1415.356
273.899	25978.55	599.4042	6761.54		787.589	709.308	1452.285	1354.246	2834.016
547.8868	38942.475	937.0852	6755.736667		789.42	1324.28	729.205	2722.472	5650.974
1055.112	408.52475	456.5198	510.572		790.416	2313.56	1447.13	5418.93	112.8186
1930.832	824.13125	747.4824	2251.43		393.692	619.826	1456.935	10791.13333	225.6824
2381.388	1648.5775	1223.668	3369.34		791.869	1248.84	1448.02	277.1514	451.4914
3821.57	2328.56	1676.426	6799.156667		791.074	2486.61		553.9228	839.6378
249.5034	3537.1125	2574.33	6729.216667		786.99	268.864		1105.262	1658.882
460.6622	6907.745	3836.688	6718.133333			420.457		2203.508	3336.88
875.1064	600.19825	574.0408	201.8373333			732.328		2187.052	3328.11
1556.314	1191.9825	1075.382	404.0083333			1163.67		2179.726667	187.4872
2991.054	2162.9025	1760.86	808.1533333			1800.71		464.8062	317.4152
4983.02	3414.045	2863.292	1519.5			708.808		870.6892	545.5994
7621.46	5090.0725	4634.682	2228.106667			1416.31		1604.952	951.5338
413.4636	9999.6675	7040.044	2417.793333			2348.73		3151.426667	1821.562
673.4124	1098.8	960.3184	300.6536667			3540.41		736.4466	3623.722
1194.968	2162.4825	1745.51	578.363			731.286		1473.1	252.0018
1956.416	4103.7025	3050.928	1033.83			1213.15		2968.504	475.64
3565.25	6558.1225	5345.036	1337.546667			1824.2		5931.41	839.979
5854.12	9865.9425	8837.764	526.427					548.2952	1613.596
8962.51	19580.375	1411.766	958.2773333					1098.864	3153.792
555.8434	1963.4625	2800.172	1663.163333					2189.604	6172.09
1055.53	3953.075	5538.582	1925.113333					2188.704	406.1478
1837.856	7889.67	10983.66	2651.996667					2170.523333	746.1774
3137.472	13119.35	18309.94	686.7766667					737.34	1455.1
6316.106	19803.3	350.214	1283.94					1479.384	2853.814
10426.98	39518	700.8186	2162.686667					3015.57	5635.022
15895.1	601.1795	1401.07	2924.506667					1073.112	11199.24
990.6628	1201.3925	1841.654	4812.366667					2154.818	593.8166
1836.716	1981.3175	2568.18	1268.673333					2145.474	1190.304
3351.156	2969.9925	5189.94	2435.913333					2140.65	2361.824
6013.346	5937.4775	508.6836	4283.86					66.8839	4729.192
12366.16	5921.7025	861.7244	7462					133.708	9456.94
20382.2	1120.085	569.2312	11769.9					267.66	195.2108
29265.5	2225.615	1054.294	1860.596667					509.9523333	390.9254
1159.73	3490.5225	1694.608	3711.453333					962.017	782.702
2313.372	5148.92	2360.492	7343.883333					1295.2	1262.316
4574.368	10136.755	3538.66	14629.76667					114.5463333	2451.214
9106.842	10183.8	962.0066	24364.83333					203.6213333	2484.464
18214.25	1977.1725	1687.034	350.1086667					383.2896667	2465.912
253.318	4050.685	3034.894	700.954					705.6946667	278.2932
508.3076	6796.3825	4587.782	1390.81					1395.776667	514.2488
1011.65	9990.2275	6860.312	2049.526667					177.262	913.3464
1864.01	20011.925	1382.112	2938.176667					287.6403333	1722.608
2988.066	1193.135	2755.996	5914.226667					477.6086667	3426.788
4516.378	1966.285	5482.858	519.0913333					865.4153333	465.6474
9312.75	2960.3775	9119.59	967.4016667					1635.246667	850.7498
431.0654	5902.1875	471.2218	1595.256667					219.612	1639.202
672.7728	5892.045	943.237	749.327					406.949	3225.51
1267.978	5898.925	1576.112	1404.59					700.086	6423.892
2101.102	1985.425	1556.702	1958.573333					1372.67	704.6596
3152.012	3342.985	2899.78	2459.786667					331.0236667	1414.814
4704.404	5004.0725	2908.77	1105.116667					593.219	2830.502
9709.83	10029.89	637.0554	2011.916667					1143.17	5639.188
569.0206	10033.2475	882.7592	3090.69					2304.4	11296.16
1082.532	1975.2025	1575.158	4573.116667					429.7023333	287.3824
1953.972	2951.5325	2284.098	1903.32					862.45	575.0584
3521.244	5895.7175	3307.968	3849.143333					1715.59	1147.376
5682.71	5884.985	1398.294	7595					3427.103333	2289.29
8638.938	5872.745	2826.656	12512.73333					123.023	2274.934
17633.8	127.4131111	4682.772	18812.4					245.539	2268.39
1040.184	255.0031111	7012.46	544.0266667					491.7653333	491.3924
1974.702	509.801	553.9328	1098.626667					862.8653333	897.3234
3739.212	1000.2805	925.8938	1838.573333					1751.396667	1756.198
6840.986	1634.3775	1383.774	2107.043333					196.9486667	3369.482
11544.78	2418.0975	2737.042	3694.52					296.385	779.0518
16947.2	237.3817778	2723.502	3695.93					499.247	1569.45
35144	461.8665	2725.592	764.263					870.4423333	3136
1695.484	887.08075	1343.6	1243.643333					252.4836667	6302.992
3407.218	1721.765	2238.522	1128.386667					461.8503333	573.34
6802.342	2778.285	3332.014	2192.103333					781.179	1137.782
13516.54	4090.8725	913.1334	2548.876667					1552.926667	2285.834
22478.96	408.1556667	1358.012	1398.546667					406.1696667	2276.868
33659.2	758.46225	2713.906	2825.633333					704.4843333	2268.496
431.696	1393.6475	2699.372	4692.74					1388.173333	770.1768
861.6286	2461.6725	2691.334	691.4243333					2714.606667	1539.436
1726.076	4115.47	1311.338	1149.226667					573.822	3120.84
2232.438	5799.3525	2622.976	1722.456667					1147.89	1140.53
3046.642	578.7002222	2614.226	3414.353333					2284.32	2273.23
6110.132	1137.315	2614.1	3404.623333					4591.843333	2270.528
6097.42	2167.33		3396.64					204.6946667	2270.34
584.473	3844.205		786.5133333					409.016	60.92756
1129.46	6337.3875		1209.753333					818.02	121.859
2013.546	9471.7425		2031.24					1122.24	243.6538
3134.808	1084.144444		1136.883333					1163.263333	467.5896
4580.572	2107.14		1703.756667					268.5676667	891.1468
9085.66	4004.44		3408.683333					481.7696667	1368.464
1073.052	7639.91		3394.07					845.5873333	1404.744
2031.782	12746.5		3378.473333					449.199	106.3154
3793.588	19144.45		1707.683333					812.1446667	193.107
6036.618	1915.1275		3357.973333					1554.186667	368.8758
8916.514	3833.38		3379.556667					680.5703333	680.0724
18229.55	7651.08		3373.756667					1363.113333	1379.654
1817.788	15303							2742.23	2779.65
3678.294	25380.05							276.8483333	167.6046
7313.506	38078.45							553.3206667	275.0178
12107.06	237.6505							1098.67	498.1106
18086.68	474.6675							1099.826667	903.1358
36270.75	945.4375							465.7826667	1740.126
587.6612	1489.585							827.3896667	218.7426
1171.322	2252.5525							747.928	418.1066
1949.504	4498.055							1503.44	721.089
2886.452	413.51125							549.813	1401.54
5775.408	786.16375							1094.61	2856.646
5757.29	1353.49							1093.553333	332.2554
5755.44	2077.7								650.4726
1081.548	2974.5275								1165.168
2046.386	5863.4125								2359.312
3228.682	581.63325								4703.962
4687.1	1156.16								433.7592
9270.415	2133.735								864.4488
9394.95	3299.4725								1725.076
1853.428	4923.8825								3447.778
3748.522	9656.5025								6886.302
6222.454	1098.9325								112.9288
9307.038	2176.91								225.7038
18565	4024.875								452.1632
1157.33	6401.545								822.3104
1929.368	9723.61								1663.196
2877.336	19250.05								1655.57
5738.984	1972.8425								187.393
5718.81	3992.525								316.8226
5707.545	7821.4775								539.2794
1880.3	13070.475								953.0218
3156.89	19683.625								1842.946
4724.764	39098.9								252.1784
9397.985	407.75525								476.3914
9381.86	820.811								836.3554
1882.338	1356.31								1645.338
2820.12	1733.5575								3172.014
5609.792	3403.43								408.5764
5599.325	3397.7675								733.999
5575.905	595.5115								1444.896
137.2782	1164.38								2868.656
274.677	1778.305								5648.062
548.8636	2580.6475								590.9818
1056.372	5013.975								1190.564
1606.772	5020.5475								2374.32
1773.274	1108.2825								4747.062
3528.04	2191.1325								9478.92
250.6418	3398.66								194.9716
463.0206	4913.3175								389.8796
876.684	9896.83								781.82
1551.766	2015.4825								1218.706
2523.074	4048.8725								1210.956
3817.452	6719.1725								1230.028
7620.93	10096.1625								277.3186
423.3364	20170.925								505.3778
661.3228	597.655								880.1372
1225.108	995.81								1728.94
1989.112	1492.3775								466.2756
3109.01	2966.33								847.5982
4627.556	2953.79								1620.462
9156.77	2954.79								3231.848
567.6034	1114.53								716.0336
1070.922	1768.9775								1435.846
1910.602	2542.44								2881.158
3368.084	5062.4225								5759.954
5482.22	5081.465								286.7194
8301.075	2016.8825								573.5646
16540.1	3373.705								1143.924
1042.122	5037.2								1141.36
1878.718	10033.7225								1137.008
3526.278	991.90075								490.6812
6451.44	1476.04								879.8968
10744.4	2964.5425								1659.832
15539.1	2951.2275								778.9504
1639.3	2954.8025								1578.154
3238.83	1668.3475								3141.278
6455.484	2513.14								572.9568
12845.66	5051.6725								1139.414
21405.34	5046.0975								1136.178
31913.15	1479.1775								1135.392
253.4028	2924.0625								763.6538
506.1436	2956.275								1522.944
1015.802	2933.925								1134.56
1538.376	127.516								1138.934
2279.468	255.315								1133.228
4587.78	509.91725
4587.81	829.296
433.2748	1226.3575
658.364	2224.8725
1234.46	238.745
1665.978	464.557
2453.482	855.87825
4841.065	1337.9775
574.5588	2042.67
1112.998	4065.8175
1948.588	407.19625
3003.744	759.03525
4414.128	1320.39
8859.95	1940.46
1063.54	2852.3425
1998.47	5490.75
3807.576	583.21525
5831.598	1140.9125
8694.356	2040.125
18161.45	3173.26
1786.268	4695.1825
3609.576	9079.515
7111.51	1106.1975
11841.44	2159.3225
17718.14	4069.0475
35507.15	6248.7175
430.545	9679.71
863.5554	18910.125
1444.1	1951.0475
1596.938	3939.6775
3113.71	7713.915
3174.305	12830.5
3093.24	19257.125
585.1004	237.3755
1101.566	475.1205
1676.676	791.88475
2349.46	1129.425
4689.745	2215.3475
4652.43	2237.1925
1075.69	411.986
2035.324	721.39575
3111.648	1046.2675
4623.202	1512.285
9264.305	2688.015
1891.096	2713.8675
3803.434	584.6695
6338.228	1150.88
9406.598	1691.8125
18746.95	2456.67
588.1468	4748.0175
972.7318	1112.985
1459.704	2171.76
2911.396	3379.6625
2891.42	4869.7125
2884.605	9746.13
1077.392	2011.57
1713.77	4045.59
2421.656	6771.8775
4763.315	10055.1675
4752.425	20012.95
1879.644	407.3295
3166.752	681.581
4710.486	1023.995
9440.065	1640.89
964.6854	1667.8825
1446.622	1695.0275
2889.046	594.2145
2871.91	948.33925
2856	1286.745
1573.814	2502.8375
2367.072	2521.9525
4794.74	1119.79
4767.26	1776.025
1417.576	2482.855
2825.584	4966.26
2816.274	2058.0275
2795.355	3389.8375
137.4792	5096.8475
274.835	10151.5
549.4934	493.6515
873.8376	743.99
1198.912	1488.72
1778.856	1481.825
250.6458	1475.1925
463.1122	936.81925
882.4318	1339.7925
1296.074	2526.1575
1918.992	2536.165
428.4052	1670.8575
692.5916	2541.2775
1195.84	5023.175
1628.058	745.23575
2329.08	1474.8975
575.5398	1472.485
1090.808	1470.3525
1898.432	1254.5125
2841.298	2531.1625
4124.148	2551.1875
1060.958	1483.095
1945.044	1466.76
3647.658	1472.4675
5720.85
1769.756
3510.542
6974.824
11525.32
253.1198
506.3194
844.347
1146.568
2293.472
433.7438
684.222
961.3328
1233.812
575.8808
1087.32
1599.058
2249.33
1080.34
1983.314
3101.752
4447.644
1889.502
3751.052
6270.058
9346.362
432.9844
722.3532
1084.796
1572.23
584.5906
917.4102
1249.766
1081.754
1647.734
2383.342
1915.64
3218.536
4786.498
487.004
735.8918
1467.406
904.8456
1252.756
2395.634
1578.42
2379.512
725.7122
1463.914
1444.156
