1	1	1	32	2	2998.864
1	8	1	16	2	9314.898
1	4	1	16	2	5112.858
2	4	1	16	2	5095.996
2	2	2	16	2	4362.064
1	4	1	32	2	10249.158
2	4	2	16	2	8045.242
4	1	4	16	2	4196.376
2	1	1	32	2	3119.034
1	16	1	16	2	17714.9
2	1	1	16	2	1765.602
4	2	2	16	2	4060.584
2	8	1	16	2	9076.154
2	2	1	16	2	3200.022
1	1	1	16	2	1765.224
1	2	1	16	2	3140.684
4	4	1	16	2	5253.286
1	8	1	32	2	18694.08
4	2	4	16	2	7535.92
2	8	2	16	2	16185
8	1	8	16	2	7226.782
2	2	2	32	2	8962.578
2	4	1	32	2	10237.066
2	1	2	16	2	2942.664
8	1	4	16	2	4042.202
4	1	2	16	2	2918.946
8	2	2	16	2	4209.358
4	1	1	16	2	1805.296
2	2	1	8	2	1627.294
8	1	1	16	2	1823.282
2	8	1	8	2	4594.514
4	1	1	32	2	3376.662
4	1	4	32	2	8625.312
2	2	2	8	2	2339.97
1	8	1	8	2	4771.634
4	2	1	16	2	3307.72
8	2	4	16	2	7131.676
1	2	1	32	2	6318.88
2	8	2	8	2	8224.034
4	1	4	8	2	2234.97
1	16	1	8	2	8972.352
2	4	2	8	2	4120.86
16	1	16	16	2	14655.98
1	2	1	8	2	1606.556
2	4	2	32	2	16421.6
8	2	8	16	2	15114.24
2	2	1	32	2	6453.126
1	32	1	8	2	16168.44
8	1	8	8	2	3645.772
4	2	1	8	2	1698.364
1	4	1	8	2	2879.446
2	4	1	8	2	2812.234
16	1	4	16	2	4176.65
4	2	2	8	2	2240.158
4	2	2	32	2	8509.2
8	2	2	8	2	2307.308
8	1	2	16	2	3050.746
2	16	2	16	2	25274.83333
4	4	4	16	2	15383.66
4	1	2	8	2	1521.464
8	1	2	8	2	1546.682
8	1	1	32	2	3386.82
8	1	4	8	2	2166.036
2	16	2	8	2	15144.46
2	1	2	8	2	1526.016
4	2	4	8	2	3806.298
4	1	8	8	2	2311.264
2	1	4	16	2	2362.636
2	1	2	32	2	5878.978
4	4	4	8	2	7747.998
4	2	4	32	2	15074.94
4	4	2	8	2	3907.552
8	2	8	8	2	7634.256
2	2	4	16	2	4531.81
8	2	1	16	2	3364.914
1	32	1	16	2	26695.14
4	4	1	8	2	2841.286
16	1	16	8	2	7235.192
16	1	8	8	2	3556.43
4	8	2	8	2	7884.38
8	2	4	8	2	3655.376
2	16	1	8	2	8981.186
16	1	4	8	2	2251.68
4	2	1	32	2	6749.166
16	1	1	16	2	1832.78
4	4	2	16	2	7697.172
8	2	1	8	2	1729.128
2	2	4	8	2	2384.948
4	1	2	32	2	5941.294
8	1	4	32	2	8172.82
16	1	2	8	2	1553.864
2	1	4	8	2	1364.626
4	1	8	16	2	4687.84
2	1	8	16	2	4189.22
16	1	2	16	2	3069.172
16	1	8	16	2	7006.096
1	2	4	16	2	4187
1	1	4	16	2	2168.478
2	16	1	16	2	14819.26
2	1	8	8	2	2104.168
2	1	4	32	2	4907.634
16	2	4	8	2	3752.418
1	2	4	8	2	2153.064
8	4	8	8	2	15008.72
16	2	16	8	2	14684.3
2	4	4	8	2	4372.04
16	1	32	8	2	9465.616
8	4	4	8	2	7531.694
8	1	2	32	2	6098.55
1	1	2	16	2	2003.324
32	1	32	8	2	14460.98
1	2	2	16	2	1994.07
4	8	1	8	2	4647.142
8	4	1	8	2	2739.92
32	1	16	8	2	7206.354
2	2	8	8	2	3982.888
8	1	8	32	2	14541.82
1	1	2	8	2	1038.804
1	2	2	8	2	1069.722
1	1	4	8	2	1276.454
32	1	8	8	2	3653.028
1	16	1	32	2	29826.36
4	8	4	8	2	14783.02
1	4	4	16	2	8166.172
2	8	4	8	2	8369.188
1	4	4	8	2	4140.99
1	1	4	32	2	4379.642
2	8	1	32	2	15175.88
8	4	2	8	2	4008.37
16	2	8	8	2	7464.328
1	2	4	32	2	8401.778
2	2	8	16	2	8027.428
1	8	4	8	2	7954.956
2	32	1	8	2	14300.42
4	8	1	16	2	7737.076
8	1	16	8	2	4203.392
2	2	4	32	2	9419.796
32	1	4	8	2	2210.614
4	1	16	8	2	3918.95
8	4	1	16	2	4394.514
1	4	8	8	2	7878.562
2	4	4	16	2	8651.296
1	2	2	32	2	4093.902
1	1	2	32	2	4007.208
2	8	2	32	2	26762.76
4	1	16	16	2	7787.238
16	2	1	8	2	1749.846
32	1	2	8	2	1551.45
8	2	16	8	2	8292.184
1	1	8	16	2	3710.796
2	1	8	32	2	8541.62
4	2	8	8	2	4092.052
2	4	8	8	2	8183.532
4	1	8	32	2	9781.85
1	4	8	16	2	15793.52
4	4	1	32	2	8585.618
1	1	8	8	2	1859.016
16	2	2	8	2	2358.472
2	4	8	16	2	16313.9
1	2	8	8	2	3696.874
1	2	8	16	2	7381.396
4	1	1	8	2	941.6018
2	1	1	8	2	927.8492
4	2	8	16	2	8032.258
4	4	8	8	2	7841.99
8	1	16	16	2	8316.156
1	4	2	8	2	1796.174
4	2	16	8	2	7244.838
2	8	4	16	2	16747.14
1	4	4	32	2	16475.38
8	1	1	8	2	952.976
16	1	32	16	2	18937.86
32	1	32	16	2	23968.84
8	4	8	16	2	24938.22
8	4	2	16	2	6525.654
8	8	1	8	2	3855.234
1	1	1	8	2	917.2968
1	8	4	16	2	15933.3
4	8	2	16	2	13020.46
1	1	8	32	2	7446.78
4	16	2	8	2	12666.12
8	8	4	8	2	12421.56
1	2	8	32	2	14738.88
32	1	16	16	2	11983.5
16	2	2	16	2	3676.514
2	1	16	8	2	3417.176
2	4	4	32	2	17671.44
4	16	1	8	2	7621.102
1	4	2	16	2	3551.098
8	4	4	16	2	12406.9
16	2	4	16	2	6023.52
2	2	8	32	2	16203.54
4	1	16	32	2	15649.68
8	2	2	32	2	7169.39
16	2	16	16	2	24242.92
2	1	16	16	2	6876.564
4	4	8	16	2	15746.78
4	4	2	32	2	12748.78
1	4	8	32	2	31572.16
4	8	4	16	2	24467.56
4	2	16	16	2	14504
8	2	16	16	2	16562.94
16	1	1	8	2	949.2876
32	1	8	16	2	6083.172
4	4	4	32	2	25818.36
16	1	16	32	2	23496.32
16	4	1	8	2	2250.762
16	2	1	16	2	2870.66
8	2	8	32	2	25150.42
8	2	4	32	2	12199.1
16	2	8	16	2	12076.4
8	8	2	8	2	6612.73
32	2	8	8	2	6264.202
16	4	4	8	2	6326.242
1	4	2	32	2	7248.396
2	2	2	4	2	1324.502
32	1	1	16	2	1534.364
2	1	16	32	2	13821.44
32	1	4	16	2	3575.584
16	1	1	32	2	2795.848
8	2	1	32	2	5599.314
8	1	32	8	2	6473.628
32	2	16	8	2	12331.32
2	2	16	8	2	6516.494
4	1	8	4	2	1444.654
2	4	8	32	2	32735.34
16	4	2	8	2	3313.18
16	1	4	32	2	7045.708
2	2	16	16	2	13030.26
4	2	8	4	2	2209.39
1	4	8	4	2	3965.58
8	1	16	32	2	16996.14
1	8	4	32	2	31896.2
1	8	2	8	2	3029.166
1	4	2	4	2	1234.348
1	4	1	4	2	1559.648
2	4	2	4	2	2249.03
8	1	32	16	2	12966.12
16	1	8	32	2	11697.12
4	1	32	8	2	6255.246
32	1	2	16	2	2599.558
4	1	4	4	2	1260.556
2	2	8	4	2	2234.588
32	2	4	8	2	3130.4
4	4	1	4	2	1574.646
4	1	32	16	2	12507.36
32	2	2	8	2	1869.868
2	1	4	4	2	1002.8736
16	4	8	8	2	12574.64
2	1	2	4	2	821.1552
8	1	16	4	2	2293.17
2	8	2	4	2	4304.904
1	4	4	4	2	2394.5
4	2	16	32	2	28965.16
2	8	4	4	2	4211.87
8	1	4	4	2	1218.366
4	2	8	32	2	16620.14
8	2	8	4	2	4008.176
4	2	16	4	2	3627.44
2	2	4	4	2	1547.718
2	8	1	4	2	2334.32
8	2	4	4	2	1988.14
4	2	1	4	2	899.1606
2	2	16	32	2	26036.08
32	2	1	8	2	1431.7
16	1	16	4	2	3805.286
1	8	1	4	2	2445.124
4	4	4	4	2	4002.41
8	1	32	4	2	3224.438
8	1	8	4	2	2040.51
2	1	16	4	2	1816.3
2	4	8	4	2	4103.836
4	2	4	4	2	2051.192
1	16	1	4	2	4638.89
2	2	1	4	2	865.892
2	4	1	4	2	1562.486
2	4	4	4	2	2531.392
1	8	4	4	2	4020.434
1	1	4	4	2	912.8978
1	2	8	4	2	2009.57
2	2	16	4	2	3247.592
4	1	16	4	2	2122.468
2	32	1	16	2	21461.28
1	2	4	4	2	1408.65
8	1	2	4	2	820.8578
4	2	2	4	2	1270.354
32	1	1	8	2	955.9104
4	8	2	4	2	4139.546
1	2	2	4	2	1032.9274
1	8	2	16	2	6148.738
16	1	8	4	2	1958.366
8	2	2	4	2	1276.706
4	1	32	32	2	25010.44
4	4	8	4	2	3945.5
16	2	4	4	2	2014.122
16	1	32	4	2	4751.91
1	8	2	4	2	1676.742
2	16	1	32	2	22195.5
16	1	4	4	2	1253.756
4	8	1	4	2	2347.698
16	1	2	32	2	5147.37
8	2	1	4	2	904.2572
1	32	1	4	2	8164.756
4	1	2	4	2	817.3214
8	4	1	4	2	1574.41
4	8	4	4	2	7456.472
1	1	8	4	2	1147.162
4	1	32	4	2	3128.558
32	1	32	4	2	7176.354
4	4	2	4	2	2122.102
2	1	8	4	2	1372.412
1	1	16	8	2	2725.3
1	2	1	4	2	846.6322
16	2	16	4	2	7336.554
8	4	2	4	2	2139.616
16	2	2	4	2	1298.07
4	16	1	16	2	11416.04
1	1	16	16	2	5466.142
8	4	8	4	2	7522.622
8	2	16	4	2	4157.564
4	16	2	4	2	7659.148
1	32	1	32	2	39797.66
32	1	16	4	2	3751.684
16	1	2	4	2	834.8778
16	2	1	4	2	912.4146
16	2	8	4	2	3882.59
4	32	1	8	2	11240.6
2	16	2	4	2	7642.52
8	4	4	4	2	3880.858
8	8	1	16	2	5745.332
2	32	1	4	2	8690.142
4	8	1	32	2	11506
2	16	1	4	2	4556.564
16	4	8	4	2	7554.54
32	1	8	4	2	2011.648
1	8	2	32	2	12235.44
2	16	2	32	2	37802.08
4	32	1	16	2	22396.02
8	8	2	4	2	4156.658
8	4	1	32	2	6597.398
32	2	16	16	2	18601.44
16	4	1	4	2	1575.654
1	1	16	32	2	10831.4
32	1	2	4	2	842.3468
8	8	2	16	2	9907.738
4	16	1	4	2	4606.086
32	2	8	4	2	3924.052
16	4	1	16	2	3341.768
4	16	2	16	2	19013.44
32	2	16	4	2	7480.428
16	4	2	4	2	2092.692
32	2	4	4	2	2031.054
16	4	4	4	2	4007.14
32	1	4	4	2	1284.552
1	1	16	4	2	1424.07
1	2	16	8	2	5033.872
8	8	1	4	2	2338.2
2	32	1	32	2	42664.82
32	4	2	8	2	2434.728
1	1	2	4	2	690.4028
1	2	16	16	2	10063.14
8	8	4	16	2	18640.44
8	8	4	4	2	7510.794
8	16	1	8	2	5731.676
32	4	8	8	2	9697.826
32	4	1	8	2	1652.842
32	2	2	4	2	1276.866
8	16	2	8	2	9688.212
16	4	2	16	2	4925.514
4	8	2	32	2	19495.98
32	2	8	16	2	9422.5
4	8	4	32	2	36829.56
16	8	1	8	2	2887.56
16	8	4	8	2	9638.71
16	4	4	16	2	9558.622
32	4	4	16	2	9638.568
1	2	16	32	2	20114.56
32	1	1	32	2	2160.482
32	4	8	16	2	19397.14
16	8	2	8	2	5008.728
32	4	4	4	2	3303.472
8	4	2	32	2	9767.008
32	2	1	4	2	914.8892
16	4	8	16	2	18859.88
2	1	32	8	2	4626.1
32	4	8	4	2	6532.984
2	1	32	4	2	2311.218
1	2	16	4	2	2526.472
16	2	16	32	2	36390.08
4	32	1	4	2	7522.702
1	16	2	4	2	2210.606
32	2	2	16	2	2739.072
32	4	4	8	2	4778.226
32	4	1	16	2	3238.204
2	1	32	16	2	9255.96
1	16	2	8	2	4424.02
32	1	4	32	2	5173.076
32	2	4	16	2	4677.874
8	8	1	32	2	11519.16
4	16	1	32	2	22751.94
8	4	4	32	2	18527.9
8	16	1	16	2	11480.4
8	16	2	4	2	6531.642
8	16	2	16	2	19464.3
8	4	8	32	2	37373.38
16	8	1	4	2	1931.124
8	32	1	8	2	11369.98
32	1	8	32	2	8958.542
16	2	4	32	2	9327.992
16	2	2	32	2	5462.624
32	1	16	32	2	17942.1
2	1	32	32	2	18512.48
16	2	8	32	2	18375.86
32	4	2	16	2	4927.804
16	8	2	4	2	3395.758
8	16	1	4	2	3842.222
16	8	4	4	2	6439.598
32	8	1	8	2	2886.02
8	8	2	32	2	19608.14
1	16	2	16	2	8847.168
16	2	1	32	2	4240.472
32	4	2	4	2	1752.154
16	8	1	16	2	5768.756
4	16	2	32	2	37944.42
16	8	2	16	2	9889.652
32	4	1	4	2	1313.558
16	4	1	32	2	6510.584
32	2	8	32	2	18804.66
32	2	1	16	2	2143.374
16	8	4	16	2	19243.02
32	2	2	32	2	5300.196
32	1	2	32	2	3878.868
8	8	4	32	2	37224.74
8	1	1	4	2	484.2428
4	1	1	4	2	482.1088
16	1	1	4	2	489.3548
2	1	1	4	2	474.6038
16	16	1	8	2	5735.794
32	8	4	8	2	9710.06
16	4	2	32	2	9712.608
32	2	4	32	2	9091.28
16	4	4	32	2	18688.56
32	8	4	4	2	4868.666
1	1	1	4	2	470.9024
32	8	2	8	2	4958.502
1	1	32	8	2	3907.95
32	8	1	4	2	1451.476
1	1	32	16	2	7816.83
32	1	1	4	2	488.4124
16	16	2	8	2	9778.52
1	1	32	4	2	1955.052
32	2	1	32	2	4223.39
32	8	2	4	2	2507.96
16	4	8	32	2	37572.02
16	16	1	4	2	2877.282
8	32	1	4	2	5722.818
4	1	4	2	2	679.347
16	16	2	4	2	4927.754
2	4	2	2	2	1203.896
1	1	32	32	2	15644.48
1	4	1	2	2	781.6064
2	1	16	2	2	1056.266
16	1	16	2	2	2016.712
1	32	1	2	2	4029.516
4	2	2	2	2	690.8288
4	2	8	2	2	1256.432
1	16	1	2	2	2329.514
4	1	8	2	2	870.0918
2	2	4	2	2	949.5856
4	1	32	2	2	1572.336
16	1	4	2	2	670.7692
16	2	16	2	2	3716.49
16	2	4	2	2	1086.906
4	1	16	2	2	1181.158
8	2	8	2	2	2054.036
4	8	4	2	2	3706.06
4	4	2	2	2	1132.382
1	4	2	2	2	984.6118
1	2	4	2	2	860.163
8	2	16	2	2	2103.762
8	1	8	2	2	1099.956
32	1	32	2	2	3638.034
2	16	2	2	2	3845.698
8	2	4	2	2	1064.726
2	16	1	2	2	2287.758
8	4	2	2	2	1136.196
4	4	8	2	2	2009.218
1	8	1	2	2	1224.8
8	4	8	2	2	3764.396
2	2	16	2	2	1683.988
4	4	4	2	2	2084.196
8	8	4	2	2	3730.474
8	1	32	2	2	1622.388
4	2	16	2	2	1828.76
2	1	32	2	2	1155.342
1	8	4	2	2	2058.27
2	8	2	2	2	2226.052
1	8	2	2	2	1145.284
16	4	8	2	2	3798.024
4	1	2	2	2	419.805
4	16	1	2	2	2322.594
2	8	4	2	2	2139.08
1	1	8	2	2	751.5166
32	2	16	2	2	3787.458
2	4	4	2	2	1481.558
2	32	1	2	2	4272.342
1	4	4	2	2	1406.896
1	1	16	2	2	834.5718
8	2	1	2	2	451.4142
4	4	1	2	2	787.4308
32	1	8	2	2	1079.328
4	2	1	2	2	448.3152
2	1	4	2	2	594.84
32	1	4	2	2	670.7886
8	2	2	2	2	710.8662
4	8	2	2	2	2139.324
1	4	8	2	2	2031.964
16	1	8	2	2	1063.98
4	2	4	2	2	1102.706
8	1	4	2	2	676.5068
8	1	16	2	2	1319.34
4	8	1	2	2	1174.064
1	2	8	2	2	1181.356
32	2	4	2	2	1091.226
8	4	4	2	2	2021.78
16	2	1	2	2	455.875
16	2	8	2	2	2014.02
8	8	1	2	2	1160.366
1	2	2	2	2	627.0176
8	8	2	2	2	2124.748
2	2	8	2	2	1283.166
16	2	2	2	2	698.6516
2	2	2	2	2	739.0076
1	16	2	2	2	1122.51
32	1	16	2	2	1986.054
2	4	8	2	2	2076.408
16	4	4	2	2	2035.024
16	1	32	2	2	2395.042
8	4	1	2	2	785.6876
32	2	2	2	2	668.0198
32	2	8	2	2	2091.136
2	4	1	2	2	782.589
4	16	2	2	2	3801.918
2	1	2	2	2	430.7208
1	1	4	2	2	552.0938
16	32	1	4	2	5704.764
2	8	1	2	2	1163.47
32	16	1	4	2	2879.836
1	1	32	2	2	980.1706
1	2	16	2	2	1306.604
8	16	1	2	2	2319.004
32	16	2	4	2	4944.748
2	2	1	2	2	434.3284
2	1	8	2	2	839.0248
32	1	2	2	2	430.8298
16	4	1	2	2	790.8056
4	32	1	32	2	22337.22
16	8	4	2	2	3845.75
8	16	2	2	2	3894.212
16	1	2	2	2	427.9582
32	4	8	2	2	3923.852
1	2	1	2	2	424.1752
8	1	2	2	2	429.5262
16	8	1	2	2	1161.35
4	32	1	2	2	4550.986
32	8	1	16	2	2893.648
32	4	4	2	2	2084.318
16	8	2	2	2	2159.234
16	4	2	2	2	1122.11
32	4	1	2	2	790.2878
32	2	1	2	2	456.3442
32	4	2	2	2	1123.83
32	4	1	32	2	3183.826
8	32	1	16	2	11343.72
8	32	1	2	2	3817.614
16	16	2	2	2	3253.406
32	8	4	2	2	3274.498
32	8	2	16	2	4960.888
32	4	2	32	2	4904.854
1	1	2	2	2	375.1784
8	16	1	32	2	11425.88
16	16	1	16	2	5723.212
32	8	2	2	2	1742.732
32	8	1	2	2	970.9772
16	8	1	32	2	5754.632
32	16	1	8	2	2868.988
16	16	1	2	2	1934.902
16	32	1	8	2	5723.39
32	16	1	2	2	1437.338
16	32	1	2	2	2861.446
32	16	2	2	2	2459.756
32	16	2	8	2	4944.422
8	1	1	2	2	242.325
16	1	1	2	2	244.1822
4	1	1	2	2	240.7582
32	32	1	4	2	2868.928
32	1	1	2	2	244.639
2	1	1	2	2	237.018
1	1	1	2	2	235.1942
16	1	8	1	2	548.8918
1	16	2	1	2	563.3802
8	4	4	1	2	1034.208
8	2	8	1	2	1066.998
2	8	1	1	2	583.4046
1	8	2	1	2	699.8246
32	1	16	1	2	1045.584
4	1	4	1	2	375.4676
32	32	1	2	2	2883.6
16	1	4	1	2	388.8882
8	4	8	1	2	1880.054
1	8	1	1	2	611.0428
32	1	32	1	2	1828.922
32	1	4	1	2	390.6754
1	4	2	1	2	566.3484
4	4	1	1	2	393.4826
8	2	2	1	2	399.4284
2	1	16	1	2	609.7858
16	4	1	1	2	394.3998
4	2	8	1	2	713.1808
4	1	8	1	2	456.4774
8	1	4	1	2	380.683
2	2	2	1	2	405.073
8	1	8	1	2	569.6496
2	8	4	1	2	1064.968
4	4	4	1	2	1071.02
16	2	4	1	2	559.131
4	8	4	1	2	1837.836
2	2	8	1	2	710.0104
1	4	1	1	2	390.094
2	4	2	1	2	630.8858
2	4	4	1	2	827.9274
8	4	1	1	2	393.9902
4	2	2	1	2	394.2124
1	2	8	1	2	666.0484
4	2	4	1	2	569.652
1	16	1	1	2	1172.48
4	1	32	1	2	788.3904
8	2	4	1	2	549.5742
8	1	32	1	2	811.7734
1	4	8	1	2	1013.906
2	8	2	1	2	1133.822
16	1	16	1	2	1047.936
2	16	2	1	2	1939.266
16	2	16	1	2	1835.198
2	2	4	1	2	509.3578
32	4	8	1	2	1924.288
4	4	2	1	2	590.6512
2	4	1	1	2	389.3172
4	2	16	1	2	910.9758
1	4	4	1	2	797.5932
16	1	32	1	2	1196.648
2	4	8	1	2	1050.66
16	1	2	1	2	226.932
8	1	16	1	2	734.1112
2	2	16	1	2	854.1898
1	2	2	1	2	349.1284
4	1	16	1	2	647.8014
32	1	8	1	2	559.937
2	1	8	1	2	448.547
4	8	1	1	2	587.0068
2	16	1	1	2	1127.912
8	2	16	1	2	1050.47
2	1	32	1	2	576.0476
1	8	4	1	2	1028.5
1	2	4	1	2	466.0038
4	4	8	1	2	1006.414
16	4	8	1	2	1872.922
16	2	2	1	2	397.2296
1	2	16	1	2	651.5746
2	1	4	1	2	325.7736
8	1	2	1	2	227.0374
8	2	1	1	2	225.2624
32	4	4	1	2	1076.676
16	8	1	1	2	579.6996
32	2	4	1	2	563.2766
32	4	2	1	2	579.371
16	16	1	1	2	1160.836
4	8	2	1	2	1089.538
32	2	16	1	2	1892.636
4	32	1	1	2	2266.336
32	8	2	1	2	1097.884
16	2	8	1	2	1041.316
4	16	2	1	2	1905.198
8	16	2	1	2	1926.554
32	2	1	1	2	227.9126
1	32	1	1	2	2055.43
1	1	8	1	2	408.1674
2	32	1	1	2	2157.232
16	8	4	1	2	1928.778
32	1	2	1	2	228.954
32	2	8	1	2	1070.064
4	2	1	1	2	224.6216
16	2	1	1	2	227.88
4	16	1	1	2	1157.704
32	8	1	32	2	2886.224
16	16	2	1	2	1915.096
8	4	2	1	2	582.9548
1	1	4	1	2	302.5182
32	8	1	1	2	581.0478
32	8	4	1	2	1951.076
1	1	16	1	2	491.3744
2	2	1	1	2	217.4534
1	1	32	1	2	489.202
8	8	4	1	2	1832.436
8	32	1	1	2	2276.612
32	16	1	16	2	2868.926
16	4	2	1	2	574.2158
16	4	4	1	2	1064.834
8	8	2	1	2	1097.304
16	8	2	1	2	1102.508
8	8	1	1	2	586.2224
32	2	2	1	2	399.8344
2	1	2	1	2	224.0462
4	1	2	1	2	221.9918
32	16	2	1	2	1625.21
8	16	1	1	2	1164.12
1	2	1	1	2	212.4658
16	32	1	1	2	1928.638
32	4	1	1	2	396.7378
32	16	1	1	2	967.5704
32	32	1	8	2	2857.396
1	1	2	1	2	195.4244
32	32	1	1	2	1430.348
16	1	1	1	2	122.0316
32	1	1	1	2	122.0846
8	1	1	1	2	121.2594
4	1	1	1	2	120.38
2	1	1	1	2	118.4058
1	1	1	1	2	117.4536
