1	1	1	32	2	1527.9012
1	8	1	16	2	1491.5746
1	4	1	16	2	1473.5638
2	4	1	16	2	1460.627
2	2	2	16	2	1424.0064
1	4	1	32	2	1389.6172
2	4	2	16	2	1349.3074
4	1	4	16	2	1346.2708
2	1	1	32	2	1344.1442
1	16	1	16	2	1334.257
2	1	1	16	2	1328.1542
4	2	2	16	2	1325.8536
2	8	1	16	2	1300.7474
2	2	1	16	2	1298.676
1	1	1	16	2	1288.943
1	2	1	16	2	1268.7748
4	4	1	16	2	1233.1268
1	8	1	32	2	1231.6094
4	2	4	16	2	1228.4122
2	8	2	16	2	1214.3686
8	1	8	16	2	1211.2578
2	2	2	32	2	1202.9232
2	4	1	32	2	1202.7666
2	1	2	16	2	1186.7868
8	1	4	16	2	1184.8042
4	1	2	16	2	1184.756
8	2	2	16	2	1173.949
4	1	1	16	2	1169.8176
2	2	1	8	2	1166.141
8	1	1	16	2	1164.3892
2	8	1	8	2	1163.1026
4	1	1	32	2	1152.003
4	1	4	32	2	1149.6566
2	2	2	8	2	1146.7228
1	8	1	8	2	1140.785
4	2	1	16	2	1140.2704
8	2	4	16	2	1135.702
1	2	1	32	2	1135.174
2	8	2	8	2	1135.0908
4	1	4	8	2	1129.0056
1	16	1	8	2	1123.13
2	4	2	8	2	1115.4974
16	1	16	16	2	1110.7892
1	2	1	8	2	1108.9642
2	4	2	32	2	1107.5396
8	2	8	16	2	1106.7564
2	2	1	32	2	1106.6184
1	32	1	8	2	1103.5488
8	1	8	8	2	1101.2426
4	2	1	8	2	1097.3158
1	4	1	8	2	1096.464
2	4	1	8	2	1094.6382
16	1	4	16	2	1092.0078
4	2	2	8	2	1088.362
4	2	2	32	2	1084.8112
8	2	2	8	2	1079.8208
8	1	2	16	2	1079.3418
2	16	2	16	2	1079.253333
4	4	4	16	2	1074.8552
4	1	2	8	2	1067.927
8	1	2	8	2	1066.457
8	1	1	32	2	1066.3532
8	1	4	8	2	1063.7166
2	16	2	8	2	1063.0126
2	1	2	8	2	1062.9786
4	2	4	8	2	1056.8562
4	1	8	8	2	1048.419
2	1	4	16	2	1047.7806
2	1	2	32	2	1045.7854
4	4	4	8	2	1043.4606
4	2	4	32	2	1039.7048
4	4	2	8	2	1030.9716
8	2	8	8	2	1030.7282
2	2	4	16	2	1024.6918
8	2	1	16	2	1024.5082
1	32	1	16	2	1020.2512
4	4	1	8	2	1017.84
16	1	16	8	2	1013.8582
16	1	8	8	2	1013.4704
4	8	2	8	2	1011.1498
8	2	4	8	2	1004.526
2	16	1	8	2	1003.24
16	1	4	8	2	999.4766
4	2	1	32	2	999.2646
16	1	1	16	2	997.472
4	4	2	16	2	994.709
8	2	1	8	2	994.338
2	2	4	8	2	993.3032
4	1	2	32	2	992.536
8	1	4	32	2	991.9336
16	1	2	8	2	991.4936
2	1	4	8	2	988.83
4	1	8	16	2	982.4502
2	1	8	16	2	981.2662
16	1	2	16	2	975.336
16	1	8	16	2	968.6098
1	2	4	16	2	968.2614
1	1	4	16	2	968.1476
2	16	1	16	2	967.7702
2	1	8	8	2	966.4552
2	1	4	32	2	965.7442
16	2	4	8	2	962.9334
1	2	4	8	2	962.5316
8	4	8	8	2	960.3756
16	2	16	8	2	958.452
2	4	4	8	2	957.3226
16	1	32	8	2	951.6072
8	4	4	8	2	951.025
8	1	2	32	2	942.043
1	1	2	16	2	940.3738
32	1	32	8	2	939.5336
1	2	2	16	2	934.4784
4	8	1	8	2	933.8662
8	4	1	8	2	930.591
32	1	16	8	2	926.3004
2	2	8	8	2	925.4506
8	1	8	32	2	925.409
1	1	2	8	2	924.8602
1	2	2	8	2	922.8298
1	1	4	8	2	922.276
32	1	8	8	2	921.4666
1	16	1	32	2	919.6566
4	8	4	8	2	918.2944
1	4	4	16	2	917.5522
2	8	4	8	2	915.3094
1	4	4	8	2	913.5582
1	1	4	32	2	910.7684
2	8	1	32	2	910.2524
8	4	2	8	2	907.0102
16	2	8	8	2	906.9604
1	2	4	32	2	904.756
2	2	8	16	2	903.7502
1	8	4	8	2	899.1144
2	32	1	8	2	898.7956
4	8	1	16	2	898.0178
8	1	16	8	2	896.4442
2	2	4	32	2	895.0502
32	1	4	8	2	894.8112
4	1	16	8	2	894.5032
8	4	1	16	2	894.296
1	4	8	8	2	893.6598
2	4	4	16	2	893.328
1	2	2	32	2	890.1136
1	1	2	32	2	888.3798
2	8	2	32	2	888.0048
4	1	16	16	2	878.8556
16	2	1	8	2	878.2226
32	1	2	8	2	869.8866
8	2	16	8	2	869.0604
1	1	8	16	2	868.2248
2	1	8	32	2	867.9962
4	2	8	8	2	867.4552
2	4	8	8	2	866.7946
4	1	8	32	2	866.2438
1	4	8	16	2	862.2794
4	4	1	32	2	861.7932
1	1	8	8	2	857.0914
16	2	2	8	2	851.3858
2	4	8	16	2	848.6566
1	2	8	8	2	845.2438
1	2	8	16	2	844.7294
4	1	1	8	2	843.1594
2	1	1	8	2	842.7724
4	2	8	16	2	840.1934
4	4	8	8	2	840.0826
8	1	16	16	2	837.333
1	4	2	8	2	835.4964
4	2	16	8	2	828.3924
2	8	4	16	2	827.7684
1	4	4	32	2	825.4576
8	1	1	8	2	824.4996
16	1	32	16	2	823.9108
32	1	32	16	2	822.939
8	4	8	16	2	822.027
8	4	2	16	2	820.6906
8	8	1	8	2	818.0208
1	1	1	8	2	817.2656
1	8	4	16	2	816.9048
4	8	2	16	2	816.902
1	1	8	32	2	814.9372
4	16	2	8	2	814.599
8	8	4	8	2	814.2008
1	2	8	32	2	811.708
32	1	16	16	2	809.2424
16	2	2	16	2	807.4186
2	1	16	8	2	803.8892
2	4	4	32	2	803.8234
4	16	1	8	2	803.0564
1	4	2	16	2	802.144
8	4	4	16	2	800.979
16	2	4	16	2	796.9712
2	2	8	32	2	794.6554
4	1	16	32	2	787.5508
8	2	2	32	2	787.5434
16	2	16	16	2	784.527
2	1	16	16	2	783.7392
4	4	8	16	2	781.723
4	4	2	32	2	777.7078
1	4	8	32	2	777.297
4	8	4	16	2	776.379
4	2	16	16	2	775.0064
8	2	16	16	2	772.0608
16	1	1	8	2	770.3274
32	1	8	16	2	768.3274
4	4	4	32	2	766.896
16	1	16	32	2	766.7334
16	4	1	8	2	766.3564
16	2	1	16	2	755.9106
8	2	8	32	2	755.7352
8	2	4	32	2	754.5488
16	2	8	16	2	754.18
8	8	2	8	2	750.615
32	2	8	8	2	750.1996
16	4	4	8	2	749.383
1	4	2	32	2	748.2212
2	2	2	4	2	748.0142
32	1	1	16	2	747.901
2	1	16	32	2	746.6614
32	1	4	16	2	746.382
16	1	1	32	2	744.2378
8	2	1	32	2	744.1272
8	1	32	8	2	741.4988
32	2	16	8	2	738.9442
2	2	16	8	2	735.599
4	1	8	4	2	735.1174
2	4	8	32	2	734.9854
16	4	2	8	2	731.5
16	1	4	32	2	731.4864
2	2	16	16	2	730.4968
4	2	8	4	2	729.5066
1	4	8	4	2	727.9952
8	1	16	32	2	724.8196
1	8	4	32	2	723.891
1	8	2	8	2	722.7474
1	4	2	4	2	719.8058
1	4	1	4	2	717.7038
2	4	2	4	2	715.8502
8	1	32	16	2	713.4684
16	1	8	32	2	712.622
4	1	32	8	2	711.7622
32	1	2	16	2	711.3416
4	1	4	4	2	710.481
2	2	8	4	2	708.9274
32	2	4	8	2	708.7586
4	4	1	4	2	705.3254
4	1	32	16	2	705.211
32	2	2	8	2	702.1692
2	1	4	4	2	700.9486
16	4	8	8	2	700.6844
2	1	2	4	2	700.3864
8	1	16	4	2	698.8496
2	8	2	4	2	698.1094
1	4	4	4	2	698.0624
4	2	16	32	2	698.005
2	8	4	4	2	697.6578
8	1	4	4	2	694.1648
4	2	8	32	2	689.7194
8	2	8	4	2	689.472
4	2	16	4	2	688.7294
2	2	4	4	2	687.2422
2	8	1	4	2	686.4186
8	2	4	4	2	686.1626
4	2	1	4	2	685.3668
2	2	16	32	2	683.8144
32	2	1	8	2	682.9502
16	1	16	4	2	681.4172
1	8	1	4	2	681.0522
4	4	4	4	2	679.308
8	1	32	4	2	677.96
8	1	8	4	2	676.6958
2	1	16	4	2	675.92
2	4	8	4	2	675.6036
4	2	4	4	2	675.1286
1	16	1	4	2	674.6158
2	2	1	4	2	673.242
2	4	1	4	2	673.05
2	4	4	4	2	672.785
1	8	4	4	2	672.3824
1	1	4	4	2	672.1394
1	2	8	4	2	670.8362
2	2	16	4	2	670.4332
4	1	16	4	2	669.5112
2	32	1	16	2	667.3572
1	2	4	4	2	665.3608
8	1	2	4	2	663.0082
4	2	2	4	2	662.518
32	1	1	8	2	661.6262
4	8	2	4	2	661.166
1	2	2	4	2	661.0388
1	8	2	16	2	660.7764
16	1	8	4	2	660.1606
8	2	2	4	2	659.351
4	1	32	32	2	658.35
4	4	8	4	2	657.5736
16	2	4	4	2	657.3002
16	1	32	4	2	656.4664
1	8	2	4	2	656.3548
2	16	1	32	2	656.0974
16	1	4	4	2	656.031
4	8	1	4	2	652.6812
16	1	2	32	2	650.7228
8	2	1	4	2	650.7046
1	32	1	4	2	650.5196
4	1	2	4	2	650.1872
8	4	1	4	2	647.937
4	8	4	4	2	646.822
1	1	8	4	2	646.4706
4	1	32	4	2	645.575
32	1	32	4	2	645.308
4	4	2	4	2	644.8442
2	1	8	4	2	641.4766
1	1	16	8	2	641.379
1	2	1	4	2	639.3328
16	2	16	4	2	637.8666
8	4	2	4	2	633.782
16	2	2	4	2	632.8462
4	16	1	16	2	631.928
1	1	16	16	2	630.3542
8	4	8	4	2	630.267
8	2	16	4	2	625.443
4	16	2	4	2	624.9388
1	32	1	32	2	624.62
32	1	16	4	2	622.0364
16	1	2	4	2	619.087
16	2	1	4	2	617.5474
16	2	8	4	2	616.8058
4	32	1	8	2	615.7244
2	16	2	4	2	614.4356
8	4	4	4	2	613.2528
8	8	1	16	2	612.0736
2	32	1	4	2	611.8838
4	8	1	32	2	611.7466
2	16	1	4	2	610.4398
16	4	8	4	2	609.7098
32	1	8	4	2	605.9286
1	8	2	32	2	601.1422
2	16	2	32	2	600.2492
4	32	1	16	2	598.404
8	8	2	4	2	598.1796
8	4	1	32	2	596.9876
32	2	16	16	2	596.305
16	4	1	4	2	595.9746
1	1	16	32	2	595.8862
32	1	2	4	2	595.422
8	8	2	16	2	594.7288
4	16	1	4	2	594.3502
32	2	8	4	2	594.2968
16	4	1	16	2	593.2088
4	16	2	16	2	592.9894
32	2	16	4	2	591.6024
16	4	2	4	2	584.0768
32	2	4	4	2	583.7864
16	4	4	4	2	582.8958
32	1	4	4	2	582.2904
1	1	16	4	2	576.7112
1	2	16	8	2	574.8154
8	8	1	4	2	573.3802
2	32	1	32	2	572.3202
32	4	2	8	2	571.612
1	1	2	4	2	569.9268
1	2	16	16	2	568.084
8	8	4	16	2	566.6962
8	8	4	4	2	566.2596
8	16	1	8	2	563.8632
32	4	8	8	2	563.4382
32	4	1	8	2	562.8346
32	2	2	4	2	561.8666
8	16	2	8	2	559.8126
16	4	2	16	2	555.1072
4	8	2	32	2	554.3588
32	2	8	16	2	548.7
4	8	4	32	2	548.1312
16	8	1	8	2	546.6894
16	8	4	8	2	545.0854
16	4	4	16	2	544.247
32	4	4	16	2	542.3548
1	2	16	32	2	540.9446
32	1	1	32	2	539.4576
32	4	8	16	2	536.9374
16	8	2	8	2	535.909
32	4	4	4	2	534.8212
8	4	2	32	2	534.2956
32	2	1	4	2	533.1124
16	4	8	16	2	532.5382
2	1	32	8	2	531.6202
32	4	8	4	2	530.792
2	1	32	4	2	529.9102
1	2	16	4	2	529.819
16	2	16	32	2	529.1986
4	32	1	4	2	526.8604
1	16	2	4	2	524.184
32	2	2	16	2	524.0834
32	4	4	8	2	523.7716
32	4	1	16	2	521.3144
2	1	32	16	2	520.8164
1	16	2	8	2	520.2476
32	1	4	32	2	519.869
32	2	4	16	2	519.7092
8	8	1	32	2	518.3484
4	16	1	32	2	518.0476
8	4	4	32	2	517.8774
8	16	1	16	2	517.8628
8	16	2	4	2	515.9522
8	16	2	16	2	515.8524
8	4	8	32	2	514.983
16	8	1	4	2	514.4932
8	32	1	8	2	512.4028
32	1	8	32	2	511.7882
16	2	4	32	2	509.8686
16	2	2	32	2	509.4122
32	1	16	32	2	505.2828
2	1	32	32	2	501.045
16	2	8	32	2	500.7172
32	4	2	16	2	499.3212
16	8	2	4	2	498.2446
8	16	1	4	2	492.5586
16	8	4	4	2	491.2788
32	8	1	8	2	491.2068
8	8	2	32	2	491.0828
1	16	2	16	2	489.427
16	2	1	32	2	488.4624
32	4	2	4	2	487.6314
16	8	1	16	2	483.1424
4	16	2	32	2	481.3702
16	8	2	16	2	477.4614
32	4	1	4	2	476.0728
16	4	1	32	2	475.243
32	2	8	32	2	473.7684
32	2	1	16	2	472.5218
16	8	4	16	2	469.5454
32	2	2	32	2	468.3092
32	1	2	32	2	467.4108
8	8	4	32	2	463.8
8	1	1	4	2	461.9862
4	1	1	4	2	455.4832
16	1	1	4	2	452.9492
2	1	1	4	2	449.7318
16	16	1	8	2	446.7636
32	8	4	8	2	446.2414
16	4	2	32	2	444.4126
32	2	4	32	2	444.3002
16	4	4	32	2	441.1358
32	8	4	4	2	433.03
1	1	1	4	2	432.2496
32	8	2	8	2	431.5508
1	1	32	8	2	428.1462
32	8	1	4	2	426.453
1	1	32	16	2	425.665
32	1	1	4	2	425.4698
16	16	2	8	2	425.257
1	1	32	4	2	422.7866
32	2	1	32	2	417.3018
32	8	2	4	2	416.8542
16	4	8	32	2	416.1796
16	16	1	4	2	411.896
8	32	1	4	2	411.641
4	1	4	2	2	408.1434
16	16	2	4	2	406.5532
2	4	2	2	2	406.3574
1	1	32	32	2	405.8238
1	4	1	2	2	402.2672
2	1	16	2	2	401.4608
16	1	16	2	2	396.244
1	32	1	2	2	393.1238
4	2	2	2	2	392.1286
4	2	8	2	2	390.9636
1	16	1	2	2	390.683
4	1	8	2	2	389.9076
2	2	4	2	2	388.241
4	1	32	2	2	388.1278
16	1	4	2	2	384.3476
16	2	16	2	2	383.9176
16	2	4	2	2	382.5504
4	1	16	2	2	381.8424
8	2	8	2	2	381.5326
4	8	4	2	2	381.3932
4	4	2	2	2	381.3732
1	4	2	2	2	380.9082
1	2	4	2	2	380.7562
8	2	16	2	2	380.5048
8	1	8	2	2	380.1164
32	1	32	2	2	378.5734
2	16	2	2	2	377.1362
8	2	4	2	2	376.8648
2	16	1	2	2	376.6678
8	4	2	2	2	375.189
4	4	8	2	2	375.1686
1	8	1	2	2	374.3188
8	4	8	2	2	373.9598
2	2	16	2	2	373.617
4	4	4	2	2	372.9664
8	8	4	2	2	372.7348
8	1	32	2	2	371.806
4	2	16	2	2	371.7554
2	1	32	2	2	371.3342
1	8	4	2	2	370.575
2	8	2	2	2	370.47
1	8	2	2	2	369.9774
16	4	8	2	2	369.779
4	1	2	2	2	369.7004
4	16	1	2	2	369.5964
2	8	4	2	2	368.9696
1	1	8	2	2	368.6902
32	2	16	2	2	368.655
2	4	4	2	2	367.7258
2	32	1	2	2	367.6268
1	4	4	2	2	367.5532
1	1	16	2	2	366.8406
8	2	1	2	2	366.3668
4	4	1	2	2	366.3174
32	1	8	2	2	365.8732
4	2	1	2	2	365.5626
2	1	4	2	2	364.5992
32	1	4	2	2	364.5028
8	2	2	2	2	364.5006
4	8	2	2	2	364.266
1	4	8	2	2	364.1892
16	1	8	2	2	363.8598
4	2	4	2	2	363.6986
8	1	4	2	2	362.5964
8	1	16	2	2	361.5796
4	8	1	2	2	360.329
1	2	8	2	2	359.7618
32	2	4	2	2	358.9356
8	4	4	2	2	357.9876
16	2	1	2	2	357.8086
16	2	8	2	2	357.6848
8	8	1	2	2	357.6784
1	2	2	2	2	356.7644
8	8	2	2	2	356.7012
2	2	8	2	2	356.588
16	2	2	2	2	356.2704
2	2	2	2	2	355.5226
1	16	2	2	2	355.3828
32	1	16	2	2	355.1792
2	4	8	2	2	355.1762
16	4	4	2	2	354.7292
16	1	32	2	2	354.3542
8	4	1	2	2	353.5662
32	2	2	2	2	353.444
32	2	8	2	2	352.7934
2	4	1	2	2	352.777
4	16	2	2	2	352.526
2	1	2	2	2	351.7154
1	1	4	2	2	349.929
16	32	1	4	2	348.7654
2	8	1	2	2	348.554
32	16	1	4	2	348.457
1	1	32	2	2	347.8686
1	2	16	2	2	347.7152
8	16	1	2	2	346.3292
32	16	2	4	2	346.1784
2	2	1	2	2	345.7802
2	1	8	2	2	345.0096
32	1	2	2	2	344.2346
16	4	1	2	2	341.8288
4	32	1	32	2	341.7432
16	8	4	2	2	341.3058
8	16	2	2	2	341.1602
16	1	2	2	2	340.7998
32	4	8	2	2	340.658
1	2	1	2	2	339.8562
8	1	2	2	2	339.6546
16	8	1	2	2	338.5452
4	32	1	2	2	335.6584
32	8	1	16	2	334.3658
32	4	4	2	2	330.516
16	8	2	2	2	330.3152
16	4	2	2	2	330.2462
32	4	1	2	2	328.2524
32	2	1	2	2	325.6306
32	4	2	2	2	324.7986
32	4	1	32	2	321.8056
8	32	1	16	2	320.9874
8	32	1	2	2	318.3136
16	16	2	2	2	315.6142
32	8	4	2	2	308.5658
32	8	2	16	2	307.908
32	4	2	32	2	307.1788
1	1	2	2	2	305.174
8	16	1	32	2	300.8742
16	16	1	16	2	300.2952
32	8	2	2	2	300.264
32	8	1	2	2	294.7082
16	8	1	32	2	292.5002
32	16	1	8	2	283.4536
16	16	1	2	2	283.3294
16	32	1	8	2	275.6386
32	16	1	2	2	263.9576
16	32	1	2	2	254.2756
32	16	2	2	2	253.332
32	16	2	8	2	244.472
8	1	1	2	2	237.748
16	1	1	2	2	237.6006
4	1	1	2	2	231.9582
32	32	1	4	2	231.6084
32	1	1	2	2	229.7074
2	1	1	2	2	224.0532
1	1	1	2	2	216.5428
16	1	8	1	2	210.42
1	16	2	1	2	209.369
8	4	4	1	2	208.2942
8	2	8	1	2	208.0278
2	8	1	1	2	207.469
1	8	2	1	2	207.3402
32	1	16	1	2	206.9712
4	1	4	1	2	206.1562
32	32	1	2	2	206.0394
16	1	4	1	2	205.7674
8	4	8	1	2	205.1538
1	8	1	1	2	204.6878
32	1	32	1	2	204.5426
32	1	4	1	2	203.923
1	4	2	1	2	203.8158
4	4	1	1	2	203.4404
8	2	2	1	2	203.4102
2	1	16	1	2	203.4002
16	4	1	1	2	203.313
4	2	8	1	2	203.3
4	1	8	1	2	203.173
8	1	4	1	2	203.1554
2	2	2	1	2	203.0712
8	1	8	1	2	202.9864
2	8	4	1	2	202.795
4	4	4	1	2	202.7362
16	2	4	1	2	202.5884
4	8	4	1	2	202.5582
2	2	8	1	2	202.5068
1	4	1	1	2	202.3536
2	4	2	1	2	202.0748
2	4	4	1	2	201.8224
8	4	1	1	2	201.7214
4	2	2	1	2	201.6762
1	2	8	1	2	201.643
4	2	4	1	2	201.281
1	16	1	1	2	201.0526
4	1	32	1	2	200.7952
8	2	4	1	2	200.7072
8	1	32	1	2	200.6444
1	4	8	1	2	200.558
2	8	2	1	2	200.3766
16	1	16	1	2	200.265
2	16	2	1	2	199.9276
16	2	16	1	2	199.8574
2	2	4	1	2	199.4636
32	4	8	1	2	199.4552
4	4	2	1	2	199.391
2	4	1	1	2	199.2962
4	2	16	1	2	199.2136
1	4	4	1	2	199.1418
16	1	32	1	2	198.5906
2	4	8	1	2	197.4484
16	1	2	1	2	197.2686
8	1	16	1	2	197.1632
2	2	16	1	2	196.6832
1	2	2	1	2	196.5184
4	1	16	1	2	196.4344
32	1	8	1	2	196.3432
2	1	8	1	2	196.2858
4	8	1	1	2	196.0912
2	16	1	1	2	196.0772
8	2	16	1	2	195.4852
2	1	32	1	2	195.2264
1	8	4	1	2	194.614
1	2	4	1	2	194.3934
4	4	8	1	2	194.0356
16	4	8	1	2	193.7656
16	2	2	1	2	193.6374
1	2	16	1	2	192.8246
2	1	4	1	2	192.2158
8	1	2	1	2	192.1156
8	2	1	1	2	192.0958
32	4	4	1	2	191.883
16	8	1	1	2	191.868
32	2	4	1	2	191.7452
32	4	2	1	2	191.4362
16	16	1	1	2	191.3222
4	8	2	1	2	190.6802
32	2	16	1	2	190.1744
4	32	1	1	2	189.976
32	8	2	1	2	189.7402
16	2	8	1	2	189.7252
4	16	2	1	2	189.4146
8	16	2	1	2	189.4008
32	2	1	1	2	189.0518
1	32	1	1	2	188.7338
1	1	8	1	2	188.5906
2	32	1	1	2	188.4212
16	8	4	1	2	187.81
32	1	2	1	2	187.7178
32	2	8	1	2	187.3712
4	2	1	1	2	186.9722
16	2	1	1	2	186.736
4	16	1	1	2	186.2702
32	8	1	32	2	186.2604
16	16	2	1	2	186.0804
8	4	2	1	2	186.0464
1	1	4	1	2	185.9906
32	8	1	1	2	185.8624
32	8	4	1	2	185.2394
1	1	16	1	2	185.1128
2	2	1	1	2	183.9812
1	1	32	1	2	183.866
8	8	4	1	2	183.723
8	32	1	1	2	183.0704
32	16	1	16	2	182.8534
16	4	2	1	2	182.547
16	4	4	1	2	182.326
8	8	2	1	2	181.6204
16	8	2	1	2	181.5482
8	8	1	1	2	180.986
32	2	2	1	2	179.5866
2	1	2	1	2	178.2688
4	1	2	1	2	176.1224
32	16	2	1	2	176.041
8	16	1	1	2	174.7012
1	2	1	1	2	174.6156
16	32	1	1	2	173.0628
32	4	1	1	2	171.652
32	16	1	1	2	170.1674
32	32	1	8	2	166.9338
1	1	2	1	2	161.605
32	32	1	1	2	148.4558
16	1	1	1	2	119.82
32	1	1	1	2	119.6186
8	1	1	1	2	118.2538
4	1	1	1	2	116.1602
2	1	1	1	2	111.70778
1	1	1	1	2	108.14918
