4	1	1	32	2	277.5523333
2	1	1	32	2	271.6103333
1	1	1	32	2	270.8223333
1	4	1	8	2	260.1306667
1	4	1	16	2	258.233
1	8	1	4	2	257.8526667
4	4	1	8	2	257.834
1	4	1	32	2	255.0173333
2	4	1	8	2	254.145
1	8	1	8	2	252.8383333
4	4	1	16	2	252.7593333
2	4	1	16	2	251.1723333
2	4	1	32	2	249.655
1	8	1	16	2	249.3506667
8	1	1	32	2	248.4976667
2	8	1	4	2	244.8683333
1	16	1	4	2	243.5833333
2	8	1	8	2	243.0396667
4	8	1	4	2	241.803
1	8	1	32	2	241.7196667
1	16	1	8	2	241.544
4	8	1	8	2	239.8926667
1	16	1	2	2	236.8043333
1	16	1	16	2	236.2
4	4	1	32	2	235.175
2	8	1	16	2	235.161
4	8	1	16	2	233.3213333
2	16	1	4	2	225.6453333
2	8	1	32	2	225.5726667
2	16	1	8	2	224.5096667
1	16	1	32	2	223.6953333
8	4	1	8	2	221.6953333
2	16	1	2	2	219.962
2	16	1	16	2	217.1986667
16	1	1	32	2	217.168
8	4	1	16	2	216.8056667
1	32	1	2	2	216.5803333
4	16	1	8	2	215.501
4	16	1	4	2	215.3863333
1	32	1	4	2	215.1243333
1	32	1	8	2	213.4763333
4	8	1	32	2	211.7316667
1	32	1	16	2	208.0953333
4	1	1	16	2	205.8063333
4	16	1	16	2	205.059
4	2	1	8	2	200.4873333
8	8	1	4	2	200.3706667
4	16	1	2	2	200.251
8	8	1	8	2	200.1853333
1	1	1	16	2	199.978
2	1	1	16	2	198.7196667
2	16	1	32	2	198.49
1	2	1	8	2	198.4186667
8	4	1	32	2	197.3256667
8	1	1	16	2	197.289
4	2	1	16	2	197.1246667
1	2	1	16	2	197.0113333
16	4	1	8	2	196.0286667
2	2	1	8	2	195.06
4	4	1	4	2	194.8926667
2	32	1	4	2	192.8206667
1	4	1	4	2	192.7816667
2	32	1	8	2	192.4586667
4	2	1	32	2	192.4556667
2	2	1	16	2	191.9433333
1	2	1	32	2	191.9286667
8	2	1	8	2	191.8393333
2	32	1	2	2	191.38
16	1	1	16	2	191.217
8	8	1	16	2	190.3076667
1	32	1	32	2	190.231
2	2	1	32	2	188.7303333
8	2	1	16	2	188.4933333
2	4	1	4	2	187.87
16	4	1	16	2	187.6113333
4	2	2	16	2	187.5
4	2	2	8	2	187.0083333
2	32	1	16	2	184.43
2	2	2	8	2	184.037
16	2	1	8	2	183.172
2	2	2	16	2	182.704
8	4	1	4	2	181.6096667
8	2	1	32	2	179.5316667
4	32	1	4	2	178.9703333
8	2	2	8	2	178.947
16	2	1	16	2	177.5403333
4	32	1	8	2	176.828
4	1	4	8	2	174.9786667
4	4	2	8	2	172.607
16	1	4	8	2	172.4303333
8	1	4	8	2	171.37
4	1	4	32	2	171.356
8	1	4	16	2	170.489
4	1	4	16	2	170.1546667
4	4	2	4	2	169.0716667
4	32	1	2	2	168.425
8	16	1	4	2	168.3863333
2	4	2	4	2	167.3123333
8	16	1	8	2	167.2946667
16	4	1	4	2	166.979
2	4	2	8	2	166.8093333
16	8	1	4	2	165.754
16	2	1	32	2	164.9166667
2	4	2	16	2	164.215
8	16	1	2	2	164.0113333
16	8	1	8	2	163.9786667
8	4	2	4	2	160.9196667
8	4	2	8	2	157.267
4	1	2	8	2	157.2276667
4	1	2	16	2	156.156
2	1	2	8	2	155.15
4	1	2	32	2	155.084
2	1	2	16	2	154.188
2	1	2	32	2	152.225
8	1	2	8	2	151.6726667
8	1	2	16	2	151.441
16	1	2	8	2	149.856
4	2	4	4	2	147.9843333
4	2	4	16	2	147.586
4	2	4	8	2	147.308
4	8	2	2	2	146.812
2	8	2	2	2	146.7636667
4	8	2	4	2	146.1423333
2	8	2	4	2	146.08
8	2	4	4	2	146.045
2	8	2	8	2	145.654
8	2	4	8	2	144.5856667
16	2	4	4	2	143.4193333
4	4	4	4	2	142.724
4	4	4	2	2	142.1266667
4	4	4	8	2	139.8526667
8	4	4	2	2	137.6836667
4	4	4	16	2	136.858
8	8	2	2	2	135.882
8	8	2	4	2	135.227
8	4	4	8	2	134.844
1	8	1	2	2	134.4483333
8	4	4	4	2	133.9793333
4	8	1	2	2	131.0536667
2	16	2	2	2	130.388
2	16	2	4	2	130.168
2	8	1	2	2	130.0883333
4	16	2	2	2	129.958
16	1	8	4	2	127.8243333
16	4	4	2	2	126.8703333
8	1	8	4	2	126.8373333
8	1	8	8	2	126.6606667
1	16	1	1	2	126.0043333
8	32	1	4	2	124.966
16	16	1	4	2	124.427
8	32	1	2	2	124.36
2	1	4	8	2	124.098
4	1	1	8	2	123.4453333
1	32	1	1	2	122.6616667
2	16	2	1	2	122.419
1	1	1	8	2	121.9276667
2	16	1	1	2	121.4676667
8	8	1	2	2	121.381
16	16	1	2	2	121.151
2	1	4	16	2	120.994
8	2	8	2	2	120.6976667
8	2	8	8	2	120.281
8	2	8	4	2	120.2653333
4	2	1	4	2	120.185
2	1	1	8	2	119.1176667
2	32	1	1	2	118.9636667
4	2	2	4	2	118.304
8	1	1	8	2	117.9606667
16	2	8	2	2	117.688
16	1	1	8	2	116.2296667
1	1	4	16	2	116.1676667
1	2	1	4	2	116.1016667
8	2	2	4	2	115.9933333
1	1	2	16	2	115.9733333
1	1	4	8	2	115.948
2	2	2	4	2	115.1223333
1	1	2	8	2	114.832
8	2	1	4	2	114.4653333
4	16	2	1	2	114.248
4	8	4	1	2	114.127
2	2	1	4	2	114.0206667
4	16	1	1	2	113.7306667
4	4	2	2	2	113.6753333
4	16	1	32	2	113.279
4	8	4	2	2	113.222
16	2	2	4	2	112.745
4	8	4	4	2	112.576
4	8	4	8	2	112.069
16	2	1	4	2	111.988
1	2	2	16	2	111.634
4	32	1	16	2	111.177
2	4	2	2	2	110.907
4	1	4	4	2	110.335
2	2	4	4	2	110.203
1	2	2	8	2	110.0153333
8	4	2	2	2	109.444
8	8	1	32	2	108.796
4	32	1	1	2	108.2876667
2	2	4	8	2	108.103
16	8	1	2	2	107.9016667
1	2	4	16	2	106.765
4	1	8	8	2	106.541
4	1	8	4	2	105.8373333
8	16	1	16	2	105.266
16	1	4	4	2	105.153
1	4	4	2	2	104.663
1	2	4	4	2	104.549
16	4	2	2	2	104.3073333
8	8	4	1	2	104.1863333
8	1	4	4	2	103.954
1	2	4	8	2	103.9483333
2	4	4	2	2	103.6876667
1	4	4	4	2	103.6596667
8	8	4	2	2	103.609
8	8	4	4	2	103.028
16	8	1	16	2	102.971
8	16	1	1	2	102.9653333
8	4	8	1	2	102.9133333
4	2	8	2	2	102.8243333
1	4	4	8	2	102.566
2	32	1	32	2	102.441
8	16	2	2	2	102.346
8	4	8	2	2	102.1323333
2	4	4	4	2	102.0406667
8	16	2	1	2	101.9293333
8	4	8	4	2	101.385
4	2	8	4	2	100.5973333
16	4	8	1	2	100.332
4	4	1	2	2	100.1481
4	2	4	2	2	99.92736667
16	4	8	2	2	99.50423333
1	4	2	4	2	97.80193333
1	4	1	2	2	97.48476667
1	2	2	4	2	97.29296667
16	8	4	1	2	96.99536667
2	4	1	2	2	95.9788
8	4	1	2	2	95.45413333
2	8	2	1	2	94.54963333
16	2	4	2	2	94.275
16	1	16	2	2	94.135
8	2	4	2	2	94.01283333
16	1	16	4	2	93.8642
16	16	1	8	2	93.7405
2	1	8	4	2	93.5392
1	4	2	8	2	93.5334
8	32	1	1	2	93.07423333
4	8	2	1	2	92.9734
4	1	2	4	2	92.7495
2	1	8	8	2	92.7486
2	1	4	4	2	92.5599
8	32	1	8	2	92.32803333
16	4	1	2	2	91.20953333
2	2	8	4	2	90.47263333
2	1	2	4	2	90.436
2	2	8	2	2	90.40803333
16	1	2	4	2	90.14563333
1	1	4	4	2	90.04856667
4	4	4	1	2	89.96033333
2	2	8	8	2	89.4355
8	1	2	4	2	89.3371
4	4	8	1	2	88.01506667
1	1	8	4	2	87.8683
1	1	8	8	2	87.80863333
1	1	8	16	2	87.7103
4	4	8	2	2	87.54616667
8	8	2	1	2	87.33896667
4	4	8	4	2	87.2264
2	8	4	1	2	86.6953
1	4	2	2	2	86.25466667
16	16	1	1	2	85.9121
2	8	4	2	2	85.88973333
1	2	8	2	2	85.0696
1	2	8	4	2	85.05326667
8	4	4	1	2	84.32526667
1	2	8	8	2	84.18286667
16	32	1	2	2	83.86726667
1	2	8	16	2	83.7263
16	4	4	1	2	83.0886
1	8	4	1	2	82.30576667
1	8	4	2	2	82.12116667
1	8	2	4	2	81.892
8	1	16	2	2	81.54423333
1	8	2	2	2	81.52993333
2	2	4	2	2	81.2568
16	2	16	1	2	80.52546667
1	8	4	4	2	80.3258
16	1	8	2	2	80.29586667
16	2	16	2	2	80.2194
1	2	4	2	2	80.17553333
16	8	2	1	2	80.1128
4	1	16	4	2	79.85686667
4	1	16	2	2	79.84716667
2	4	8	2	2	79.81993333
8	1	8	2	2	79.65403333
2	4	8	1	2	79.57303333
8	1	16	4	2	79.0257
2	4	8	4	2	78.7565
4	1	16	8	2	78.6534
1	1	2	4	2	78.0937
2	4	4	1	2	75.43916667
16	2	8	1	2	74.6563
16	32	1	4	2	74.6343
4	2	16	1	2	74.29543333
8	2	8	1	2	74.2635
4	2	16	2	2	73.9589
4	2	16	4	2	73.0159
1	1	16	2	2	72.8527
8	2	16	1	2	72.8082
4	1	8	2	2	72.7175
16	32	1	1	2	72.63013333
2	1	16	4	2	72.45376667
1	1	16	4	2	72.41113333
2	1	16	2	2	72.3688
2	1	16	8	2	72.2756
1	1	16	8	2	72.16953333
1	1	16	16	2	72.0823
8	2	16	2	2	72.02686667
1	4	4	1	2	72.0137
2	2	2	2	2	68.40913333
4	2	8	1	2	68.4062
1	8	1	1	2	68.0607
4	2	2	2	2	68.0591
4	8	1	1	2	67.89093333
2	1	8	2	2	67.2112
2	4	2	1	2	67.10793333
2	2	16	1	2	66.99606667
2	2	16	2	2	66.9947
1	2	16	2	2	66.96373333
1	4	8	4	2	66.7507
1	4	8	2	2	66.73593333
2	8	1	1	2	66.7136
1	8	2	1	2	66.4518
2	2	16	4	2	66.4153
1	4	8	1	2	66.3813
1	2	16	1	2	66.3433
1	2	16	4	2	66.31056667
4	4	2	1	2	66.2309
1	4	8	8	2	65.8194
1	2	16	8	2	65.7542
2	2	16	8	2	65.3986
4	1	1	4	2	65.32356667
16	2	2	2	2	64.92493333
8	8	1	1	2	64.7399
1	2	2	2	2	64.7132
8	2	2	2	2	64.31856667
2	2	8	1	2	63.7157
8	4	2	1	2	62.80656667
1	1	8	2	2	62.77046667
1	1	1	4	2	62.76306667
2	1	1	4	2	61.8969
8	1	1	4	2	61.65283333
16	1	1	4	2	61.6425
4	2	1	2	2	61.32386667
16	8	1	1	2	60.9673
16	4	2	1	2	60.83936667
1	4	2	1	2	60.2999
4	1	4	2	2	59.6877
1	2	8	1	2	59.5311
8	2	1	2	2	58.19146667
1	2	1	2	2	58.1905
1	16	2	1	2	57.93393333
16	2	1	2	2	57.798
16	1	4	2	2	57.596
8	1	4	2	2	57.57166667
2	2	1	2	2	57.48636667
1	16	2	2	2	57.3123
4	2	4	1	2	56.40466667
16	1	16	1	2	56.32293333
2	1	32	4	2	55.63276667
2	1	32	2	2	55.57103333
2	1	32	1	2	55.40526667
2	1	32	8	2	55.0787
2	1	4	2	2	54.4034
1	1	4	2	2	54.19256667
16	2	4	1	2	54.16936667
4	1	32	2	2	53.92716667
4	1	32	1	2	53.8227
16	1	32	1	2	53.66363333
4	1	32	4	2	53.5916
8	2	4	1	2	53.4653
8	1	32	1	2	53.23136667
8	1	32	2	2	52.93336667
8	1	32	4	2	52.1625
8	1	16	1	2	51.66706667
4	4	1	1	2	51.50366667
1	1	32	2	2	50.7065
1	1	32	1	2	50.6558
2	2	4	1	2	50.20586667
4	1	16	1	2	50.19093333
1	1	32	4	2	50.14286667
1	1	32	8	2	50.0727
1	2	4	1	2	49.64183333
4	1	2	2	2	49.0069
8	4	1	1	2	48.90336667
1	4	1	1	2	48.89343333
2	4	1	1	2	48.53176667
2	1	2	2	2	48.4799
16	1	2	2	2	48.22076667
16	4	1	1	2	47.9543
8	1	2	2	2	47.81183333
4	2	2	1	2	47.5587
2	1	16	1	2	47.43593333
2	2	2	1	2	46.88023333
1	1	16	1	2	46.02523333
8	2	2	1	2	45.58266667
16	2	2	1	2	45.35776667
16	1	8	1	2	43.8415
8	1	8	1	2	43.47886667
1	1	2	2	2	43.38966667
4	1	8	1	2	41.35666667
1	2	2	1	2	41.08693333
2	1	8	1	2	39.5471
1	1	8	1	2	37.57843333
16	1	4	1	2	37.1378
4	1	4	1	2	37.0423
8	1	4	1	2	35.73423333
2	1	4	1	2	33.5458
1	1	4	1	2	33.07093333
4	1	1	2	2	32.9687
1	1	1	2	2	31.41206667
8	1	1	2	2	31.27246667
16	1	1	2	2	31.06796667
4	2	1	1	2	30.9698
2	1	1	2	2	30.96563333
8	2	1	1	2	29.60813333
16	2	1	1	2	29.33796667
1	2	1	1	2	29.08986667
2	2	1	1	2	28.83993333
4	1	2	1	2	26.90046667
2	1	2	1	2	26.4949
16	1	2	1	2	26.33576667
8	1	2	1	2	26.07443333
1	1	2	1	2	23.14263333
4	1	1	1	2	16.48876667
8	1	1	1	2	15.85146667
16	1	1	1	2	15.82056667
1	1	1	1	2	15.69823333
2	1	1	1	2	15.49266667
