2	1	1	32	2	198.5785
2	4	1	16	2	372.44175
1	4	1	16	2	358.610875
1	1	1	32	2	192.897875
1	4	1	8	2	181.287
2	4	1	8	2	186.589375
1	4	1	32	2	717.37925
1	8	1	4	2	178.77775
4	1	1	32	2	201.008
2	8	1	8	2	362.303125
1	8	1	8	2	349.21275
2	8	1	4	2	183.059375
2	4	1	32	2	746.432375
1	8	1	16	2	697.904375
4	4	1	8	2	185.949625
2	8	1	16	2	725.306875
4	4	1	16	2	372.519375
1	16	1	4	2	335.2565
1	8	1	32	2	1395.48375
2	16	1	2	2	175.89925
2	16	1	4	2	351.49775
1	16	1	2	2	168.202375
4	8	1	4	2	181.31125
1	16	1	8	2	666.566
2	8	1	32	2	1448.42875
4	8	1	8	2	361.619125
2	16	1	8	2	701.14875
4	4	1	32	2	751.431
1	16	1	16	2	1323.5975
4	8	1	16	2	725.302375
2	16	1	16	2	1398.12125
2	1	1	16	2	155.6105
1	1	1	16	2	152.755375
4	16	1	2	2	175.692125
4	16	1	4	2	350.8695
1	16	1	32	2	2646.69125
4	1	1	16	2	150.842625
1	2	1	8	2	146.474375
4	16	1	8	2	698.456875
2	2	1	8	2	146.268875
1	2	1	16	2	289.34325
1	32	1	4	2	603.773625
2	2	1	16	2	294.41225
1	32	1	2	2	299.309
1	4	1	4	2	141.64
2	32	1	4	2	640.2015
2	32	1	2	2	318.126375
2	4	1	4	2	142.517125
1	32	1	8	2	1206.47375
2	2	1	32	2	586.792125
1	2	1	32	2	571.011125
4	8	1	32	2	1455.1975
2	16	1	32	2	2805.9175
4	2	1	8	2	143.67075
2	32	1	8	2	1280.72
1	32	1	16	2	2412.96875
4	2	2	8	2	143.291625
4	2	1	16	2	286.82
4	2	2	16	2	284.65025
4	16	1	16	2	1405.70125
4	2	1	32	2	586.2135
4	1	4	8	2	134.362375
4	4	1	4	2	138.42825
2	2	2	16	2	266.63725
4	1	4	16	2	267.40475
2	32	1	16	2	2562.14625
2	2	2	8	2	133.71875
1	32	1	1	2	149.333625
1	32	1	32	2	4823.03375
4	32	1	4	2	646.863375
4	32	1	2	2	321.89575
4	32	1	8	2	1293.00625
4	4	2	4	2	126.579875
4	1	2	8	2	122.876625
4	1	2	16	2	245.3105
4	4	2	8	2	251.85675
2	4	2	4	2	117.698
2	4	2	8	2	234.145875
2	32	1	1	2	158.381125
2	1	2	8	2	115.956
2	1	2	16	2	228.6575
4	2	4	4	2	113.633
4	32	1	1	2	160.352875
4	2	4	8	2	224.0495
4	4	4	2	2	111.455
2	1	2	32	2	447.4166667
4	4	4	4	2	221.691
4	8	2	2	2	114.247875
4	8	2	4	2	229.21
2	1	4	8	2	108.199375
4	4	4	8	2	442.838625
2	8	2	2	2	107.5925
2	8	2	4	2	214.628375
2	8	2	8	2	428.545625
1	8	1	2	2	101.27075
2	8	1	2	2	101.490875
4	8	1	2	2	100.61795
1	16	1	1	2	98.8525625
1	1	2	8	2	97.4043375
1	1	2	16	2	192.07375
2	16	1	1	2	100.1682125
1	2	2	8	2	95.1274125
4	16	1	1	2	99.4846125
2	2	4	4	2	92.871075
4	2	2	4	2	91.8447375
1	1	4	8	2	91.9857625
2	4	4	2	2	91.120175
4	1	4	4	2	89.540125
2	2	4	8	2	178.83875
4	1	8	4	2	88.7768375
4	16	2	2	2	190.3945
2	2	2	4	2	88.8206375
1	1	4	16	2	176.870625
2	4	4	4	2	176.922375
4	16	2	1	2	95.0175375
4	8	4	2	2	181.21725
4	4	2	2	2	88.3030375
4	8	4	4	2	363.162
4	8	4	1	2	90.029175
2	1	1	8	2	86.2027375
1	2	4	4	2	85.696825
4	1	8	8	2	171.559875
2	16	2	1	2	87.1395375
2	16	2	4	2	350.846625
2	16	2	2	2	174.852375
1	1	1	8	2	85.248275
1	4	4	2	2	84.30905
2	2	1	4	2	84.0637
1	4	4	4	2	167.01325
4	1	1	8	2	83.35375
1	2	1	4	2	82.965575
2	4	2	2	2	83.04205
4	2	8	2	2	82.4981375
4	2	8	4	2	162.36825
4	2	1	4	2	81.317025
1	2	4	8	2	161.399
1	4	4	8	2	323.6275
1	4	2	4	2	80.6088875
4	2	4	2	2	80.4118375
2	1	4	4	2	78.8395875
1	2	2	4	2	79.1439875
1	4	2	8	2	155.41625
2	1	8	4	2	76.97735
2	1	8	8	2	152.54075
2	2	8	2	2	76.417225
2	2	8	4	2	150.80225
1	1	4	4	2	75.8559375
4	16	1	32	2	1410.69375
2	2	8	8	2	295.239875
2	4	1	2	2	73.8003
4	1	2	4	2	73.9089875
1	2	8	4	2	145.0935
2	8	4	2	2	145.70325
2	8	4	1	2	72.8796375
1	2	8	8	2	287.944
1	4	1	2	2	71.9712375
4	4	4	1	2	72.4185625
1	2	8	2	2	71.994325
4	4	1	2	2	71.95105
2	2	4	2	2	71.48075
4	32	1	16	2	1295.365
4	8	2	1	2	71.666525
2	32	1	32	2	2562.56125
1	1	8	4	2	70.5762375
2	4	8	1	2	70.8524875
2	4	8	2	2	140.9125
4	4	8	1	2	70.6997125
1	1	8	8	2	139.492125
4	4	8	2	2	139.832
1	4	2	2	2	69.8965875
1	1	8	16	2	276.901
2	4	8	4	2	276.016875
2	1	2	4	2	68.68475
1	8	4	2	2	135.316
2	8	2	1	2	67.7264625
1	8	4	1	2	67.41695
1	8	4	4	2	267.291875
1	2	4	2	2	66.7511375
4	1	8	2	2	65.0159875
2	4	4	1	2	64.56485
4	1	16	2	2	63.9461625
1	1	2	4	2	64.1623375
4	1	16	4	2	126.35575
1	8	2	2	2	62.10875
1	8	2	4	2	123.464
1	4	8	2	2	118.532625
1	4	8	4	2	236.11875
1	4	4	1	2	59.291
1	4	8	1	2	58.6831875
2	1	8	2	2	58.3399875
1	4	8	8	2	464.057375
4	2	8	1	2	57.44485
4	2	16	1	2	56.475225
4	2	16	2	2	112.48825
2	1	16	2	2	55.9759125
2	1	16	4	2	111.33375
4	2	16	4	2	221.933875
1	1	8	2	2	55.450375
2	1	16	8	2	219.073875
2	2	8	1	2	54.7551875
4	2	2	2	2	54.1372625
1	8	2	1	2	53.0965
1	2	8	1	2	52.9753875
4	4	2	1	2	52.4279375
1	1	16	4	2	104.46225
1	1	16	2	2	52.7010875
2	2	2	2	2	52.0271625
1	1	16	8	2	207.696
2	8	1	1	2	51.8733875
1	8	1	1	2	51.1523875
1	2	2	2	2	50.951925
2	4	2	1	2	50.6632875
4	8	1	1	2	50.6331625
4	1	4	2	2	49.908375
2	2	16	2	2	98.545275
2	2	16	4	2	196.01625
2	2	16	1	2	48.9698125
1	2	16	4	2	195.14125
1	2	16	8	2	387.350875
1	2	16	2	2	97.0262
1	16	2	1	2	47.967525
1	16	2	2	2	94.8048
1	4	2	1	2	47.539075
1	2	16	1	2	47.489925
4	2	4	1	2	46.8392875
2	1	4	2	2	45.78255
4	1	32	2	2	89.945825
1	1	4	2	2	45.2343875
4	1	32	1	2	44.9795625
4	1	32	4	2	178.187625
2	1	1	4	2	44.522975
1	1	1	4	2	43.8474625
4	1	1	4	2	43.331025
4	1	16	1	2	43.1270625
2	2	4	1	2	42.6632625
2	2	1	2	2	42.3303
1	2	4	1	2	41.663475
1	2	1	2	2	41.465375
4	2	1	2	2	41.2600375
2	1	32	4	2	159.023
2	1	32	2	2	79.5441125
2	1	32	1	2	39.82155
2	1	16	1	2	39.73012857
4	1	2	2	2	38.4766875
1	1	16	1	2	37.6909875
1	1	32	2	2	75.1938375
4	2	2	1	2	37.3699125
1	1	32	8	2	298.537125
1	1	32	1	2	37.7471
2	4	1	1	2	37.20155
1	1	32	4	2	149.034625
4	1	8	1	2	36.75765
4	4	1	1	2	36.560775
1	4	1	1	2	35.9965625
2	1	2	2	2	35.7007
2	2	2	1	2	34.5726375
2	1	8	1	2	34.44125
1	1	2	2	2	34.2144125
1	1	8	1	2	33.631025
1	2	2	1	2	32.3974375
4	1	4	1	2	31.364175
2	1	4	1	2	27.947875
1	1	4	1	2	27.568825
2	1	1	2	2	22.2436625
4	1	1	2	2	21.819975
1	1	1	2	2	21.9069875
2	2	1	1	2	21.166875
4	2	1	1	2	20.7923375
1	2	1	1	2	20.7229625
4	1	2	1	2	20.3147
2	1	2	1	2	18.79985
1	1	2	1	2	17.8822125
2	1	1	1	2	11.11635
1	1	1	1	2	10.94863333
4	1	1	1	2	10.9066875
