4	1	1	32	2	299.302
2	1	1	32	2	287.6135
1	1	1	32	2	269.26775
4	4	1	8	2	264.181
2	4	1	8	2	255.20125
2	4	1	16	2	516.3955
1	4	1	8	2	248.681
1	4	1	16	2	499.94975
2	4	1	32	2	1070.0075
4	4	1	16	2	530.47925
1	4	1	32	2	1017.4575
2	8	1	4	2	254.753
1	8	1	4	2	244.7925
2	8	1	8	2	505.262
1	8	1	8	2	484.83625
8	1	1	32	2	277.34625
4	8	1	4	2	260.3995
1	8	1	16	2	963.7545
2	8	1	16	2	1007.91
4	8	1	8	2	519.16875
4	4	1	32	2	1075.1275
1	16	1	2	2	237.23525
1	16	1	4	2	474.1395
1	16	1	8	2	947.98
1	8	1	32	2	1933.6775
4	8	1	16	2	1038.08
2	16	1	4	2	499.6695
2	16	1	8	2	999.08625
2	16	1	2	2	249.711
2	8	1	32	2	2026.505
1	16	1	16	2	1895.6875
2	16	1	16	2	1996.42
8	4	1	8	2	247.7325
1	16	1	32	2	3786.155
4	16	1	8	2	1036.9375
8	4	1	16	2	501.87525
16	1	1	32	2	264.745
4	16	1	4	2	519.87675
1	32	1	2	2	436.2005
4	8	1	32	2	2083.7525
1	32	1	4	2	881.849
4	16	1	2	2	260.788
4	1	1	16	2	205.35675
1	32	1	8	2	1765.04
4	16	1	16	2	2076.5525
2	1	1	16	2	202.93925
2	32	1	8	2	1912.0925
2	32	1	2	2	475.48325
1	32	1	16	2	3516.2125
8	8	1	4	2	246.7025
2	32	1	4	2	955.161
4	2	1	8	2	198.31175
4	2	1	16	2	402.71525
2	2	1	8	2	194.211
8	8	1	8	2	491.0845
8	1	1	16	2	200.50875
2	2	1	16	2	389.00875
2	16	1	32	2	3955.85
8	4	1	32	2	1017.3975
16	4	1	8	2	246.00625
1	1	1	16	2	192.64675
1	2	1	8	2	188.751
4	4	1	4	2	194.28775
2	2	1	32	2	775.08375
2	4	1	4	2	188.9655
2	32	1	16	2	3822.84
8	2	1	8	2	195.08175
4	2	1	32	2	799.37675
1	2	1	16	2	371.7665
16	1	1	16	2	200.33025
16	4	1	16	2	496.57225
8	8	1	16	2	985.95625
8	2	1	16	2	391.00875
1	2	1	32	2	736.164
1	4	1	4	2	181.31475
4	2	2	16	2	375.174
4	2	2	8	2	185.45975
1	32	1	32	2	7059.85
16	2	1	8	2	193.58775
4	32	1	4	2	1030.2325
2	2	2	8	2	179.607
8	2	1	32	2	789.66475
8	4	1	4	2	189.6565
2	2	2	16	2	355.13875
4	32	1	8	2	2062.7825
16	2	1	16	2	390.613
4	1	4	8	2	172.86575
8	2	2	8	2	182.38125
4	32	1	2	2	513.38125
4	1	4	16	2	341.78325
16	1	4	8	2	174.0355
8	1	4	8	2	168.57425
8	16	1	4	2	486.9755
4	4	2	8	2	342.812
8	16	1	8	2	976.5025
8	1	4	16	2	334.62
4	4	2	4	2	170.12925
16	8	1	4	2	243.78325
16	2	1	32	2	787.075
16	8	1	8	2	487.4715
2	4	2	16	2	659.559
8	16	1	2	2	242.667
2	4	2	4	2	163.05175
2	4	2	8	2	322.70275
16	4	1	4	2	190.46375
8	4	2	4	2	166.1835
8	4	2	8	2	330.051
4	1	2	8	2	152.48725
4	1	2	16	2	304.92925
2	1	2	16	2	299.231
4	1	2	32	2	607.627
2	1	2	8	2	149.2915
2	1	2	32	2	595.227
8	1	2	8	2	147.67975
4	2	4	4	2	145.6725
16	1	2	8	2	150.12625
8	1	2	16	2	295.716
4	2	4	8	2	289.681
4	8	2	2	2	151.27975
8	2	4	4	2	145.87625
2	8	2	2	2	145.204
2	8	2	4	2	290.6495
4	2	4	16	2	577.301
8	2	4	8	2	290.198
4	8	2	4	2	298.302
2	8	2	8	2	578.038
4	4	4	2	2	141.21825
16	2	4	4	2	147.6535
4	4	4	4	2	277.635
4	4	4	8	2	556.82125
8	4	4	2	2	139.417
8	4	4	4	2	280.104
8	8	2	2	2	149.7845
8	4	4	8	2	553.316
8	8	2	4	2	298.636
2	16	2	4	2	540.774
2	16	2	2	2	268.177
2	8	1	2	2	128.5435
4	16	2	2	2	284.692
1	32	1	1	2	217.009
4	8	1	2	2	131.1535
1	8	1	2	2	126.15875
16	4	4	2	2	139.06
8	1	8	4	2	124.5035
16	1	8	4	2	126.78
8	1	8	8	2	249.131
16	16	1	4	2	482.10525
8	32	1	4	2	928.7595
8	32	1	2	2	463.72525
2	16	2	1	2	133.81325
2	16	1	1	2	127.53625
1	16	1	1	2	123.649
8	2	8	2	2	121.20475
16	16	1	2	2	244.67275
2	1	4	16	2	240.507
8	2	8	4	2	241.621
8	2	8	8	2	483.312
2	32	1	1	2	237.41
2	1	4	8	2	118.6845
4	1	1	8	2	118.04
2	1	1	8	2	116.92175
8	8	1	2	2	128.95475
4	16	2	1	2	143.50775
16	2	8	2	2	121.07325
4	2	1	4	2	115.10425
4	16	1	1	2	130.23725
4	2	2	4	2	114.2105
2	2	1	4	2	113.03375
8	1	1	8	2	113.7145
1	1	1	8	2	112.50675
4	8	4	1	2	115.53075
1	1	4	16	2	223.901
1	1	4	8	2	111.07525
2	2	2	4	2	111.73475
1	1	2	16	2	221.3735
4	8	4	2	2	230.1615
16	1	1	8	2	113.28825
1	1	2	8	2	112.48
4	8	4	8	2	923.213
8	2	2	4	2	112.3795
4	8	4	4	2	460.266
4	32	1	1	2	257.66275
4	16	1	32	2	2080.03
8	2	1	4	2	111.4725
4	4	2	2	2	110.50925
1	2	2	16	2	217.962
16	2	2	4	2	113.85775
1	2	2	8	2	109.4655
1	2	1	4	2	107.0525
4	32	1	16	2	2067.93
16	2	1	4	2	111.7655
2	4	2	2	2	106.64975
4	1	4	4	2	105.854
2	2	4	4	2	105.43475
8	4	2	2	2	107.9155
4	1	8	4	2	103.667
16	8	1	2	2	129.22275
2	2	4	8	2	206.072
8	4	8	1	2	105.52125
8	8	1	32	2	1003.72
1	4	4	2	2	102.759
1	2	4	4	2	102.1765
8	16	1	1	2	128.5725
8	4	8	2	2	211.11275
8	8	4	1	2	110.1875
8	4	8	4	2	423.297
8	16	2	2	2	247.46
8	16	2	1	2	123.50425
8	8	4	4	2	443.273
8	8	4	2	2	220.4005
8	1	4	4	2	101.40375
4	1	8	8	2	201.815
8	16	1	16	2	981.9755
16	1	4	4	2	102.2185
2	32	1	32	2	3829.15
1	4	4	8	2	400.075
1	4	4	4	2	199.46925
16	8	1	16	2	493.2695
16	4	2	2	2	109.42375
16	4	8	1	2	107.05925
2	4	4	2	2	99.65385
4	2	8	2	2	99.619
1	2	4	8	2	196.9335
2	4	4	4	2	197.45
16	4	8	2	2	214.43525
1	2	4	16	2	391.341
4	2	8	4	2	195.314
4	4	1	2	2	97.250925
4	2	4	2	2	96.621375
2	4	1	2	2	96.070025
16	8	4	1	2	114.5515
1	4	2	4	2	96.49125
1	4	2	8	2	190.53
8	32	1	1	2	232.03875
1	2	2	4	2	95.14505
16	2	4	2	2	95.236975
8	4	1	2	2	94.97685
1	4	1	2	2	91.60335
16	1	16	4	2	185.41575
16	1	16	2	2	92.378625
8	2	4	2	2	91.7176
2	8	2	1	2	91.87025
2	1	8	4	2	90.4076
2	1	8	8	2	179.807
16	16	1	8	2	486.19675
8	32	1	8	2	928.0935
4	8	2	1	2	91.2214
2	1	4	4	2	89.100625
4	1	2	4	2	89.086425
16	4	1	2	2	95.1001
2	1	2	4	2	87.69275
4	4	4	1	2	88.251775
2	2	8	2	2	86.91515
1	1	4	4	2	86.574825
4	4	8	1	2	87.420575
2	2	8	4	2	172.865
16	1	2	4	2	87.685275
4	4	8	2	2	173.091
8	1	2	4	2	85.594025
2	2	8	8	2	340.893
16	16	1	1	2	128.91575
2	8	4	1	2	85.595575
1	1	8	8	2	168.32125
8	8	2	1	2	89.451475
1	1	8	16	2	336.153
1	1	8	4	2	83.89935
2	8	4	2	2	169.455
1	4	2	2	2	84.39295
1	2	8	4	2	164.909
8	4	4	1	2	83.56815
16	32	1	2	2	462.19025
1	2	8	2	2	81.42115
16	4	4	1	2	86.2862
1	2	8	8	2	323.84125
1	8	2	4	2	162.116
1	8	2	2	2	82.654825
1	2	8	16	2	645.86
1	8	4	1	2	80.0876
1	8	4	2	2	158.94225
8	1	16	2	2	79.215025
16	2	16	1	2	80.49765
2	2	4	2	2	79.003375
2	4	8	1	2	78.9829
16	2	16	2	2	161.0755
16	1	8	2	2	78.888925
1	2	4	2	2	78.114
2	4	8	2	2	156.928
1	8	4	4	2	312.968
8	1	16	4	2	156.274
8	1	8	2	2	78.1606
16	8	2	1	2	89.73065
2	4	8	4	2	308.546
4	1	16	2	2	76.799275
4	1	16	4	2	153.0315
1	1	2	4	2	75.87315
4	1	16	8	2	300.092
8	2	8	1	2	74.5374
2	4	4	1	2	73.7085
16	32	1	1	2	231.38525
16	2	8	1	2	74.529225
16	32	1	4	2	462.57225
4	2	16	1	2	72.5523
4	2	16	2	2	143.79825
8	2	16	1	2	71.721625
4	2	16	4	2	283.271
2	1	16	4	2	141.43625
2	1	16	2	2	70.592825
4	1	8	2	2	70.312575
8	2	16	2	2	140.987
1	4	4	1	2	70.201675
2	1	16	8	2	279.744
1	1	16	2	2	70.260775
1	1	16	8	2	278.34275
1	1	16	16	2	555.726
1	1	16	4	2	138.53375
4	2	8	1	2	66.79915
1	4	8	2	2	131.924
2	2	2	2	2	65.660175
1	4	8	1	2	65.961225
2	2	16	2	2	131.6485
2	2	16	1	2	65.859225
1	4	8	4	2	261.73875
2	2	16	4	2	261.367
4	2	2	2	2	65.2615
1	2	16	2	2	130.63425
2	8	1	1	2	65.308075
1	2	16	4	2	260.656
4	8	1	1	2	65.526025
1	8	2	1	2	64.75525
2	4	2	1	2	64.557075
1	2	16	1	2	65.058175
1	2	16	8	2	516.813
2	2	16	8	2	515.264
1	4	8	8	2	515.109
2	1	8	2	2	63.948825
1	8	1	1	2	63.61375
4	4	2	1	2	63.635875
1	2	2	2	2	62.2785
2	2	8	1	2	62.371
4	1	1	4	2	61.896025
8	8	1	1	2	64.492625
16	2	2	2	2	62.54965
8	2	2	2	2	61.52505
2	1	1	4	2	60.52845
1	1	8	2	2	60.068125
8	4	2	1	2	59.98415
1	4	2	1	2	58.578625
1	2	8	1	2	58.745475
8	1	1	4	2	58.59485
16	8	1	1	2	64.664125
4	2	1	2	2	58.3908
16	1	1	4	2	58.674075
16	4	2	1	2	60.3947
1	1	1	4	2	57.76535
1	16	2	1	2	57.91285
4	1	4	2	2	57.431575
2	2	1	2	2	56.960575
1	16	2	2	2	113.986
8	1	4	2	2	55.61375
8	2	1	2	2	55.7381
16	1	4	2	2	55.444975
16	2	1	2	2	55.9277
16	1	16	1	2	54.86155
4	2	4	1	2	54.532325
2	1	32	4	2	217.972
2	1	32	2	2	109.0105
2	1	32	1	2	54.4667
2	1	32	8	2	432.895
1	2	1	2	2	53.5279
1	1	4	2	2	52.796675
4	1	32	2	2	105.52625
4	1	32	1	2	52.807275
16	2	4	1	2	53.1217
16	1	32	1	2	52.742225
4	1	32	4	2	209.713
2	1	4	2	2	52.23735
8	1	32	2	2	104.3985
8	1	32	1	2	52.606775
8	2	4	1	2	51.97845
8	1	32	4	2	205.612
1	1	32	2	2	100.5805
8	1	16	1	2	49.82835
1	1	32	1	2	50.395375
1	1	32	8	2	397.367
4	4	1	1	2	49.42065
1	1	32	4	2	198.7735
4	1	16	1	2	48.767225
2	2	4	1	2	48.6381
1	2	4	1	2	48.597
2	4	1	1	2	48.41965
2	1	2	2	2	47.544625
4	1	2	2	2	47.244325
8	4	1	1	2	47.5223
16	4	1	1	2	47.60315
2	1	16	1	2	46.22325
16	1	2	2	2	46.106625
1	4	1	1	2	45.8349
8	1	2	2	2	45.724425
4	2	2	1	2	45.69485
2	2	2	1	2	45.4028
1	1	16	1	2	44.9058
8	2	2	1	2	43.441075
16	2	2	1	2	43.63365
8	1	8	1	2	42.81655
16	1	8	1	2	42.76435
1	1	2	2	2	42.353725
4	1	8	1	2	40.185675
1	2	2	1	2	40.02885
2	1	8	1	2	38.358525
1	1	8	1	2	36.323675
4	1	4	1	2	36.091975
16	1	4	1	2	36.13835
8	1	4	1	2	34.812475
2	1	4	1	2	32.667525
1	1	4	1	2	32.203675
4	1	1	2	2	31.172325
2	1	1	2	2	30.244025
8	1	1	2	2	29.74655
4	2	1	1	2	29.4299
16	1	1	2	2	29.32425
1	1	1	2	2	28.8521
2	2	1	1	2	28.471275
8	2	1	1	2	28.2935
16	2	1	1	2	27.96765
1	2	1	1	2	26.7349
4	1	2	1	2	25.578825
2	1	2	1	2	25.37645
16	1	2	1	2	24.836875
8	1	2	1	2	24.342175
1	1	2	1	2	22.254575
4	1	1	1	2	15.583325
2	1	1	1	2	15.114775
8	1	1	1	2	14.986225
16	1	1	1	2	14.896875
1	1	1	1	2	14.420025
