4	1	1	32	2	263.24775
2	1	1	32	2	262.50825
1	1	1	32	2	248.95325
4	4	1	8	2	245.8515
2	4	1	8	2	245.63225
2	4	1	16	2	244.638
1	4	1	8	2	242.852
1	4	1	16	2	242.1115
2	4	1	32	2	241.78675
4	4	1	16	2	241.4435
1	4	1	32	2	240.611
2	8	1	4	2	240.28075
1	8	1	4	2	238.27275
2	8	1	8	2	236.61125
1	8	1	8	2	234.1435
8	1	1	32	2	232.7405
4	8	1	4	2	231.7665
1	8	1	16	2	230.2685
2	8	1	16	2	230.16225
4	8	1	8	2	229.99275
4	4	1	32	2	227.66775
1	16	1	2	2	225.18775
1	16	1	4	2	224.3915
1	16	1	8	2	223.25575
1	8	1	32	2	223.2295
4	8	1	16	2	223.12725
2	16	1	4	2	222.6455
2	16	1	8	2	221.792
2	16	1	2	2	219.424
2	8	1	32	2	219.09775
1	16	1	16	2	217.15775
2	16	1	16	2	215.1965
8	4	1	8	2	212.07175
1	16	1	32	2	207.277
4	16	1	8	2	207.1295
8	4	1	16	2	206.7505
16	1	1	32	2	206.6675
4	16	1	4	2	205.98475
1	32	1	2	2	201.08525
4	8	1	32	2	200.75475
1	32	1	4	2	200.60925
4	16	1	2	2	200.327
4	1	1	16	2	200.20075
1	32	1	8	2	198.811
4	16	1	16	2	196.84925
2	1	1	16	2	196.08625
2	32	1	8	2	194.81675
2	32	1	2	2	194.435
1	32	1	16	2	193.01725
8	8	1	4	2	192.76225
2	32	1	4	2	192.674
4	2	1	8	2	192.1005
4	2	1	16	2	191.603
2	2	1	8	2	191.484
8	8	1	8	2	191.4305
8	1	1	16	2	189.94825
2	2	1	16	2	189.5885
2	16	1	32	2	189.577
8	4	1	32	2	189.21375
16	4	1	8	2	189.045
1	1	1	16	2	189.0035
1	2	1	8	2	186.92125
4	4	1	4	2	186.509
2	2	1	32	2	186.3365
2	4	1	4	2	185.62625
2	32	1	16	2	184.732
8	2	1	8	2	184.61375
4	2	1	32	2	183.967
1	2	1	16	2	183.256
16	1	1	16	2	182.77275
16	4	1	16	2	181.68275
8	8	1	16	2	181.1785
8	2	1	16	2	180.40575
1	2	1	32	2	179.84825
1	4	1	4	2	179.156
4	2	2	16	2	178.935
4	2	2	8	2	177.41475
1	32	1	32	2	176.335
16	2	1	8	2	175.41825
4	32	1	4	2	174.54025
2	2	2	8	2	174.02325
8	2	1	32	2	174.01475
8	4	1	4	2	173.99775
2	2	2	16	2	173.2405
4	32	1	8	2	172.28025
16	2	1	16	2	171.5395
4	1	4	8	2	170.0825
8	2	2	8	2	170.0695
4	32	1	2	2	168.2165
4	1	4	16	2	167.374
16	1	4	8	2	165.25675
8	1	4	8	2	164.52175
8	16	1	4	2	162.92425
4	4	2	8	2	162.657
8	16	1	8	2	162.46875
8	1	4	16	2	161.889
4	4	2	4	2	161.79025
16	8	1	4	2	160.78
16	2	1	32	2	159.21225
16	8	1	8	2	159.14825
2	4	2	16	2	159.056
8	16	1	2	2	158.98025
2	4	2	4	2	157.26075
2	4	2	8	2	156.8935
16	4	1	4	2	152.91175
8	4	2	4	2	152.312
8	4	2	8	2	150.806
4	1	2	8	2	150.74175
4	1	2	16	2	149.95925
2	1	2	16	2	147.76025
4	1	2	32	2	147.347
2	1	2	8	2	147.237
2	1	2	32	2	145.258
8	1	2	8	2	144.25175
4	2	4	4	2	143.55675
16	1	2	8	2	143.49175
8	1	2	16	2	143.136
4	2	4	8	2	142.31725
4	8	2	2	2	142.294
8	2	4	4	2	141.08425
2	8	2	2	2	141.025
2	8	2	4	2	140.32675
4	2	4	16	2	140.025
8	2	4	8	2	139.6485
4	8	2	4	2	139.12925
2	8	2	8	2	138.996
4	4	4	2	2	138.11825
16	2	4	4	2	137.3165
4	4	4	4	2	134.95475
4	4	4	8	2	134.76075
8	4	4	2	2	131.97125
8	4	4	4	2	131.628
8	8	2	2	2	130.4545
8	4	4	8	2	129.547
8	8	2	4	2	129.365
2	16	2	4	2	127.555
2	16	2	2	2	127.34
2	8	1	2	2	125.9645
4	16	2	2	2	125.918
1	32	1	1	2	124.6245
4	8	1	2	2	124.578
1	8	1	2	2	124.53325
16	4	4	2	2	123.335
8	1	8	4	2	122.912
16	1	8	4	2	122.90075
8	1	8	8	2	122.5345
16	16	1	4	2	122.30475
8	32	1	4	2	122.077
8	32	1	2	2	121.98175
2	16	2	1	2	121.181
2	16	1	1	2	119.84425
1	16	1	1	2	119.57225
8	2	8	2	2	118.85175
16	16	1	2	2	118.78425
2	1	4	16	2	118.415
8	2	8	4	2	117.753
8	2	8	8	2	117.5
2	32	1	1	2	117.48575
2	1	4	8	2	117.468
4	1	1	8	2	116.98225
2	1	1	8	2	116.13925
8	8	1	2	2	115.33775
4	16	2	1	2	115.00075
16	2	8	2	2	114.64525
4	2	1	4	2	113.78375
4	16	1	1	2	113.59875
4	2	2	4	2	112.843
2	2	1	4	2	112.1
8	1	1	8	2	112.03675
1	1	1	8	2	111.93475
4	8	4	1	2	111.4875
1	1	4	16	2	111.258
1	1	4	8	2	110.49325
2	2	2	4	2	110.413
1	1	2	16	2	109.982
4	8	4	2	2	109.96625
16	1	1	8	2	109.75025
1	1	2	8	2	109.7005
4	8	4	8	2	109.53
8	2	2	4	2	109.471
4	8	4	4	2	109.437
4	32	1	1	2	109.13075
4	16	1	32	2	109.057
8	2	1	4	2	108.60825
4	4	2	2	2	108.518
1	2	2	16	2	108.038
16	2	2	4	2	107.217
1	2	2	8	2	106.73475
1	2	1	4	2	106.42625
4	32	1	16	2	106.229
16	2	1	4	2	106.02075
2	4	2	2	2	105.47925
4	1	4	4	2	105.2045
2	2	4	4	2	104.491
8	4	2	2	2	103.23875
4	1	8	4	2	102.95475
16	8	1	2	2	102.500675
2	2	4	8	2	102.435
8	4	8	1	2	102.17375
8	8	1	32	2	102.073
1	4	4	2	2	101.804
1	2	4	4	2	101.519
8	16	1	1	2	101.3671
8	4	8	2	2	101.2945
8	8	4	1	2	101.27025
8	4	8	4	2	101.106
8	16	2	2	2	100.935
8	16	2	1	2	100.67525
8	8	4	4	2	100.446
8	8	4	2	2	100.401
8	1	4	4	2	100.358375
4	1	8	8	2	100.349
8	16	1	16	2	100.10135
16	1	4	4	2	99.96645
2	32	1	32	2	99.9458
1	4	4	8	2	99.4006
1	4	4	4	2	99.04755
16	8	1	16	2	98.989575
16	4	2	2	2	98.8362
16	4	8	1	2	98.66745
2	4	4	2	2	98.502425
4	2	8	2	2	98.50215
1	2	4	8	2	98.008175
2	4	4	4	2	97.6845
16	4	8	2	2	97.681225
1	2	4	16	2	97.2369
4	2	8	4	2	96.7423
4	4	1	2	2	95.78765
4	2	4	2	2	95.10375
2	4	1	2	2	95.034275
16	8	4	1	2	94.82555
1	4	2	4	2	94.742975
1	4	2	8	2	94.5399
8	32	1	1	2	93.266525
1	2	2	4	2	92.77855
16	2	4	2	2	91.6469
8	4	1	2	2	91.3104
1	4	1	2	2	90.9486
16	1	16	4	2	90.915275
16	1	16	2	2	90.37485
8	2	4	2	2	90.303225
2	8	2	1	2	90.289425
2	1	8	4	2	89.88975
2	1	8	8	2	89.55035
16	16	1	8	2	89.27945
8	32	1	8	2	89.274025
4	8	2	1	2	88.73025
2	1	4	4	2	88.65785
4	1	2	4	2	88.535225
16	4	1	2	2	87.362475
2	1	2	4	2	87.25245
4	4	4	1	2	86.788125
2	2	8	2	2	86.2145
1	1	4	4	2	86.01885
4	4	8	1	2	85.928225
2	2	8	4	2	85.9087
16	1	2	4	2	85.709675
4	4	8	2	2	85.336875
8	1	2	4	2	84.78225
2	2	8	8	2	84.7494
16	16	1	1	2	84.234525
2	8	4	1	2	84.15495
1	1	8	8	2	83.8428
8	8	2	1	2	83.59665
1	1	8	16	2	83.5191
1	1	8	4	2	83.444825
2	8	4	2	2	83.34305
1	4	2	2	2	82.96405
1	2	8	4	2	81.953325
8	4	4	1	2	81.428275
16	32	1	2	2	81.326775
1	2	8	2	2	80.788475
16	4	4	1	2	80.62
1	2	8	8	2	80.496275
1	8	2	4	2	80.4927
1	8	2	2	2	80.468025
1	2	8	16	2	80.1697
1	8	4	1	2	79.044025
1	8	4	2	2	78.74955
8	1	16	2	2	78.5313
16	2	16	1	2	78.479425
2	2	4	2	2	78.475825
2	4	8	1	2	77.99085
16	2	16	2	2	77.954975
16	1	8	2	2	77.874525
1	2	4	2	2	77.669925
2	4	8	2	2	77.649075
1	8	4	4	2	77.5813
8	1	16	4	2	77.5716
8	1	8	2	2	77.535125
16	8	2	1	2	77.3175
2	4	8	4	2	76.482
4	1	16	2	2	76.204625
4	1	16	4	2	76.09305
1	1	2	4	2	75.373625
4	1	16	8	2	74.3636
8	2	8	1	2	73.479125
2	4	4	1	2	72.938825
16	32	1	1	2	72.85765
16	2	8	1	2	72.852375
16	32	1	4	2	72.38665
4	2	16	1	2	71.712125
4	2	16	2	2	71.29285
8	2	16	1	2	70.6475
4	2	16	4	2	70.2829
2	1	16	4	2	70.24775
2	1	16	2	2	70.0275
4	1	8	2	2	69.86765
8	2	16	2	2	69.675125
1	4	4	1	2	69.6604
2	1	16	8	2	69.6054
1	1	16	2	2	69.50385
1	1	16	8	2	69.06735
1	1	16	16	2	68.9616
1	1	16	4	2	68.7907
4	2	8	1	2	66.14495
1	4	8	2	2	65.4157
2	2	2	2	2	65.3192
1	4	8	1	2	65.315075
2	2	16	2	2	65.261675
2	2	16	1	2	65.218575
1	4	8	4	2	64.940575
2	2	16	4	2	64.845825
4	2	2	2	2	64.83525
1	2	16	2	2	64.581575
2	8	1	1	2	64.513625
1	2	16	4	2	64.472725
4	8	1	1	2	64.248625
1	8	2	1	2	64.16235
2	4	2	1	2	64.005125
1	2	16	1	2	63.982475
1	2	16	8	2	63.9532
2	2	16	8	2	63.9489
1	4	8	8	2	63.9335
2	1	8	2	2	63.5933
1	8	1	1	2	63.0655
4	4	2	1	2	62.893625
1	2	2	2	2	62.0362
2	2	8	1	2	61.918675
4	1	1	4	2	61.603225
8	8	1	1	2	61.34575
16	2	2	2	2	60.96985
8	2	2	2	2	60.915
2	1	1	4	2	60.2807
1	1	8	2	2	59.629075
8	4	2	1	2	58.904275
1	4	2	1	2	58.246375
1	2	8	1	2	58.246125
8	1	1	4	2	58.218875
16	8	1	1	2	58.0662
4	2	1	2	2	58.04105
16	1	1	4	2	57.89725
16	4	2	1	2	57.6618
1	1	1	4	2	57.5711
1	16	2	1	2	57.22805
4	1	4	2	2	57.1622
2	2	1	2	2	56.7015
1	16	2	2	2	56.4551
8	1	4	2	2	55.264925
8	2	1	2	2	55.24245
16	1	4	2	2	54.958175
16	2	1	2	2	54.65735
16	1	16	1	2	54.267525
4	2	4	1	2	54.1147
2	1	32	4	2	53.964425
2	1	32	2	2	53.96045
2	1	32	1	2	53.752725
2	1	32	8	2	53.5743
1	2	1	2	2	53.327875
1	1	4	2	2	52.494825
4	1	32	2	2	52.36375
4	1	32	1	2	52.2857
16	2	4	1	2	52.263825
16	1	32	1	2	52.1757
4	1	32	4	2	52.1028
2	1	4	2	2	52.0422
8	1	32	2	2	51.8465
8	1	32	1	2	51.82735
8	2	4	1	2	51.45975
8	1	32	4	2	51.0762
1	1	32	2	2	49.464575
8	1	16	1	2	49.4428
1	1	32	1	2	49.33645
1	1	32	8	2	48.9829
4	4	1	1	2	48.9707
1	1	32	4	2	48.722175
4	1	16	1	2	48.373375
2	2	4	1	2	48.344375
1	2	4	1	2	48.326225
2	4	1	1	2	48.106675
2	1	2	2	2	47.370475
4	1	2	2	2	47.070575
8	4	1	1	2	46.84065
16	4	1	1	2	45.869725
2	1	16	1	2	45.80265
16	1	2	2	2	45.744825
1	4	1	1	2	45.6482
8	1	2	2	2	45.4963
4	2	2	1	2	45.4158
2	2	2	1	2	45.215575
1	1	16	1	2	44.3767
8	2	2	1	2	43.08785
16	2	2	1	2	43.05625
8	1	8	1	2	42.551075
16	1	8	1	2	42.40805
1	1	2	2	2	42.18035
4	1	8	1	2	39.995325
1	2	2	1	2	39.87865
2	1	8	1	2	38.14745
1	1	8	1	2	36.065675
4	1	4	1	2	35.9707
16	1	4	1	2	35.8928
8	1	4	1	2	34.643625
2	1	4	1	2	32.5023
1	1	4	1	2	32.057125
4	1	1	2	2	31.0906
2	1	1	2	2	30.186
8	1	1	2	2	29.657875
4	2	1	1	2	29.31215
16	1	1	2	2	29.180775
1	1	1	2	2	28.7697
2	2	1	1	2	28.394925
8	2	1	1	2	28.121825
16	2	1	1	2	27.67705
1	2	1	1	2	26.669325
4	1	2	1	2	25.518175
2	1	2	1	2	25.2955
16	1	2	1	2	24.71845
8	1	2	1	2	24.260275
1	1	2	1	2	22.18175
4	1	1	1	2	15.555775
2	1	1	1	2	15.09375
8	1	1	1	2	14.955575
16	1	1	1	2	14.854525
1	1	1	1	2	14.3751
