4	1	1	16	2	1842.6
1	4	1	16	2	1814.38
2	4	1	16	2	1807.836667
2	2	1	16	2	1790.023333
2	1	1	16	2	1754.776667
1	1	1	16	2	1730.41
1	8	1	16	2	1728.476667
1	1	1	32	2	1718.166667
1	2	1	16	2	1659.676667
2	1	1	32	2	1644.09
1	4	1	32	2	1636.203333
16	1	1	16	2	1607.143333
8	1	1	16	2	1602.883333
2	4	1	32	2	1587.79
1	2	1	32	2	1575.803333
1	16	1	16	2	1554.273333
2	8	1	16	2	1545.473333
4	2	1	16	2	1541.836667
4	1	1	32	2	1539.046667
2	2	1	32	2	1524.5
8	2	1	16	2	1443.833333
1	8	1	32	2	1439.29
4	4	1	16	2	1430.723333
8	1	1	32	2	1421.803333
2	2	1	8	2	1352.36
2	1	1	8	2	1326.65
1	2	1	8	2	1297.056667
2	4	1	8	2	1296.453333
4	2	1	32	2	1291.446667
4	1	4	16	2	1277.43
8	1	1	8	2	1255.783333
1	1	1	8	2	1254.71
1	4	1	8	2	1253.826667
4	1	4	8	2	1247.523333
8	1	4	8	2	1242.326667
4	4	1	8	2	1239.413333
16	1	4	8	2	1239.193333
4	1	1	8	2	1237.883333
2	8	1	8	2	1225.713333
16	1	4	16	2	1221.22
8	1	4	16	2	1219.923333
1	8	1	8	2	1211.76
1	16	1	8	2	1208.183333
8	2	1	8	2	1207.78
16	1	1	32	2	1205.686667
4	1	4	32	2	1201.45
4	2	1	8	2	1194.906667
32	1	1	16	2	1192.78
16	1	1	8	2	1187.883333
8	1	8	8	2	1186.76
16	2	1	8	2	1181.283333
16	2	1	16	2	1180.663333
16	1	8	8	2	1169.74
4	2	4	8	2	1169.676667
8	4	1	16	2	1167.966
16	1	16	8	2	1165.506667
16	1	8	16	2	1160.22
8	1	8	16	2	1158.776667
8	2	4	8	2	1152.133333
1	32	1	8	2	1142.992667
2	16	1	8	2	1134.763333
8	2	8	8	2	1133.276667
16	1	32	8	2	1132.8
2	1	4	16	2	1132.14
4	2	4	16	2	1132.02
32	1	32	8	2	1131.53
4	4	1	32	2	1125.081667
32	1	1	8	2	1123.013333
32	1	4	8	2	1121.613333
2	1	4	8	2	1119.87
16	1	16	16	2	1117.923333
4	8	1	16	2	1115.360667
32	1	8	8	2	1108.27
1	16	1	32	2	1106.423333
2	1	4	32	2	1106.033333
8	1	4	32	2	1103.64
8	2	8	16	2	1102.04
16	2	16	8	2	1101.303333
1	1	4	16	2	1100.133333
8	4	1	8	2	1091.18
8	4	8	8	2	1088.583333
2	16	1	16	2	1086.196333
16	1	32	16	2	1085.326667
8	1	32	8	2	1084.336667
1	1	4	8	2	1081.976667
16	2	4	8	2	1081.323333
16	2	8	8	2	1077.393333
8	2	4	16	2	1074.951333
4	4	4	8	2	1072.59
4	1	8	8	2	1071.18
32	1	16	8	2	1070.063333
8	2	1	32	2	1069.838333
1	32	1	16	2	1064.727667
2	8	1	32	2	1058.567667
2	2	4	16	2	1055.273333
8	1	32	16	2	1054.416667
4	1	8	16	2	1051.036667
2	2	4	8	2	1049.533333
1	1	4	32	2	1048.22
4	8	1	8	2	1044.617667
1	1	8	16	2	1043.476667
1	1	8	8	2	1029.62
4	2	4	32	2	1027.388
2	1	8	16	2	1023.43
2	1	8	8	2	1017.823333
1	2	4	16	2	1016.578333
8	1	8	32	2	1015.436667
8	4	4	8	2	1014.73
4	1	8	32	2	1013.509
4	8	4	8	2	1008.257
1	2	4	8	2	1007.516
2	2	4	32	2	1006.386333
1	1	8	32	2	990.3356667
16	4	1	8	2	988.7876667
4	4	4	16	2	987.9436667
4	2	8	8	2	979.7986667
2	1	8	32	2	972.5686667
8	8	1	8	2	965.286
4	2	8	16	2	956.5956667
32	1	4	16	2	955.5193333
32	2	1	8	2	953.263
2	2	8	8	2	952.2543333
1	2	4	32	2	950.8313333
16	1	4	32	2	947.2993333
4	16	1	8	2	944.1986667
2	32	1	8	2	942.4113333
4	1	16	16	2	941.5536667
4	1	16	8	2	938.929
2	2	8	16	2	932.7803333
32	1	32	16	2	931.7953333
8	1	16	8	2	929.1996667
1	2	8	8	2	928.814
32	1	16	16	2	928.3223333
16	2	4	16	2	924.5846667
8	1	16	16	2	921.2943333
1	2	8	16	2	920.4756667
4	1	2	8	2	918.1246667
2	1	16	16	2	915.6386667
2	1	16	8	2	913.4496667
4	4	8	8	2	912.7086667
16	2	16	16	2	908.378
32	1	8	16	2	906.637
16	2	8	16	2	905.4963333
2	4	4	8	2	898.8326667
2	1	2	16	2	897.4206667
2	1	2	8	2	896.558
16	1	8	32	2	895.601
8	2	16	8	2	895.367
4	1	16	32	2	893.2473333
2	2	8	32	2	892.879
1	4	4	8	2	891.9836667
4	2	16	8	2	890.7226667
4	4	8	16	2	889.0126667
1	4	4	16	2	888.5363333
4	1	2	16	2	885.7983333
4	2	8	32	2	883.3053333
2	1	16	32	2	881.628
8	2	4	32	2	881.1636667
2	4	8	8	2	880.3196667
1	2	8	32	2	880.3043333
8	2	16	16	2	876.8936667
32	2	16	8	2	876.715
4	1	2	32	2	876.2396667
4	2	16	16	2	874.1456667
16	1	16	32	2	873.3573333
8	1	16	32	2	871.8113333
2	4	4	16	2	870.6696667
8	1	2	8	2	868.2966667
1	1	2	8	2	861.082
2	1	2	32	2	856.721
2	4	8	16	2	856.6066667
16	2	1	32	2	854.251
2	4	4	32	2	850.8306667
16	1	32	32	2	850.5863333
4	16	1	16	2	850.4353333
8	1	2	16	2	847.524
8	4	8	16	2	845.338
16	4	8	8	2	841.8893333
8	2	8	32	2	841.74
16	4	1	16	2	840.6393333
32	2	8	8	2	835.9843333
16	1	2	8	2	835.4706667
1	4	4	32	2	834.833
32	1	1	32	2	833.2796667
1	1	2	16	2	832.1806667
1	4	8	8	2	832.051
1	4	8	16	2	830.9133333
4	1	32	8	2	828.5313333
8	8	1	16	2	825.604
8	4	1	32	2	824.8403333
4	8	4	16	2	823.604
4	2	16	32	2	823.148
2	32	1	16	2	821.699
8	4	4	16	2	821.0323333
32	2	4	8	2	820.9876667
32	2	1	16	2	820.2263333
4	1	32	16	2	820.055
1	32	1	32	2	819.791
1	1	2	32	2	818.7266667
16	4	4	8	2	814.6503333
2	2	16	8	2	807.5836667
2	2	16	16	2	804.6953333
2	4	8	32	2	803.8183333
4	8	1	32	2	799.5583333
8	8	4	8	2	794.3753333
8	8	1	32	2	790.9516667
4	4	4	32	2	789.7253333
16	4	1	32	2	789.527
2	2	4	4	2	784.0556667
8	2	2	8	2	780.0386667
1	4	8	32	2	779.8023333
1	2	2	8	2	776.9163333
4	2	2	8	2	773.0396667
1	2	2	16	2	771.5666667
2	2	1	4	2	770.9053333
2	2	16	32	2	768.8043333
4	1	32	32	2	768.3266667
1	1	16	8	2	764.1933333
2	1	8	4	2	763.251
8	1	32	4	2	762.232
2	2	2	8	2	759.9053333
1	1	16	16	2	759.6416667
8	1	8	4	2	758.577
4	1	8	4	2	758.18
4	2	1	4	2	757.1203333
2	2	2	32	2	757.0333333
2	4	4	4	2	756.855
1	8	4	8	2	752.3963333
1	2	1	4	2	751.6823333
4	1	2	4	2	749.134
4	1	4	4	2	748.2223333
8	16	1	16	2	747.9513333
1	1	16	32	2	747.809
2	8	4	8	2	747.7326667
16	1	32	4	2	747.2353333
4	2	4	4	2	746.8876667
32	2	1	32	2	746.7443333
1	8	4	16	2	745.8273333
16	8	1	16	2	745.164
4	1	32	4	2	743.5933333
4	2	8	4	2	742.764
2	2	8	4	2	741.255
4	1	16	4	2	740.315
2	1	4	4	2	739.8023333
4	4	1	4	2	739.674
2	2	2	16	2	739.2126667
2	1	16	4	2	738.6726667
16	8	1	8	2	738.442
2	4	1	4	2	738.018
16	2	8	4	2	737.9993333
2	8	4	16	2	736.4736667
16	2	16	4	2	736.2843333
8	2	16	4	2	735.6673333
32	4	1	16	2	733.846
2	2	16	4	2	733.761
8	1	2	4	2	733.7216667
16	1	4	4	2	732.8483333
4	2	16	4	2	732.8263333
1	2	2	32	2	731.327
2	1	32	8	2	730.3006667
4	1	1	4	2	730.0353333
2	4	8	4	2	727.544
32	4	1	8	2	727.132
2	1	32	16	2	726.14
2	2	2	4	2	725.818
1	4	1	4	2	725.0823333
4	4	8	4	2	724.486
2	32	1	32	2	723.6743333
4	4	4	4	2	722.798
8	1	4	4	2	722.0406667
4	16	1	32	2	721.9983333
2	16	1	32	2	721.7896667
1	8	1	4	2	720.8006667
1	1	4	4	2	720.54
1	2	16	8	2	718.8123333
4	32	1	8	2	718.3996667
4	2	2	16	2	717.8996667
4	2	2	4	2	717.587
8	16	1	8	2	717.1813333
2	8	4	4	2	716.2366667
1	8	4	4	2	716.0976667
1	2	4	4	2	715.9
8	2	1	4	2	715.386
2	8	1	4	2	715.254
1	4	8	4	2	714.609
1	2	16	16	2	714.598
2	1	2	4	2	713.833
16	1	16	4	2	712.0516667
2	1	1	4	2	711.8626667
8	2	2	4	2	706.1743333
1	1	8	4	2	704.7313333
1	2	8	4	2	704.067
1	8	4	32	2	703.6623333
8	2	4	4	2	703.662
16	1	2	4	2	702.463
4	8	4	4	2	701.768
2	1	32	32	2	701.335
32	1	4	32	2	699.988
32	1	8	4	2	699.458
1	16	1	4	2	699.3773333
8	1	16	4	2	698.3786667
16	1	8	4	2	698.3616667
32	1	2	4	2	698.3203333
32	1	32	4	2	697.1876667
8	4	1	4	2	695.0383333
2	16	1	4	2	694.7163333
1	2	16	32	2	692.8846667
1	4	4	4	2	691.0556667
8	2	8	4	2	690.5013333
2	32	1	4	2	688.2886667
1	2	2	4	2	685.4926667
32	1	4	4	2	684.215
8	1	1	4	2	682.7796667
16	4	4	4	2	682.305
1	1	1	4	2	681.4893333
1	1	16	4	2	681.005
2	1	32	4	2	680.002
1	2	16	4	2	679.1836667
16	2	2	4	2	677.0183333
1	1	2	4	2	674.1456667
8	4	8	4	2	672.857
16	2	1	4	2	672.414
4	4	2	4	2	671.342
32	2	8	4	2	670.508
16	1	1	4	2	670.291
1	32	1	4	2	670.1606667
16	4	8	4	2	669.5136667
16	2	4	4	2	669.3083333
4	4	2	8	2	666.9033333
32	1	1	4	2	665.9876667
16	4	1	4	2	665.8913333
32	1	16	4	2	663.3363333
16	2	4	32	2	662.6736667
32	2	16	4	2	662.365
8	4	4	4	2	658.3066667
2	4	2	4	2	657.3396667
2	4	2	8	2	656.9526667
2	4	2	16	2	656.457
32	2	4	16	2	652.8286667
8	8	4	4	2	647.4026667
4	32	1	16	2	647.3906667
1	4	2	4	2	645.6346667
1	4	2	8	2	639.3446667
32	2	8	16	2	636.914
16	4	4	16	2	629.394
8	4	2	4	2	628.644
8	8	1	4	2	628.254
16	16	1	8	2	628.0786667
4	8	1	4	2	624.3503333
1	4	2	16	2	622.5093333
4	16	1	4	2	620.5843333
32	8	1	8	2	618.838
32	2	4	4	2	618.609
32	2	1	4	2	606.065
32	4	8	8	2	603.343
1	4	2	32	2	599.019
8	8	4	16	2	597.272
1	1	32	8	2	590.2896667
8	4	4	32	2	590.082
16	8	4	4	2	589.4566667
1	1	32	16	2	585.7296667
32	4	4	4	2	578.6526667
1	1	32	4	2	574.6466667
1	1	32	32	2	574.271
32	4	8	4	2	574.0506667
8	32	1	8	2	573.7413333
32	4	1	4	2	569.4186667
8	16	1	4	2	567.7236667
16	8	4	8	2	567.4106667
1	8	2	4	2	564.9973333
16	8	1	4	2	561.2093333
1	8	2	8	2	555.078
32	4	4	8	2	549.0166667
1	8	2	16	2	545.4016667
4	32	1	4	2	544.641
16	16	1	4	2	506.7056667
2	8	2	4	2	499.287
8	32	1	4	2	491.8646667
2	8	2	8	2	491.0063333
32	8	1	4	2	489.4963333
16	8	1	32	2	470.4133333
8	16	1	32	2	464.2826667
32	4	1	32	2	457.3773333
4	8	2	4	2	455.0653333
1	2	2	2	2	439.094
1	2	8	2	2	436.8483333
32	8	4	4	2	436.7803333
16	16	1	16	2	435.7603333
1	4	4	2	2	434.7003333
4	1	32	2	2	431.1503333
16	32	1	4	2	428.7473333
1	4	8	2	2	427.5723333
2	1	4	2	2	426.8226667
32	8	1	16	2	426.763
4	1	8	2	2	426.2166667
8	1	16	2	2	426.0986667
2	2	8	2	2	425.5786667
2	2	1	2	2	425.3653333
8	2	4	2	2	423.5016667
8	1	32	2	2	423.127
1	8	4	2	2	422.7253333
4	2	8	2	2	422.4906667
2	2	4	2	2	422.1963333
32	1	32	2	2	421.9726667
1	1	16	2	2	421.56
1	2	1	2	2	417.985
8	2	8	2	2	416.7843333
4	32	1	32	2	415.9903333
2	1	16	2	2	415.982
1	2	4	2	2	415.9363333
4	1	4	2	2	414.9636667
2	2	16	2	2	414.9413333
1	4	1	2	2	414.4803333
1	2	16	2	2	414.14
4	1	2	2	2	414.0903333
2	1	8	2	2	414.075
1	8	1	2	2	413.8993333
2	4	2	2	2	413.876
2	1	2	2	2	413.8386667
8	1	4	2	2	413.6076667
4	1	16	2	2	413.4786667
4	2	4	2	2	412.8456667
1	4	2	2	2	412.6793333
2	1	32	2	2	412.045
16	1	8	2	2	411.362
4	2	1	2	2	411.1816667
2	2	2	2	2	411.1563333
4	4	8	2	2	411.1016667
8	1	2	2	2	410.36
1	1	8	2	2	410.147
16	2	16	2	2	409.7213333
1	1	2	2	2	409.552
1	1	4	2	2	409.3953333
16	1	32	2	2	408.628
1	8	2	2	2	408.114
2	8	1	2	2	408.1066667
8	32	1	16	2	406.6393333
2	4	4	2	2	406.4356667
2	4	1	2	2	406.3603333
4	2	16	2	2	405.034
8	1	1	2	2	404.143
16	2	2	2	2	401.6673333
1	16	2	4	2	401.5216667
16	2	8	2	2	401.2166667
2	16	2	4	2	400.2583333
32	16	1	4	2	399.0443333
2	1	1	2	2	398.3526667
4	8	2	2	2	397.8163333
1	16	2	8	2	397.566
32	1	8	2	2	397.0363333
4	4	4	2	2	396.264
4	4	2	2	2	396.187
16	4	2	2	2	395.358
32	1	4	2	2	395.243
16	1	4	2	2	395.0686667
2	4	8	2	2	394.1283333
16	2	4	2	2	393.5296667
4	2	2	2	2	393.3716667
1	16	1	2	2	393.1886667
16	1	16	2	2	392.8546667
8	2	1	2	2	392.155
2	8	2	2	2	391.9266667
8	4	1	2	2	391.9203333
4	1	1	2	2	390.4633333
8	2	16	2	2	390.014
16	1	1	2	2	389.846
1	1	32	2	2	389.6576667
32	2	1	2	2	388.0576667
16	1	2	2	2	388.028
32	2	2	2	2	387.4453333
32	2	4	2	2	387.3223333
32	1	2	2	2	385.8953333
8	1	8	2	2	383.9006667
32	2	8	2	2	383.1803333
4	4	1	2	2	382.432
2	8	4	2	2	381.1603333
8	8	2	2	2	380.7756667
8	2	2	2	2	380.0256667
32	4	4	2	2	379.9313333
1	1	1	2	2	379.6163333
8	16	1	2	2	379.2736667
32	1	16	2	2	378.689
2	16	2	2	2	378.5416667
1	16	2	2	2	378.378
16	2	1	2	2	378.085
32	16	1	8	2	377.029
32	1	1	2	2	375.3916667
8	4	4	2	2	375.0336667
1	32	1	2	2	374.4983333
32	2	16	2	2	374.084
2	32	1	2	2	373.236
16	4	4	2	2	372.2993333
8	8	4	2	2	371.5626667
4	8	1	2	2	370.677
2	16	1	2	2	370.532
4	16	1	2	2	369.335
16	32	1	8	2	368.1146667
8	8	1	2	2	367.8796667
8	4	8	2	2	367.291
16	4	8	2	2	365.7226667
4	8	4	2	2	362.2313333
16	4	1	2	2	359.6566667
8	4	2	2	2	358.5666667
16	8	1	2	2	358.5436667
16	8	4	2	2	356.6296667
32	4	8	2	2	342.2716667
32	4	1	2	2	339.7803333
4	16	2	2	2	335.975
32	8	4	2	2	334.504
16	16	1	2	2	330.865
4	32	1	2	2	328.7173333
8	32	1	2	2	319.883
32	8	1	2	2	319.25
32	16	1	2	2	285.013
16	32	1	2	2	283.7586667
32	32	1	4	2	266.207
16	16	1	32	2	257.0926667
32	8	1	32	2	256.0336667
32	32	1	2	2	254.5306667
1	2	2	1	2	253.3396667
1	4	2	1	2	251.829
2	2	8	1	2	251.7136667
1	8	2	1	2	251.6286667
2	2	2	1	2	251.3103333
8	1	2	1	2	249.7746667
1	4	8	1	2	249.291
2	2	4	1	2	247.9436667
2	1	4	1	2	247.198
2	2	1	1	2	247.165
8	32	1	32	2	246.9736667
1	4	1	1	2	246.9146667
4	1	8	1	2	246.8073333
8	1	8	1	2	246.745
4	2	2	1	2	246.7256667
1	8	1	1	2	246.7253333
4	1	16	1	2	246.6403333
1	4	4	1	2	246.5876667
1	1	8	1	2	246.4206667
8	1	16	1	2	246.4006667
2	1	8	1	2	246.3503333
1	2	8	1	2	245.8056667
1	1	4	1	2	245.786
16	1	8	1	2	244.3713333
1	2	1	1	2	244.012
4	1	2	1	2	243.9586667
2	4	1	1	2	243.864
2	4	4	1	2	243.8193333
1	2	4	1	2	243.7623333
4	1	32	1	2	243.3283333
2	4	2	1	2	243.286
4	2	1	1	2	243.171
2	1	2	1	2	242.3796667
1	1	2	1	2	241.968
1	2	16	1	2	241.8103333
2	8	2	1	2	241.8003333
8	1	4	1	2	241.656
4	1	4	1	2	241.5763333
16	1	32	1	2	241.5286667
16	1	4	1	2	241.2833333
4	2	4	1	2	241.2336667
1	16	1	1	2	240.8026667
2	1	32	1	2	240.3143333
1	1	16	1	2	240.237
2	2	16	1	2	240.0373333
1	8	4	1	2	239.663
2	1	16	1	2	238.671
8	2	1	1	2	237.7386667
4	2	16	1	2	236.792
4	2	8	1	2	236.7253333
16	2	2	1	2	236.6743333
4	4	1	1	2	236.5406667
16	2	16	1	2	236.283
4	4	4	1	2	235.8586667
32	1	32	1	2	235.8046667
16	1	2	1	2	235.6453333
32	1	16	1	2	234.9246667
8	2	16	1	2	234.5166667
2	4	8	1	2	233.8493333
32	1	8	1	2	233.2806667
8	2	8	1	2	232.7116667
16	32	1	16	2	232.568
2	8	1	1	2	231.901
4	4	2	1	2	231.813
16	1	16	1	2	231.0186667
1	16	2	1	2	230.853
8	1	1	1	2	230.3576667
32	16	1	16	2	230.1186667
16	1	1	1	2	229.306
1	1	32	1	2	229.2686667
4	8	1	1	2	228.2336667
8	1	32	1	2	228.025
1	32	1	1	2	227.228
8	2	2	1	2	227.062
32	1	2	1	2	226.523
2	16	2	1	2	226.4226667
16	2	4	1	2	226.1173333
2	16	1	1	2	225.978
8	4	2	1	2	225.9433333
2	8	4	1	2	225.5796667
32	1	4	1	2	225.1933333
8	2	4	1	2	224.692
4	8	2	1	2	224.0353333
16	4	4	1	2	223.0483333
2	1	1	1	2	222.9483333
4	1	1	1	2	222.7836667
16	4	1	1	2	222.6956667
32	4	4	1	2	222.5693333
32	2	8	1	2	222.2706667
32	4	8	1	2	221.511
8	4	1	1	2	221.4433333
8	8	1	1	2	220.6423333
32	4	2	1	2	220.546
4	4	8	1	2	220.471
16	8	2	1	2	220.124
8	32	1	1	2	218.305
16	2	1	1	2	218.0073333
8	4	4	1	2	217.253
32	1	1	1	2	217.125
4	32	1	1	2	216.9783333
16	16	1	1	2	216.462
32	4	1	1	2	216.198
32	2	1	1	2	215.7493333
16	8	1	1	2	215.517
4	8	4	1	2	214.6066667
32	2	4	1	2	213.7626667
8	16	2	1	2	212.2413333
16	4	2	1	2	212.2386667
1	1	1	1	2	211.9256667
16	32	1	1	2	209.0423333
16	4	8	1	2	207.5156667
32	8	4	1	2	206.9566667
32	2	2	1	2	204.2433333
16	2	8	1	2	202.825
32	8	1	1	2	202.2183333
4	16	1	1	2	202.209
4	16	2	1	2	201.5636667
8	8	2	1	2	201.258
8	16	1	1	2	201.2403333
32	16	1	1	2	194.4903333
32	32	1	8	2	192.454
16	8	4	1	2	189.333
8	4	8	1	2	188.7093333
2	32	1	1	2	186.1916667
8	8	4	1	2	182.3296667
32	2	16	1	2	175.4643333
32	32	1	1	2	171.1843333
