4	1	1	16	2	2168.483333
1	4	1	16	2	4170.393333
2	4	1	16	2	4363.453333
2	2	1	16	2	3934.773333
2	1	1	16	2	2249.043333
1	1	1	16	2	2190.946667
1	8	1	16	2	8265.733333
1	1	1	32	2	2265.613333
1	2	1	16	2	3696.883333
2	1	1	32	2	2438.833333
1	4	1	32	2	8395.103333
16	1	1	16	2	2205.993333
8	1	1	16	2	2461.793333
2	4	1	32	2	8932.253333
1	2	1	32	2	7364.933333
1	16	1	16	2	16240.86667
2	8	1	16	2	8597.1
4	2	1	16	2	4015.553333
4	1	1	32	2	2734.946667
2	2	1	32	2	7866.65
8	2	1	16	2	4144.59
1	8	1	32	2	16499.7
4	4	1	16	2	4770.323333
8	1	1	32	2	3164.213333
2	2	1	8	2	2319.706667
2	1	1	8	2	1673.306667
1	2	1	8	2	2130.386667
2	4	1	8	2	3020.08
4	2	1	32	2	8176.413333
4	1	4	16	2	2741.956667
8	1	1	8	2	1716.543333
1	1	1	8	2	1607.79
1	4	1	8	2	2790.49
4	1	4	8	2	1475.993333
8	1	4	8	2	1556.746667
4	4	1	8	2	2951.743333
16	1	4	8	2	1561.423333
4	1	1	8	2	1672.98
2	8	1	8	2	4329.62
16	1	4	16	2	2975.61
8	1	4	16	2	2926.876667
1	8	1	8	2	4191.283333
1	16	1	8	2	8236.97
8	2	1	8	2	2427.59
16	1	1	32	2	2445.17
4	1	4	32	2	5602.27
4	2	1	8	2	2429.903333
32	1	1	16	2	1860
16	1	1	8	2	1732.806667
8	1	8	8	2	2614.436667
16	2	1	8	2	2403.7
16	2	1	16	2	3443.4
16	1	8	8	2	2666.86
4	2	4	8	2	2631.533333
8	4	1	16	2	3806.506667
16	1	16	8	2	5206.26
16	1	8	16	2	5360.816667
8	1	8	16	2	5184.616667
8	2	4	8	2	2747.383333
1	32	1	8	2	15867.1
2	16	1	8	2	8588.316667
8	2	8	8	2	5274.176667
16	1	32	8	2	10089.66667
2	1	4	16	2	2355.53
4	2	4	16	2	5115.05
32	1	32	8	2	11162.33333
4	4	1	32	2	7703.983333
32	1	1	8	2	1709.956667
32	1	4	8	2	1599.123333
2	1	4	8	2	1248.793333
16	1	16	16	2	10408.4
4	8	1	16	2	7250.563333
32	1	8	8	2	2774.1
1	16	1	32	2	27206.6
2	1	4	32	2	4738.866667
8	1	4	32	2	5815.496667
8	2	8	16	2	10326.33333
16	2	16	8	2	10640.66667
1	1	4	16	2	2285.456667
8	4	1	8	2	2878.613333
8	4	8	8	2	10707.5
2	16	1	16	2	14184.13333
16	1	32	16	2	20185.03333
8	1	32	8	2	9410.05
1	1	4	8	2	1241.476667
16	2	4	8	2	2846.713333
16	2	8	8	2	5253.723333
8	2	4	16	2	5268.916667
4	4	4	8	2	4837.92
4	1	8	8	2	2310.223333
32	1	16	8	2	5319.923333
8	2	1	32	2	6939.503333
1	32	1	16	2	26300.86667
2	8	1	32	2	14348.93333
2	2	4	16	2	4394.6
8	1	32	16	2	18800.6
4	1	8	16	2	4617.13
2	2	4	8	2	2199.86
1	1	4	32	2	4594.09
4	8	1	8	2	4385.78
1	1	8	16	2	4333.606667
1	1	8	8	2	2179.68
4	2	4	32	2	10423.73333
2	1	8	16	2	4254.213333
2	1	8	8	2	2143.773333
1	2	4	16	2	4223.806667
8	1	8	32	2	10604.76667
8	4	4	8	2	5089.313333
4	1	8	32	2	9264.396667
4	8	4	8	2	9939.603333
1	2	4	8	2	2092.556667
2	2	4	32	2	8761.756667
1	1	8	32	2	8693.963333
16	4	1	8	2	2035.293333
4	4	4	16	2	9649.213333
4	2	8	8	2	4246.15
2	1	8	32	2	8529.813333
8	8	1	8	2	3639.216667
4	2	8	16	2	8478.776667
32	1	4	16	2	2486.436667
32	2	1	8	2	1796.57
2	2	8	8	2	3952.626667
1	2	4	32	2	8391.966667
16	1	4	32	2	5006.3
4	16	1	8	2	7205.786667
2	32	1	8	2	13845.46667
4	1	16	16	2	7862.103333
4	1	16	8	2	3924.05
2	2	8	16	2	7848.94
32	1	32	16	2	18583.66667
8	1	16	8	2	3942.093333
1	2	8	8	2	3897.953333
32	1	16	16	2	8945.736667
16	2	4	16	2	4635.33
8	1	16	16	2	7861.076667
1	2	8	16	2	7782.973333
4	1	2	8	2	1008.460333
2	1	16	16	2	7799.646667
2	1	16	8	2	3838.693333
4	4	8	8	2	8105.806667
16	2	16	16	2	17845.76667
32	1	8	16	2	4529.82
16	2	8	16	2	8539.883333
2	4	4	8	2	3803.833333
2	1	2	16	2	1848.926667
2	1	2	8	2	955.185
16	1	8	32	2	8724.373333
8	2	16	8	2	7762.593333
4	1	16	32	2	15876.56667
2	2	8	32	2	15681
1	4	4	8	2	3733.726667
4	2	16	8	2	7750.536667
4	4	8	16	2	16234.4
1	4	4	16	2	7460.3
4	1	2	16	2	1885.006667
4	2	8	32	2	17093.4
2	1	16	32	2	15423.1
8	2	4	32	2	8974.626667
2	4	8	8	2	7561.94
1	2	8	32	2	15554.03333
8	2	16	16	2	15551.56667
32	2	16	8	2	9341.346667
4	1	2	32	2	3860.166667
4	2	16	16	2	15555.33333
16	1	16	32	2	17263
8	1	16	32	2	15772.2
2	4	4	16	2	7671.81
8	1	2	8	2	981.4966667
1	1	2	8	2	929.0093333
2	1	2	32	2	3647.296667
2	4	8	16	2	15100.76667
16	2	1	32	2	5198.92
2	4	4	32	2	15502.7
16	1	32	32	2	33730.8
4	16	1	16	2	10732.46667
8	1	2	16	2	1876.643333
8	4	8	16	2	17899.1
16	4	8	8	2	9101.973333
8	2	8	32	2	17263.86667
16	4	1	16	2	2785.506667
32	2	8	8	2	4531.676667
16	1	2	8	2	933.6163333
1	4	4	32	2	14965.2
32	1	1	32	2	1627.833333
1	1	2	16	2	1703.88
1	4	8	8	2	7211.126667
1	4	8	16	2	14441.93333
4	1	32	8	2	7127.966667
8	8	1	16	2	5432.45
8	4	1	32	2	5585.15
4	8	4	16	2	16542
4	2	16	32	2	31199.8
2	32	1	16	2	20705.06667
8	4	4	16	2	8399.373333
32	2	4	8	2	2369.09
32	2	1	16	2	2641.08
4	1	32	16	2	14256.26667
1	32	1	32	2	39367.53333
1	1	2	32	2	3444.083333
16	4	4	8	2	4283.903333
2	2	16	8	2	6995.056667
2	2	16	16	2	14007.96667
2	4	8	32	2	30265.3
4	8	1	32	2	10848.33333
8	8	4	8	2	8247.946667
8	8	1	32	2	10896.23333
4	4	4	32	2	16044.8
16	4	1	32	2	5655.086667
2	2	4	4	2	1523.62
8	2	2	8	2	889.1096667
1	4	8	32	2	28834.53333
1	2	2	8	2	816.7643333
4	2	2	8	2	830.843
1	2	2	16	2	1584.403333
2	2	1	4	2	1464.253333
2	2	16	32	2	28091.33333
4	1	32	32	2	28466.6
1	1	16	8	2	3272.916667
2	1	8	4	2	1550.046667
8	1	32	4	2	4725.883333
2	2	2	8	2	787.5946667
1	1	16	16	2	6500.846667
8	1	8	4	2	1723.463333
4	1	8	4	2	1782.68
4	2	1	4	2	1480.96
2	2	2	32	2	3308.44
2	4	4	4	2	2378.123333
1	8	4	8	2	6392.026667
1	2	1	4	2	1327.206667
4	1	2	4	2	954.6346667
4	1	4	4	2	1125.706667
8	16	1	16	2	10789.4
1	1	16	32	2	13066.1
2	8	4	8	2	6633.286667
16	1	32	4	2	5077.786667
4	2	4	4	2	1685.853333
32	2	1	32	2	5266.766667
1	8	4	16	2	12766.8
16	8	1	16	2	5454
4	1	32	4	2	3559.7
4	2	8	4	2	2551.076667
2	2	8	4	2	2343.813333
4	1	16	4	2	2160.623333
2	1	4	4	2	1296.99
4	4	1	4	2	1927.026667
2	2	2	16	2	1525.53
2	1	16	4	2	2070.56
16	8	1	8	2	2736.78
2	4	1	4	2	1922.61
16	2	8	4	2	2999.476667
2	8	4	16	2	13249.66667
16	2	16	4	2	5391.21
8	2	16	4	2	3880.696667
32	4	1	16	2	2992.153333
2	2	16	4	2	3511.18
8	1	2	4	2	986.5116667
16	1	4	4	2	1210.693333
4	2	16	4	2	3897.146667
1	2	2	32	2	3061.773333
2	1	32	8	2	6501.033333
4	1	1	4	2	970.0506667
2	4	8	4	2	3808.61
32	4	1	8	2	1403.873333
2	1	32	16	2	13056.9
2	2	2	4	2	837.9783333
1	4	1	4	2	1852.453333
4	4	8	4	2	4064.096667
2	32	1	32	2	41353.26667
4	4	4	4	2	2763.64
8	1	4	4	2	1192.863333
4	16	1	32	2	21506.53333
2	16	1	32	2	21298.63333
1	8	1	4	2	2133.206667
1	1	4	4	2	1224.73
1	2	16	8	2	6375.27
4	32	1	8	2	10496.43333
4	2	2	16	2	1552.563333
4	2	2	4	2	877.7063333
8	16	1	8	2	5394.426667
2	8	4	4	2	3319.046667
1	8	4	4	2	3197.113333
1	2	4	4	2	1533.353333
8	2	1	4	2	1523.183333
2	8	1	4	2	2198.98
1	4	8	4	2	3627.406667
1	2	16	16	2	12729.83333
2	1	2	4	2	905.3563333
16	1	16	4	2	3038.06
2	1	1	4	2	958.378
8	2	2	4	2	952.3966667
1	1	8	4	2	1598.763333
1	2	8	4	2	2354.233333
1	8	4	32	2	25544.9
8	2	4	4	2	1749.203333
16	1	2	4	2	1016.338
4	8	4	4	2	5003.243333
2	1	32	32	2	25999.86667
32	1	4	32	2	3776.32
32	1	8	4	2	1825.616667
1	16	1	4	2	4177.82
8	1	16	4	2	2332.783333
16	1	8	4	2	1826.78
32	1	2	4	2	960.0756667
32	1	32	4	2	5629.513333
8	4	1	4	2	1944.38
2	16	1	4	2	4326.796667
1	2	16	32	2	25521.83333
1	4	4	4	2	2334.1
8	2	8	4	2	2999.57
2	32	1	4	2	8371.11
1	2	2	4	2	899.2183333
32	1	4	4	2	1215.47
8	1	1	4	2	992.7463333
16	4	4	4	2	2935.336667
1	1	1	4	2	917.651
1	1	16	4	2	1719.423333
2	1	32	4	2	3246.946667
1	2	16	4	2	3227.386667
16	2	2	4	2	1054.037667
1	1	2	4	2	881.9156667
8	4	8	4	2	5420.263333
16	2	1	4	2	1540.776667
4	4	2	4	2	858.6386667
32	2	8	4	2	3037.523333
16	1	1	4	2	1003.866667
1	32	1	4	2	8004.16
16	4	8	4	2	5494.323333
16	2	4	4	2	1778.32
4	4	2	8	2	1439.163333
32	1	1	4	2	998.433
16	4	1	4	2	1932.516667
32	1	16	4	2	3053.61
16	2	4	32	2	6870.936667
32	2	16	4	2	5645.073333
8	4	4	4	2	2811.566667
2	4	2	4	2	730.1523333
2	4	2	8	2	1358.69
2	4	2	16	2	2769.736667
32	2	4	16	2	3473.536667
8	8	4	4	2	4955.566667
4	32	1	16	2	20949.3
1	4	2	4	2	734.4866667
1	4	2	8	2	1307.403333
32	2	8	16	2	6812.986667
16	4	4	16	2	6504.446667
8	4	2	4	2	787.8686667
8	8	1	4	2	2216.596667
16	16	1	8	2	5426.976667
4	8	1	4	2	2209.35
1	4	2	16	2	2557.846667
4	16	1	4	2	4356.736667
32	8	1	8	2	2742.17
32	2	4	4	2	1719.723333
32	2	1	4	2	1521.046667
32	4	8	8	2	7324.88
1	4	2	32	2	5107.8
8	8	4	16	2	12417.7
1	1	32	8	2	5558.216667
8	4	4	32	2	12516.3
16	8	4	4	2	4426.35
1	1	32	16	2	11097.66667
32	4	4	4	2	2253.256667
1	1	32	4	2	2784.33
1	1	32	32	2	22173.46667
32	4	8	4	2	4892.84
8	32	1	8	2	10503.4
32	4	1	4	2	1615.936667
8	16	1	4	2	3616.083333
16	8	4	8	2	6649.766667
1	8	2	4	2	1175.53
16	8	1	4	2	1845.7
1	8	2	8	2	2295.02
32	4	4	8	2	3162.403333
1	8	2	16	2	4578.286667
4	32	1	4	2	7026.58
16	16	1	4	2	2726.403333
2	8	2	4	2	1045.96
8	32	1	4	2	5251.153333
2	8	2	8	2	2085.47
32	8	1	4	2	1384.316667
16	8	1	32	2	5468.06
8	16	1	32	2	10760
32	4	1	32	2	2873.003333
4	8	2	4	2	985.5003333
1	2	2	2	2	817.2006667
1	2	8	2	2	1427.433333
32	8	4	4	2	3361.786667
16	16	1	16	2	5394.543333
1	4	4	2	2	1465.553333
4	1	32	2	2	1788.433333
16	32	1	4	2	5297.813333
1	4	8	2	2	1889.026667
2	1	4	2	2	833.3856667
32	8	1	16	2	2733.06
4	1	8	2	2	1159.183333
8	1	16	2	2	1436.606667
2	2	8	2	2	1453.773333
2	2	1	2	2	732.4146667
8	2	4	2	2	1026.943333
8	1	32	2	2	2378.83
1	8	4	2	2	1640.916667
4	2	8	2	2	1529.776667
2	2	4	2	2	1098.496667
32	1	32	2	2	2830.806667
1	1	16	2	2	1052.823333
1	2	1	2	2	661.7726667
8	2	8	2	2	1650.833333
4	32	1	32	2	20914.5
2	1	16	2	2	1245.613333
1	2	4	2	2	1036.69
4	1	4	2	2	715.4683333
2	2	16	2	2	1844.41
1	4	1	2	2	927.0663333
1	2	16	2	2	1733.96
4	1	2	2	2	622.2363333
2	1	8	2	2	1080.59
1	8	1	2	2	1068.41
2	4	2	2	2	1005.121667
2	1	2	2	2	592.5933333
8	1	4	2	2	758.072
4	1	16	2	2	1363.08
4	2	4	2	2	1028.09
1	4	2	2	2	1030.983333
2	1	32	2	2	1624.956667
16	1	8	2	2	1074.796667
4	2	1	2	2	736.1766667
2	2	2	2	2	858.0013333
4	4	8	2	2	2067.293333
8	1	2	2	2	636.6373333
1	1	8	2	2	1060.323333
16	2	16	2	2	2741.506667
1	1	2	2	2	557.495
1	1	4	2	2	783.32
16	1	32	2	2	2548.58
1	8	2	2	2	752.191
2	8	1	2	2	1098.556667
8	32	1	16	2	10476.06667
2	4	4	2	2	1512.763333
2	4	1	2	2	960.8313333
4	2	16	2	2	2011.963333
8	1	1	2	2	498.6333333
16	2	2	2	2	934.4233333
1	16	2	4	2	1663.693333
16	2	8	2	2	1704.226667
2	16	2	4	2	1723.53
32	16	1	4	2	2727.593333
2	1	1	2	2	480.328
4	8	2	2	2	857.867
1	16	2	8	2	3327.113333
32	1	8	2	2	1113.176667
4	4	4	2	2	1544.92
4	4	2	2	2	1093.323333
16	4	2	2	2	946.5993333
32	1	4	2	2	757.4226667
16	1	4	2	2	759.9596667
2	4	8	2	2	1926.05
16	2	4	2	2	1076.563333
4	2	2	2	2	903.1646667
1	16	1	2	2	2092.386667
16	1	16	2	2	1710.13
8	2	1	2	2	760.354
2	8	2	2	2	741.1506667
8	4	1	2	2	972.2363333
4	1	1	2	2	486.369
8	2	16	2	2	1967.536667
16	1	1	2	2	503.3103333
1	1	32	2	2	1387.98
32	2	1	2	2	759.5796667
16	1	2	2	2	646.1193333
32	2	2	2	2	936.558
32	2	4	2	2	1072.993333
32	1	2	2	2	662.6246667
8	1	8	2	2	1062.853333
32	2	8	2	2	1703.783333
4	4	1	2	2	966.8666667
2	8	4	2	2	1665.753333
8	8	2	2	2	869.083
8	2	2	2	2	916.5283333
32	4	4	2	2	1567.806667
1	1	1	2	2	459.5816667
8	16	1	2	2	2177.516667
32	1	16	2	2	1698.58
2	16	2	2	2	857.7853333
1	16	2	2	2	834.9646667
16	2	1	2	2	768.939
32	16	1	8	2	2715.1
32	1	1	2	2	495.711
8	4	4	2	2	1586.37
1	32	1	2	2	3995.333333
32	2	16	2	2	2836.413333
2	32	1	2	2	4172.516667
16	4	4	2	2	1617.663333
8	8	4	2	2	2480.123333
4	8	1	2	2	1102.02
2	16	1	2	2	2165.55
4	16	1	2	2	2178.586667
16	32	1	8	2	5259.63
8	8	1	2	2	1108.393333
8	4	8	2	2	2723.596667
16	4	8	2	2	2742.06
4	8	4	2	2	2485.783333
16	4	1	2	2	968.0586667
8	4	2	2	2	1107.486667
16	8	1	2	2	1106.483333
16	8	4	2	2	2672.426667
32	4	8	2	2	2963.103333
32	4	1	2	2	973.5523333
4	16	2	2	2	861.6353333
32	8	4	2	2	2251.016667
16	16	1	2	2	1809.973333
4	32	1	2	2	4221.15
8	32	1	2	2	3494.493333
32	8	1	2	2	924.252
32	16	1	2	2	1365.623333
16	32	1	2	2	2648.786667
32	32	1	4	2	2634.796667
16	16	1	32	2	5403.943333
32	8	1	32	2	2726.136667
32	32	1	2	2	2646.623333
1	2	2	1	2	449.2993333
1	4	2	1	2	706.8386667
2	2	8	1	2	869.6263333
1	8	2	1	2	505.2953333
2	2	2	1	2	482.7163333
8	1	2	1	2	342.2656667
1	4	8	1	2	952.2193333
2	2	4	1	2	618.6456667
2	1	4	1	2	478.3496667
2	2	1	1	2	366.64
8	32	1	32	2	10487.13333
1	4	1	1	2	464.687
4	1	8	1	2	633.9143333
8	1	8	1	2	571.32
4	2	2	1	2	505.745
1	8	1	1	2	534.7013333
4	1	16	1	2	790.8796667
1	4	4	1	2	870.627
1	1	8	1	2	598.036
8	1	16	1	2	871.9893333
2	1	8	1	2	609.4316667
1	2	8	1	2	844.696
1	1	4	1	2	439.591
16	1	8	1	2	578.334
1	2	1	1	2	332.591
4	1	2	1	2	333.6973333
2	4	1	1	2	480.6736667
2	4	4	1	2	868.5646667
1	2	4	1	2	600.8786667
4	1	32	1	2	894.786
2	4	2	1	2	715.6853333
4	2	1	1	2	369.4863333
2	1	2	1	2	317.9756667
1	1	2	1	2	296.9946667
1	2	16	1	2	880.451
2	8	2	1	2	521.9143333
8	1	4	1	2	471.5056667
4	1	4	1	2	455.079
16	1	32	1	2	1276.986667
16	1	4	1	2	478.6136667
4	2	4	1	2	558.43
1	16	1	1	2	1046.623333
2	1	32	1	2	809.174
1	1	16	1	2	634.0823333
2	2	16	1	2	919.2016667
1	8	4	1	2	822.4583333
2	1	16	1	2	739.7706667
8	2	1	1	2	378.2806667
4	2	16	1	2	1020.743333
4	2	8	1	2	926.053
16	2	2	1	2	526.4406667
4	4	1	1	2	483.2763333
16	2	16	1	2	1370.883333
4	4	4	1	2	830.347
32	1	32	1	2	1432.74
16	1	2	1	2	346.5706667
32	1	16	1	2	968.1496667
8	2	16	1	2	981.9733333
2	4	8	1	2	956.1896667
32	1	8	1	2	585.0163333
8	2	8	1	2	922.2903333
16	32	1	16	2	5258.95
2	8	1	1	2	549.443
4	4	2	1	2	710.742
16	1	16	1	2	957.9646667
1	16	2	1	2	422.787
8	1	1	1	2	249.573
32	16	1	16	2	2695.096667
16	1	1	1	2	251.4253333
1	1	32	1	2	696.747
4	8	1	1	2	552.896
8	1	32	1	2	1186.773333
1	32	1	1	2	1993.95
8	2	2	1	2	518.496
32	1	2	1	2	349.5136667
2	16	2	1	2	429.0783333
16	2	4	1	2	574.42
2	16	1	1	2	1083.52
8	4	2	1	2	655.314
2	8	4	1	2	829.917
32	1	4	1	2	479.385
8	2	4	1	2	567.812
4	8	2	1	2	547.6803333
16	4	4	1	2	880.172
2	1	1	1	2	240.1093333
4	1	1	1	2	243.4833333
16	4	1	1	2	483.8516667
32	4	4	1	2	886.389
32	2	8	1	2	958.298
32	4	8	1	2	1470.536667
8	4	1	1	2	484.1826667
8	8	1	1	2	550.9603333
32	4	2	1	2	639.1486667
4	4	8	1	2	1024.87
16	8	2	1	2	549.0946667
8	32	1	1	2	2109.65
16	2	1	1	2	383.8413333
8	4	4	1	2	846.3736667
32	1	1	1	2	248.8676667
4	32	1	1	2	2114.813333
16	16	1	1	2	1098.906667
32	4	1	1	2	485.164
32	2	1	1	2	383.2346667
16	8	1	1	2	555.1616667
4	8	4	1	2	1233.676667
32	2	4	1	2	580.1966667
8	16	2	1	2	424.693
16	4	2	1	2	647.241
1	1	1	1	2	230.1566667
16	32	1	1	2	1768.863333
16	4	8	1	2	1366.326667
32	8	4	1	2	1336.73
32	2	2	1	2	533.3056667
16	2	8	1	2	932.805
32	8	1	1	2	551.8623333
4	16	1	1	2	1091.27
4	16	2	1	2	429.194
8	8	2	1	2	548.121
8	16	1	1	2	1093.003333
32	16	1	1	2	915.4346667
32	32	1	8	2	2631.026667
16	8	4	1	2	1334.253333
8	4	8	1	2	1355.073333
2	32	1	1	2	2089.283333
8	8	4	1	2	1234.553333
32	2	16	1	2	1414.53
32	32	1	1	2	1319.703333
