1	1	1	32	2	2048.683333
1	4	1	16	2	1849.79
2	1	1	32	2	1823.563333
2	1	1	16	2	1819.43
1	1	1	16	2	1811.076667
4	2	1	16	2	1808.183333
2	2	1	16	2	1769.79
1	2	1	16	2	1747.516667
1	4	1	32	2	1734.193333
4	1	1	16	2	1733.44
1	2	1	32	2	1706.706667
1	8	1	16	2	1692.986667
2	4	1	32	2	1687.426667
4	1	1	32	2	1675.81
2	4	1	16	2	1663.463333
8	1	1	16	2	1612.41
2	8	1	16	2	1584.793333
4	2	1	32	2	1571.243333
2	2	1	32	2	1558.093333
4	4	1	16	2	1557.896667
8	2	1	16	2	1545.563333
1	8	1	32	2	1534.7
16	1	1	16	2	1495.98
1	16	1	16	2	1469.216667
8	1	1	32	2	1468.703333
4	1	4	16	2	1412.47
2	16	1	16	2	1390.966667
2	1	4	16	2	1388.846667
4	1	4	8	2	1381.05
8	1	4	16	2	1371.933333
8	1	4	8	2	1371.816667
16	1	16	16	2	1366.053333
1	1	4	16	2	1356.073333
4	4	1	32	2	1333.16
2	1	4	8	2	1320.206667
4	1	8	16	2	1316.796667
4	1	4	32	2	1300.883333
2	2	4	16	2	1298.566667
1	1	4	32	2	1297.65
4	2	4	8	2	1293.506667
4	1	8	8	2	1291.39
2	1	4	32	2	1285.206667
8	4	1	16	2	1282.28
4	2	4	16	2	1279.136667
16	1	32	16	2	1274.836667
4	8	1	16	2	1262.99
2	2	4	8	2	1261.223333
16	1	4	16	2	1256.063333
16	1	16	8	2	1253.206667
1	32	1	16	2	1250.83
2	1	8	8	2	1246.343333
1	2	4	16	2	1246.096667
1	1	4	8	2	1244.69
1	2	4	8	2	1240.966667
1	4	1	8	2	1238.246667
4	2	1	8	2	1236.383333
8	1	8	8	2	1235.283333
4	4	8	8	2	1231.59
8	1	8	16	2	1230.756667
2	1	8	16	2	1229.18
1	8	1	8	2	1227.766667
2	2	4	32	2	1224.533333
1	2	4	32	2	1224.273333
2	2	1	8	2	1222.986667
4	2	8	8	2	1221.776667
16	1	4	8	2	1218.616667
16	2	16	8	2	1216.82
8	1	32	8	2	1216.053333
8	2	4	16	2	1214.823333
8	1	4	32	2	1214.463333
16	1	8	8	2	1213.34
16	1	32	8	2	1209.253333
2	8	1	32	2	1209.116667
8	1	1	8	2	1205.376667
4	1	8	32	2	1202.893333
4	4	1	8	2	1198.693333
16	1	8	16	2	1196.16
1	4	4	8	2	1195.623333
1	1	8	16	2	1195.31
4	1	1	8	2	1194.726667
4	2	8	16	2	1192.69
1	2	1	8	2	1192.226667
4	1	2	8	2	1191.9
2	1	2	16	2	1190.826667
2	8	1	8	2	1185.08
8	2	4	8	2	1184.483333
2	4	1	8	2	1182.54
1	4	4	16	2	1179.753333
4	1	2	16	2	1178.02
2	1	8	32	2	1176.28
16	1	1	32	2	1174.416667
2	4	4	8	2	1173.25
16	2	1	16	2	1168.653333
8	1	32	16	2	1167.18
2	1	1	8	2	1166.07
8	1	2	16	2	1161.6
4	4	4	8	2	1159.72
2	2	8	8	2	1158.513333
8	2	1	32	2	1158.113333
1	1	2	16	2	1151.226667
8	1	2	8	2	1150.626667
2	4	8	8	2	1150.26
4	2	4	32	2	1149.933333
2	16	1	8	2	1147.7
2	2	8	16	2	1147.37
4	4	8	16	2	1144.086667
1	1	1	8	2	1140.64
1	16	1	8	2	1140.35
2	4	4	16	2	1140.106667
2	1	2	8	2	1137.75
16	1	1	8	2	1136.716667
4	1	2	32	2	1134.28
8	4	8	8	2	1134.14
32	1	16	8	2	1132.413333
8	2	8	8	2	1130.363333
2	1	2	32	2	1130.14
2	4	8	16	2	1127.246667
32	1	4	8	2	1124.603333
1	1	8	8	2	1122.386667
1	1	8	32	2	1121.283333
2	2	2	16	2	1118.236667
8	2	1	8	2	1117.04
4	4	4	16	2	1115.796667
32	1	1	16	2	1114.547333
16	2	16	16	2	1108.37
4	8	1	8	2	1107.98
8	1	16	8	2	1104.61
8	2	8	16	2	1103.796667
4	2	8	32	2	1099.606667
1	16	1	32	2	1097.790333
16	1	2	8	2	1095.25
8	1	8	32	2	1094.156667
1	2	8	8	2	1093.88
1	32	1	8	2	1089.893333
1	1	2	8	2	1089.74
2	2	8	32	2	1089.16
32	1	32	8	2	1089.001667
1	4	4	32	2	1088.016667
1	1	2	32	2	1087.733333
2	2	2	8	2	1082.19
4	2	2	16	2	1080.4
16	2	1	8	2	1078.626667
1	2	8	16	2	1073.863333
32	1	16	16	2	1073.183333
32	1	32	16	2	1072.513667
4	2	2	8	2	1071.17
32	1	8	8	2	1070.583333
16	2	4	8	2	1068.896667
8	4	4	8	2	1060.404333
16	2	8	8	2	1059.244
8	1	16	16	2	1059.126667
2	4	4	32	2	1054.534
16	1	2	16	2	1054.066667
1	4	8	8	2	1053.943333
1	2	2	8	2	1047.993333
1	4	8	16	2	1045.373333
8	2	2	8	2	1042.356667
2	8	4	8	2	1038.236667
16	1	16	32	2	1035.371667
1	2	8	32	2	1032.823333
1	8	4	8	2	1029.245667
8	4	1	8	2	1028.71
4	8	4	8	2	1027.966667
2	2	2	32	2	1024.024667
2	4	8	32	2	1022.61
1	2	2	16	2	1020.748333
32	1	1	8	2	1020.605
1	2	2	32	2	1011.769333
2	8	4	16	2	1010.963333
1	8	4	16	2	1008.624333
8	1	16	32	2	1008.256
4	16	1	8	2	1005.073667
8	1	2	32	2	1004.602667
2	4	2	8	2	999.0756667
1	4	8	32	2	990.4426667
4	1	16	8	2	989.3123333
16	1	32	32	2	988.3173333
32	1	2	8	2	982.8986667
4	1	16	16	2	982.19
2	32	1	16	2	978.5163333
2	16	1	32	2	972.7516667
4	16	1	16	2	967.184
8	2	16	8	2	966.3316667
16	1	4	32	2	961.8833333
4	1	32	8	2	961.0176667
2	32	1	8	2	960.7583333
4	2	2	32	2	958.1993333
16	4	1	8	2	955.968
2	1	16	8	2	954.5356667
8	2	2	16	2	952.1923333
4	1	32	16	2	951.1216667
16	2	4	16	2	950.5223333
8	8	1	8	2	948.7496667
32	2	16	8	2	948.4376667
4	8	1	32	2	947.6046667
4	2	16	8	2	945.511
4	1	16	32	2	945.346
2	1	16	32	2	940.4716667
32	2	1	8	2	938.2776667
8	2	16	16	2	932.865
4	2	16	16	2	932.6226667
2	1	16	16	2	931.965
32	1	8	16	2	919.0286667
1	8	4	32	2	917.0843333
32	1	4	16	2	916.3223333
16	2	2	8	2	915.5833333
8	4	1	32	2	914.852
1	4	2	8	2	912.0343333
16	4	1	16	2	909.3136667
1	1	32	16	2	904.134
1	1	32	8	2	898.0733333
2	4	2	16	2	895.6703333
1	4	2	16	2	894.5693333
8	2	4	32	2	893.87
4	4	2	8	2	889.0756667
4	1	32	32	2	887.7163333
8	4	8	16	2	885.0123333
4	2	16	32	2	876.3413333
4	4	2	16	2	868.6483333
1	1	32	32	2	868.4386667
1	1	16	16	2	860.9336667
1	4	2	32	2	857.8123333
32	1	1	32	2	853.519
8	4	2	8	2	853.3366667
1	1	16	8	2	853.2796667
16	4	8	8	2	847.4613333
2	4	2	32	2	847.262
16	4	1	32	2	846.8823333
8	4	4	16	2	845.2143333
1	32	1	32	2	844.5823333
4	16	1	32	2	841.9646667
1	1	16	32	2	835.9866667
8	8	1	16	2	834.3726667
16	2	1	32	2	831.1346667
2	2	16	8	2	830.803
2	2	16	16	2	826.7656667
32	2	1	16	2	824.8503333
16	4	4	8	2	824.7523333
32	2	4	8	2	817.3296667
32	2	16	16	2	811.9473333
4	1	4	4	2	802.1143333
2	32	1	32	2	798.2186667
2	2	4	4	2	796.2823333
4	32	1	8	2	793.3116667
2	2	16	32	2	791.49
2	4	8	4	2	789.1016667
4	2	4	4	2	788.166
16	8	1	16	2	783.5576667
4	32	1	16	2	783.3446667
8	1	8	4	2	782.3683333
4	1	32	4	2	777.214
4	1	16	4	2	777.141
1	8	2	8	2	775.6453333
1	2	16	16	2	774.125
4	2	16	4	2	771.8886667
2	1	8	4	2	771.5456667
4	2	8	4	2	770.8406667
4	1	2	4	2	770.779
1	2	16	8	2	770.1446667
8	2	2	4	2	769.6246667
16	2	16	32	2	767.859
8	2	4	4	2	767.85
1	4	4	4	2	766.23
8	8	1	32	2	765.092
4	4	2	4	2	764.8353333
4	2	2	4	2	764.37
2	1	4	4	2	763.627
8	1	32	4	2	763.3013333
16	2	16	4	2	762.663
8	1	2	4	2	762.1166667
2	2	8	4	2	761.9603333
1	8	2	4	2	761.9063333
8	8	4	8	2	761.3123333
16	1	16	4	2	760.8503333
2	1	16	4	2	759.547
8	1	16	4	2	756.3356667
2	8	2	8	2	755.9383333
4	1	8	4	2	755.8553333
2	2	2	4	2	754.535
32	2	1	32	2	754.418
32	2	8	8	2	753.8533333
1	8	2	16	2	753.3673333
4	4	8	4	2	752.872
2	4	2	4	2	752.7386667
2	2	16	4	2	751.766
1	4	8	4	2	748.0503333
8	1	4	4	2	747.676
1	2	16	32	2	744.7626667
1	8	4	4	2	743.9453333
16	1	32	4	2	741.1396667
2	1	2	4	2	739.9046667
16	1	4	4	2	738.2896667
1	2	2	4	2	737.1386667
32	1	16	4	2	737.0346667
1	1	2	4	2	735.8753333
2	8	4	4	2	734.4386667
2	8	2	16	2	733.2263333
32	1	32	4	2	731.384
16	1	8	4	2	730.995
2	8	2	4	2	729.1063333
1	2	8	4	2	728.4943333
16	8	1	8	2	728.305
8	16	1	8	2	726.75
1	4	2	4	2	726.3086667
1	2	4	4	2	725.8033333
4	8	2	8	2	725.5263333
2	4	4	4	2	723.4486667
4	4	4	4	2	723.422
32	4	1	16	2	722.8673333
4	8	4	4	2	722.1566667
1	1	32	4	2	721.9243333
8	16	1	16	2	719.926
1	8	2	32	2	718.6
2	8	1	4	2	718.4863333
8	2	8	4	2	717.924
2	4	1	4	2	713.329
1	1	4	4	2	712.7766667
1	2	16	4	2	710.3
1	4	1	4	2	709.5263333
8	2	16	4	2	708.7393333
4	2	1	4	2	707.8933333
4	8	2	4	2	705.9096667
2	1	32	8	2	705.37
1	8	1	4	2	703.141
8	4	2	4	2	702.6803333
8	4	8	4	2	702.2813333
16	2	2	4	2	702.0983333
2	1	32	16	2	699.8173333
16	2	8	4	2	698.3666667
16	1	2	4	2	697.077
8	2	1	4	2	693.943
32	1	8	4	2	688.3256667
1	1	8	4	2	687.4753333
16	4	4	4	2	686.37
2	2	1	4	2	686.0503333
16	2	4	4	2	686.0196667
4	4	1	4	2	685.7036667
2	1	32	4	2	685.018
32	1	4	4	2	680.6776667
2	1	32	32	2	680.64
2	1	1	4	2	680.4163333
8	4	4	4	2	678.1353333
32	2	16	4	2	676.855
32	2	8	4	2	675.964
32	2	4	4	2	675.4866667
1	16	1	4	2	673.453
8	1	1	4	2	673.3633333
32	4	1	8	2	672.7313333
1	1	16	4	2	671.135
4	1	1	4	2	670.2173333
4	8	1	4	2	664.6483333
1	2	1	4	2	664.5476667
1	32	1	4	2	663.3803333
32	1	2	4	2	657.8046667
2	32	1	4	2	653.4426667
16	16	1	8	2	651.1736667
4	16	1	4	2	649.1566667
16	4	8	4	2	648.465
16	2	1	4	2	645.0573333
2	16	1	4	2	643.1243333
8	8	4	4	2	642.4093333
8	4	1	4	2	638.417
32	2	2	4	2	631.4966667
16	4	2	4	2	629.5286667
16	1	1	4	2	629.0586667
1	1	1	4	2	623.43
8	8	2	4	2	613.2956667
32	2	1	4	2	604.5453333
8	32	1	8	2	589.712
8	8	1	4	2	584.7233333
32	1	1	4	2	584.1563333
32	4	8	4	2	578.483
16	4	1	4	2	573.9936667
4	32	1	4	2	570.276
16	8	4	4	2	568.5206667
32	8	1	8	2	563.5826667
32	4	4	4	2	551.559
16	8	1	4	2	548.875
8	16	1	4	2	536.067
1	16	2	8	2	516.304
1	16	2	4	2	513.478
1	16	2	16	2	510.4793333
2	16	2	4	2	508.1333333
2	16	2	8	2	500.4816667
4	32	1	32	2	500.0123333
16	8	1	32	2	496.106
32	4	1	4	2	493.1086667
16	16	1	4	2	486.1863333
8	16	1	32	2	485.1463333
32	4	1	32	2	477.046
32	8	1	4	2	461.638
4	16	2	4	2	453.4496667
4	2	8	2	2	451.52
8	32	1	16	2	447.597
1	8	4	2	2	444.5503333
1	4	8	2	2	444.4316667
4	2	4	2	2	441.2326667
4	2	2	2	2	440.8813333
32	8	1	16	2	439.9326667
16	16	1	16	2	439.1926667
4	1	32	2	2	437.4543333
4	1	16	2	2	437.4253333
8	2	4	2	2	436.6073333
4	2	16	2	2	435.9083333
2	4	4	2	2	434.5043333
8	1	4	2	2	433.7213333
4	4	4	2	2	432.296
2	4	8	2	2	432.1243333
4	1	8	2	2	432.0663333
8	1	16	2	2	431.9313333
1	8	2	2	2	431.0776667
1	2	4	2	2	430.765
4	4	2	2	2	430.7636667
4	1	4	2	2	430.711
2	4	2	2	2	429.635
8	2	8	2	2	427.2736667
8	32	1	4	2	427.0983333
1	2	2	2	2	426.844
2	2	8	2	2	425.8663333
1	4	2	2	2	425.2886667
4	1	2	2	2	423.8136667
2	2	2	2	2	423.7166667
8	1	8	2	2	423.356
2	1	8	2	2	422.88
1	1	4	2	2	422.7006667
2	1	4	2	2	421.695
1	4	4	2	2	421.684
2	1	16	2	2	420.936
2	2	16	2	2	420.527
4	4	8	2	2	420.4163333
16	1	8	2	2	419.346
16	1	4	2	2	419.093
8	1	2	2	2	415.6116667
8	2	16	2	2	415.4886667
8	1	32	2	2	415.189
16	2	4	2	2	414.0786667
1	1	16	2	2	412.0873333
2	2	4	2	2	412.0823333
2	8	2	2	2	411.9556667
1	1	32	2	2	409.985
16	2	2	2	2	409.6973333
16	1	32	2	2	409.4023333
2	1	32	2	2	408.804
2	1	2	2	2	408.714
1	1	8	2	2	406.1566667
16	1	16	2	2	404.544
2	8	4	2	2	404.2353333
1	4	1	2	2	404.0793333
4	8	2	2	2	403.4833333
1	2	8	2	2	402.0643333
32	1	32	2	2	401.906
2	4	1	2	2	401.6116667
1	2	16	2	2	401.3123333
32	2	4	2	2	400.8696667
16	1	2	2	2	400.7843333
8	4	4	2	2	399.605
32	1	8	2	2	398.2403333
8	4	2	2	2	397.899
16	32	1	4	2	397.3626667
1	1	2	2	2	396.5676667
32	1	4	2	2	396.2723333
32	1	16	2	2	395.251
2	16	2	2	2	394.9173333
32	2	8	2	2	394.804
16	4	4	2	2	394.7683333
32	2	16	2	2	391.9363333
16	4	8	2	2	391.7393333
1	16	2	2	2	391.6133333
8	2	2	2	2	391.1806667
2	2	1	2	2	390.9916667
4	2	1	2	2	390.0596667
16	2	16	2	2	389.0496667
2	8	1	2	2	388.447
16	2	8	2	2	387.928
1	8	1	2	2	387.422
4	8	4	2	2	386.4
32	16	1	4	2	385.7496667
16	8	4	2	2	385.579
32	1	2	2	2	384.8383333
2	16	1	2	2	384.494
8	2	1	2	2	383.4763333
16	4	2	2	2	381.676
4	4	1	2	2	381.424
32	16	1	8	2	378.532
4	16	2	2	2	377.434
1	2	1	2	2	375.287
32	2	2	2	2	372.7806667
8	8	2	2	2	370.7143333
8	4	8	2	2	369.4616667
8	8	4	2	2	368.4273333
2	32	1	2	2	368.063
16	4	1	2	2	367.877
16	2	1	2	2	366.8646667
4	16	1	2	2	366.3636667
32	4	8	2	2	364.7446667
32	4	4	2	2	363.3896667
32	4	2	2	2	362.9146667
4	8	1	2	2	362.677
8	1	1	2	2	360.0856667
1	16	1	2	2	358.7146667
1	32	1	2	2	355.146
4	1	1	2	2	353.4226667
16	1	1	2	2	351.884
16	32	1	8	2	347.9253333
8	4	1	2	2	347.566
16	8	2	2	2	346.1146667
4	32	1	2	2	344.3603333
8	16	2	2	2	342.211
32	2	1	2	2	341.1706667
8	8	1	2	2	340.1073333
32	1	1	2	2	339.0656667
8	16	1	2	2	337.3776667
2	1	1	2	2	335.4463333
32	4	1	2	2	332.3396667
16	16	1	2	2	331.773
1	1	1	2	2	329.748
16	8	1	2	2	315.178
32	8	4	2	2	312.947
8	32	1	2	2	303.8976667
32	8	1	2	2	291.9366667
16	16	1	32	2	271.4103333
16	32	1	2	2	268.4066667
32	32	1	4	2	268.2543333
8	32	1	32	2	263.7036667
32	8	1	32	2	258.0623333
32	16	1	2	2	250.406
1	4	4	1	2	248.196
2	2	8	1	2	247.179
2	2	4	1	2	247.05
4	1	2	1	2	247.0396667
2	2	2	1	2	246.0626667
4	1	8	1	2	245.9046667
4	1	32	1	2	245.249
1	8	2	1	2	245.1083333
1	4	2	1	2	244.994
4	1	4	1	2	244.756
16	32	1	16	2	244.6556667
2	1	16	1	2	243.8653333
1	2	4	1	2	243.6536667
1	2	2	1	2	242.3266667
2	1	8	1	2	241.919
4	2	8	1	2	241.3773333
1	4	8	1	2	241.22
2	1	4	1	2	240.8603333
2	2	16	1	2	240.8546667
2	4	8	1	2	240.7746667
32	16	1	16	2	240.6483333
4	2	4	1	2	240.6276667
1	1	8	1	2	240.4266667
2	1	2	1	2	239.7163333
1	1	4	1	2	239.6533333
4	2	16	1	2	239.3196667
4	1	16	1	2	239.0396667
4	4	2	1	2	238.74
16	1	2	1	2	238.3996667
2	1	32	1	2	237.4313333
1	2	16	1	2	237.2246667
4	2	2	1	2	237.203
2	4	2	1	2	237.1953333
8	1	2	1	2	236.106
1	2	8	1	2	235.5743333
8	2	4	1	2	235.4826667
1	1	2	1	2	234.1163333
1	8	4	1	2	234.0446667
16	2	16	1	2	233.7396667
8	1	32	1	2	233.493
1	1	32	1	2	232.106
2	8	2	1	2	231.9833333
1	1	16	1	2	231.9156667
32	32	1	2	2	231.6683333
32	1	8	1	2	231.0703333
2	4	4	1	2	230.845
16	1	16	1	2	230.6426667
8	1	8	1	2	230.6043333
8	2	16	1	2	230.2233333
32	1	32	1	2	230.1816667
8	1	4	1	2	230.0126667
8	4	4	1	2	228.9853333
16	1	8	1	2	228.5786667
8	1	16	1	2	228.0836667
4	8	4	1	2	227.5226667
4	8	2	1	2	227.328
4	4	4	1	2	226.332
1	2	1	1	2	226.249
2	8	4	1	2	225.8606667
8	4	2	1	2	224.5436667
32	1	4	1	2	223.531
16	8	4	1	2	222.4616667
16	1	32	1	2	221.9576667
16	2	2	1	2	221.751
4	2	1	1	2	221.134
2	16	2	1	2	220.254
32	1	16	1	2	220.2096667
8	4	8	1	2	218.807
32	4	2	1	2	217.993
16	4	8	1	2	217.738
16	4	4	1	2	217.525
1	4	1	1	2	217.3906667
16	1	4	1	2	217.308
32	1	2	1	2	216.7466667
2	2	1	1	2	215.5456667
1	8	1	1	2	215.544
2	4	1	1	2	214.7166667
32	2	4	1	2	213.8563333
16	4	2	1	2	213.141
4	8	1	1	2	212.9113333
16	8	2	1	2	212.819
8	2	2	1	2	212.706
4	16	2	1	2	212.5213333
8	2	8	1	2	211.977
1	16	2	1	2	211.95
8	16	2	1	2	209.764
1	16	1	1	2	209.202
8	2	1	1	2	208.7613333
32	8	4	1	2	208.5776667
4	4	1	1	2	208.262
2	8	1	1	2	208.0526667
32	2	2	1	2	207.729
32	4	4	1	2	207.6323333
32	2	16	1	2	207.5146667
8	8	4	1	2	205.0593333
16	4	1	1	2	204.5103333
16	2	8	1	2	203.8493333
2	16	1	1	2	203.5733333
16	2	4	1	2	203.2703333
32	4	8	1	2	203.0513333
4	4	8	1	2	202.8823333
8	16	1	1	2	202.3083333
32	2	8	1	2	202.0696667
1	32	1	1	2	201.2483333
32	8	2	1	2	200.5093333
16	2	1	1	2	198.983
32	2	1	1	2	198.6396667
16	16	2	1	2	198.314
8	8	2	1	2	195.613
16	16	1	1	2	195.538
8	4	1	1	2	195.2216667
8	32	1	1	2	193.3076667
2	32	1	1	2	192.793
32	8	1	1	2	189.8536667
8	1	1	1	2	189.8193333
32	4	1	1	2	187.552
32	1	1	1	2	187.247
4	1	1	1	2	186.668
32	32	1	8	2	186.6
16	1	1	1	2	186.308
2	1	1	1	2	184.98
4	32	1	1	2	184.0823333
16	32	1	1	2	183.1033333
16	8	1	1	2	180.6116667
8	8	1	1	2	177.9253333
32	16	1	1	2	177.3273333
1	1	1	1	2	177.1543333
4	16	1	1	2	169.3766667
32	32	1	1	2	158.0483333
