1	1	1	32	2	3179.643333
1	4	1	16	2	5677.803333
2	1	1	32	2	3919.326667
2	1	1	16	2	2528.75
1	1	1	16	2	2472.823333
4	2	1	16	2	4538.353333
2	2	1	16	2	4453.756667
1	2	1	16	2	4248.373333
1	4	1	32	2	11036.53333
4	1	1	16	2	2569.703333
1	2	1	32	2	8400.32
1	8	1	16	2	10454.5
2	4	1	32	2	11427.73333
4	1	1	32	2	4265.016667
2	4	1	16	2	5993.973333
8	1	1	16	2	2608.696667
2	8	1	16	2	10705.33333
4	2	1	32	2	9207.763333
2	2	1	32	2	8908.29
4	4	1	16	2	6235.436667
8	2	1	16	2	4676.853333
1	8	1	32	2	20881.9
16	1	1	16	2	2673.103333
1	16	1	16	2	20720.76667
8	1	1	32	2	4225.286667
4	1	4	16	2	3072.29
2	16	1	16	2	17638.93333
2	1	4	16	2	2971.85
4	1	4	8	2	1682.24
8	1	4	16	2	3121.646667
8	1	4	8	2	1783.753333
16	1	16	16	2	13739.46667
1	1	4	16	2	2849.186667
4	4	1	32	2	9515.58
2	1	4	8	2	1745.133333
4	1	8	16	2	5589.313333
4	1	4	32	2	6212.39
2	2	4	16	2	5514.523333
1	1	4	32	2	5723.963333
4	2	4	8	2	2814.78
4	1	8	8	2	2834.543333
2	1	4	32	2	5932.713333
8	4	1	16	2	5038.723333
4	2	4	16	2	5659.396667
16	1	32	16	2	25448.46667
4	8	1	16	2	9023.966667
2	2	4	8	2	2821.803333
16	1	4	16	2	3138.833333
16	1	16	8	2	7266.863333
1	32	1	16	2	33702.7
2	1	8	8	2	2669.466667
1	2	4	16	2	5400.24
1	1	4	8	2	1737.136667
1	2	4	8	2	2732.763333
1	4	1	8	2	3575.166667
4	2	1	8	2	2470.823333
8	1	8	8	2	2803.03
4	4	8	8	2	11160.96667
8	1	8	16	2	5537.673333
2	1	8	16	2	5286.44
1	8	1	8	2	5295.25
2	2	4	32	2	11098.2
1	2	4	32	2	10756.6
2	2	1	8	2	2423.596667
4	2	8	8	2	5268.263333
16	1	4	8	2	2067.85
16	2	16	8	2	14627.33333
8	1	32	8	2	10729.26667
8	2	4	16	2	5697.84
8	1	4	32	2	6520.323333
16	1	8	8	2	2882.72
16	1	32	8	2	12697.23333
2	8	1	32	2	17751.13333
8	1	1	8	2	1499.89
4	1	8	32	2	11317.53333
4	4	1	8	2	3632.376667
16	1	8	16	2	5666.203333
1	4	4	8	2	5121.66
1	1	8	16	2	5040.513333
4	1	1	8	2	1492.33
4	2	8	16	2	10490.3
1	2	1	8	2	2306.296667
4	1	2	8	2	1311.863333
2	1	2	16	2	2513.723333
2	8	1	8	2	5423.616667
8	2	4	8	2	2891.02
2	4	1	8	2	3733.81
1	4	4	16	2	10025.74
4	1	2	16	2	2514.55
2	1	8	32	2	10638.13333
16	1	1	32	2	3223.55
2	4	4	8	2	5155.483333
16	2	1	16	2	3900.796667
8	1	32	16	2	21399.53333
2	1	1	8	2	1456.973333
8	1	2	16	2	2562.793333
4	4	4	8	2	5358.68
2	2	8	8	2	4990.506667
8	2	1	32	2	7776.103333
1	1	2	16	2	2370.803333
8	1	2	8	2	1328.226667
2	4	8	8	2	10232.1
4	2	4	32	2	11313.9
2	16	1	8	2	10680.4
2	2	8	16	2	9911.35
4	4	8	16	2	22289.96667
1	1	1	8	2	1423.24
1	16	1	8	2	10394.73333
2	4	4	16	2	10365.3
2	1	2	8	2	1291.73
16	1	1	8	2	1509.653333
4	1	2	32	2	5103.596667
8	4	8	8	2	11098.83333
32	1	16	8	2	7462
8	2	8	8	2	5281.65
2	1	2	32	2	4935.356667
2	4	8	16	2	20463.7
32	1	4	8	2	1925.113333
1	1	8	8	2	2598.61
1	1	8	32	2	10162.23333
2	2	2	16	2	2368.78
8	2	1	8	2	2516.773333
4	4	4	16	2	10605.7
32	1	1	16	2	2228.106667
16	2	16	16	2	24394.73333
4	8	1	8	2	5432.793333
8	1	16	8	2	4702.05
8	2	8	16	2	10515.36667
4	2	8	32	2	20823.2
1	16	1	32	2	34355.23333
16	1	2	8	2	1317.283333
8	1	8	32	2	11252.16667
1	2	8	8	2	4672.726667
1	32	1	8	2	20380.73333
1	1	2	8	2	1249.966667
2	2	8	32	2	19880.33333
32	1	32	8	2	14629.76667
1	4	4	32	2	19733.13333
1	1	2	32	2	4742.576667
2	2	2	8	2	1181.816667
4	2	2	16	2	2364.113333
16	2	1	8	2	2503.996667
1	2	8	16	2	9327.133333
32	1	16	16	2	11769.9
32	1	32	16	2	24364.83333
4	2	2	8	2	1175.896667
32	1	8	8	2	2924.506667
16	2	4	8	2	3026.143333
8	4	4	8	2	5508.33
16	2	8	8	2	5387.5
8	1	16	16	2	9315.666667
2	4	4	32	2	20480.5
16	1	2	16	2	2557.086667
1	4	8	8	2	9396.2
1	2	2	8	2	1160.28
1	4	8	16	2	18684.73333
8	2	2	8	2	1282.33
2	8	4	8	2	9366.276667
16	1	16	32	2	22998.23333
1	2	8	32	2	18555.33333
1	8	4	8	2	9006.76
8	4	1	8	2	3634.683333
4	8	4	8	2	9629.973333
2	2	2	32	2	4647.116667
2	4	8	32	2	41013.33333
1	2	2	16	2	2120.813333
32	1	1	8	2	1519.5
1	2	2	32	2	4382.216667
2	8	4	16	2	18601.63333
1	8	4	16	2	18022.1
8	1	16	32	2	18580.5
4	16	1	8	2	8961.673333
8	1	2	32	2	5070.3
2	4	2	8	2	2131.09
1	4	8	32	2	37455.33333
4	1	16	8	2	4150.813333
16	1	32	32	2	42299
32	1	2	8	2	1337.546667
4	1	16	16	2	8312.053333
2	32	1	16	2	26128.7
2	16	1	32	2	26474.53333
4	16	1	16	2	13390.26667
8	2	16	8	2	8550.113333
16	1	4	32	2	5346.63
4	1	32	8	2	8350.626667
2	32	1	8	2	17555.66667
4	2	2	32	2	4640.103333
16	4	1	8	2	2623.863333
2	1	16	8	2	4010.006667
8	2	2	16	2	2260.646667
4	1	32	16	2	16688.63333
16	2	4	16	2	4830.206667
8	8	1	8	2	4556.276667
32	2	16	8	2	12512.73333
4	8	1	32	2	13494.13333
4	2	16	8	2	8085.116667
4	1	16	32	2	16493.56667
2	1	16	32	2	16343.06667
32	2	1	8	2	2049.526667
8	2	16	16	2	17123.13333
4	2	16	16	2	16331.96667
2	1	16	16	2	7931.403333
32	1	8	16	2	4812.366667
1	8	4	32	2	36072.53333
32	1	4	16	2	2651.996667
16	2	2	8	2	1236.626667
8	4	1	32	2	7307.266667
1	4	2	8	2	1905.473333
16	4	1	16	2	3670.57
1	1	32	16	2	7840.63
1	1	32	8	2	3930.626667
2	4	2	16	2	3864.95
1	4	2	16	2	3712.89
8	2	4	32	2	9563.946667
4	4	2	8	2	1937.523333
4	1	32	32	2	33325.86667
8	4	8	16	2	18535.96667
4	2	16	32	2	32614.76667
4	4	2	16	2	3939.383333
1	1	32	32	2	15504.83333
1	1	16	16	2	7435.386667
1	4	2	32	2	7470.956667
32	1	1	32	2	2417.793333
8	4	2	8	2	2085.34
1	1	16	8	2	3701.743333
16	4	8	8	2	9444.886667
2	4	2	32	2	7972.68
16	4	1	32	2	7418.006667
8	4	4	16	2	8632.273333
1	32	1	32	2	50626.5
4	16	1	32	2	26807.23333
1	1	16	32	2	15073
8	8	1	16	2	6796.673333
16	2	1	32	2	5885.406667
2	2	16	8	2	7227.433333
2	2	16	16	2	14431.46667
32	2	1	16	2	2938.176667
16	4	4	8	2	4535.34
32	2	4	8	2	2459.786667
32	2	16	16	2	18812.4
4	1	4	4	2	1563.233333
2	32	1	32	2	52342.2
2	2	4	4	2	2075.11
4	32	1	8	2	13338.33333
2	2	16	32	2	28943.16667
2	4	8	4	2	5162.946667
4	2	4	4	2	2139.59
16	8	1	16	2	6803.63
4	32	1	16	2	26580.83333
8	1	8	4	2	2052.956667
4	1	32	4	2	4182.64
4	1	16	4	2	2344.393333
1	8	2	8	2	3240.693333
1	2	16	16	2	13970.26667
4	2	16	4	2	4075
2	1	8	4	2	1910.203333
4	2	8	4	2	3180.716667
4	1	2	4	2	992.3306667
1	2	16	8	2	6947.586667
8	2	2	4	2	1627.54
16	2	16	32	2	36583.83333
8	2	4	4	2	2167.216667
1	4	4	4	2	3229.656667
8	8	1	32	2	13588.8
4	4	2	4	2	1669.093333
4	2	2	4	2	1540.916667
2	1	4	4	2	1520.773333
8	1	32	4	2	5371.386667
16	2	16	4	2	7389.23
8	1	2	4	2	1008.505
2	2	8	4	2	2982.94
1	8	2	4	2	1698.17
8	8	4	8	2	8128.336667
16	1	16	4	2	4107.053333
2	1	16	4	2	2146.216667
8	1	16	4	2	2673.54
2	8	2	8	2	3291.256667
4	1	8	4	2	2046.656667
2	2	2	4	2	1491.286667
32	2	1	32	2	5914.226667
32	2	8	8	2	4573.116667
1	8	2	16	2	6555.583333
4	4	8	4	2	5621.956667
2	4	2	4	2	1630.2
2	2	16	4	2	3628.916667
1	4	8	4	2	4723.763333
8	1	4	4	2	1611.103333
1	2	16	32	2	27923.1
1	8	4	4	2	4533.013333
16	1	32	4	2	6364.303333
2	1	2	4	2	969.9333333
16	1	4	4	2	1664.173333
1	2	2	4	2	1388.59
32	1	16	4	2	4283.86
1	1	2	4	2	918.118
2	8	4	4	2	4712.47
2	8	2	16	2	6582.083333
32	1	32	4	2	7343.883333
16	1	8	4	2	2103.06
2	8	2	4	2	1850.786667
1	2	8	4	2	2785.153333
16	8	1	8	2	3411.666667
8	16	1	8	2	6760.06
1	4	2	4	2	1699.633333
1	2	4	4	2	2022.2
4	8	2	8	2	3354.443333
2	4	4	4	2	3320.1
4	4	4	4	2	3259.2
32	4	1	16	2	3694.52
4	8	4	4	2	4881.936667
1	1	32	4	2	2117.783333
8	16	1	16	2	13533.3
1	8	2	32	2	13210.86667
2	8	1	4	2	2728.56
8	2	8	4	2	3265.193333
2	4	1	4	2	2159.353333
1	1	4	4	2	1456.026667
1	2	16	4	2	3517.9
1	4	1	4	2	2096.21
8	2	16	4	2	4301.126667
4	2	1	4	2	1343.953333
4	8	2	4	2	1788.066667
2	1	32	8	2	6239.533333
1	8	1	4	2	2687.453333
8	4	2	4	2	1675.793333
8	4	8	4	2	5575.183333
16	2	2	4	2	1592.18
2	1	32	16	2	12485.26667
16	2	8	4	2	3209.603333
16	1	2	4	2	1036.71
8	2	1	4	2	1370.666667
32	1	8	4	2	2162.686667
1	1	8	4	2	1803.646667
16	4	4	4	2	2997.35
2	2	1	4	2	1317.51
16	2	4	4	2	2235.746667
4	4	1	4	2	2179.273333
2	1	32	4	2	3115.956667
32	1	4	4	2	1663.163333
2	1	32	32	2	24966.1
2	1	1	4	2	778.3346667
8	4	4	4	2	3370.15
32	2	16	4	2	7595
32	2	8	4	2	3090.69
32	2	4	4	2	1958.573333
1	16	1	4	2	5301.786667
8	1	1	4	2	799.121
32	4	1	8	2	2107.043333
1	1	16	4	2	1966.053333
4	1	1	4	2	789.0073333
4	8	1	4	2	2755.08
1	2	1	4	2	1265.543333
1	32	1	4	2	10277.93333
32	1	2	4	2	1033.83
2	32	1	4	2	10659.53333
16	16	1	8	2	6770.08
4	16	1	4	2	5428.366667
16	4	8	4	2	5664.066667
16	2	1	4	2	1391.436667
2	16	1	4	2	5385.773333
8	8	4	4	2	4884.16
8	4	1	4	2	2200.01
32	2	2	4	2	1595.256667
16	4	2	4	2	1510.943333
16	1	1	4	2	805.861
1	1	1	4	2	753.038
8	8	2	4	2	1936.793333
32	2	1	4	2	1390.81
8	32	1	8	2	13454.8
8	8	1	4	2	2758.09
32	1	1	4	2	808.1533333
32	4	8	4	2	4692.74
16	4	1	4	2	2216.6
4	32	1	4	2	8948.403333
16	8	4	4	2	4059.563333
32	8	1	8	2	3414.353333
32	4	4	4	2	2548.876667
16	8	1	4	2	2304.056667
8	16	1	4	2	4522.763333
1	16	2	8	2	4343.72
1	16	2	4	2	2174.373333
1	16	2	16	2	8682.08
2	16	2	4	2	2191.603333
2	16	2	8	2	4372.76
4	32	1	32	2	26537.83333
16	8	1	32	2	6777.293333
32	4	1	4	2	1838.573333
16	16	1	4	2	3411.606667
8	16	1	32	2	13406.26667
32	4	1	32	2	3695.93
32	8	1	4	2	1722.456667
4	16	2	4	2	2092.013333
4	2	8	2	2	1844.636667
8	32	1	16	2	13403.8
1	8	4	2	2	2335.463333
1	4	8	2	2	2474.943333
4	2	4	2	2	1335.3
4	2	2	2	2	923.6123333
32	8	1	16	2	3404.623333
16	16	1	16	2	6761.54
4	1	32	2	2	2092.613333
4	1	16	2	2	1383.7
8	2	4	2	2	1372.163333
4	2	16	2	2	2106.103333
2	4	4	2	2	2013.723333
8	1	4	2	2	924.7663333
4	4	4	2	2	1998.676667
2	4	8	2	2	2638.61
4	1	8	2	2	1231.286667
8	1	16	2	2	1531.176667
1	8	2	2	2	1300.503333
1	2	4	2	2	1214.756667
4	4	2	2	2	1364.42
4	1	4	2	2	915.508
2	4	2	2	2	1345.34
8	2	8	2	2	1898.81
8	32	1	4	2	6722.256667
1	2	2	2	2	851.2206667
2	2	8	2	2	1699.316667
1	4	2	2	2	1314.416667
4	1	2	2	2	554.794
2	2	2	2	2	907.629
8	1	8	2	2	1263.38
2	1	8	2	2	1177.643333
1	1	4	2	2	825.0443333
2	1	4	2	2	891.933
1	4	4	2	2	1977.45
2	1	16	2	2	1246.07
2	2	16	2	2	1909.12
4	4	8	2	2	2847.05
16	1	8	2	2	1276.343333
16	1	4	2	2	950.205
8	1	2	2	2	563.356
8	2	16	2	2	2166.54
8	1	32	2	2	2697.693333
16	2	4	2	2	1415.553333
1	1	16	2	2	1118.536667
2	2	4	2	2	1284.21
2	8	2	2	2	1328.293333
1	1	32	2	2	1216.603333
16	2	2	2	2	953.137
16	1	32	2	2	3200.773333
2	1	32	2	2	1562.52
2	1	2	2	2	543.1733333
1	1	8	2	2	1071.753333
16	1	16	2	2	2318.333333
2	8	4	2	2	2379.166667
1	4	1	2	2	1048.833333
4	8	2	2	2	1305.206667
1	2	8	2	2	1634.133333
32	1	32	2	2	3711.453333
2	4	1	2	2	1088.2
1	2	16	2	2	1908.586667
32	2	4	2	2	1404.59
16	1	2	2	2	573.6763333
8	4	4	2	2	1886.46
32	1	8	2	2	1283.94
8	4	2	2	2	1385.686667
16	32	1	4	2	6799.156667
1	1	2	2	2	513.8326667
32	1	4	2	2	958.2773333
32	1	16	2	2	2435.913333
2	16	2	2	2	1092.333333
32	2	8	2	2	2011.916667
16	4	4	2	2	1848.74
32	2	16	2	2	3849.143333
16	4	8	2	2	2840.423333
1	16	2	2	2	1099.476667
8	2	2	2	2	963.1546667
2	2	1	2	2	661.6223333
4	2	1	2	2	672.7466667
16	2	16	2	2	3708.523333
2	8	1	2	2	1366.873333
16	2	8	2	2	1962.63
1	8	1	2	2	1345.41
4	8	4	2	2	2437.79
32	16	1	4	2	3408.683333
16	8	4	2	2	2439.11
32	1	2	2	2	578.363
2	16	1	2	2	2708.566667
8	2	1	2	2	687.7126667
16	4	2	2	2	1354.156667
4	4	1	2	2	1097.15
32	16	1	8	2	3394.07
4	16	2	2	2	1043.223333
1	2	1	2	2	634.6533333
32	2	2	2	2	967.4016667
8	8	2	2	2	1111.623333
8	4	8	2	2	2795.01
8	8	4	2	2	2441.953333
2	32	1	2	2	5309.4
16	4	1	2	2	1111.6
16	2	1	2	2	694.8496667
4	16	1	2	2	2716.376667
32	4	8	2	2	2825.633333
32	4	4	2	2	2192.103333
32	4	2	2	2	1243.643333
4	8	1	2	2	1376.346667
8	1	1	2	2	399.251
1	16	1	2	2	2653.666667
1	32	1	2	2	5145.273333
4	1	1	2	2	394.579
16	1	1	2	2	403.9313333
16	32	1	8	2	6729.216667
8	4	1	2	2	1099.916667
16	8	2	2	2	972.0396667
4	32	1	2	2	5340.72
8	16	2	2	2	1035.99
32	2	1	2	2	700.954
8	8	1	2	2	1383.68
32	1	1	2	2	404.0083333
8	16	1	2	2	2739.023333
2	1	1	2	2	387.875
32	4	1	2	2	1098.626667
16	16	1	2	2	2266.04
1	1	1	2	2	374.8543333
16	8	1	2	2	1379.68
32	8	4	2	2	2031.24
8	32	1	2	2	4533.03
32	8	1	2	2	1149.226667
16	16	1	32	2	6755.736667
16	32	1	2	2	3369.34
32	32	1	4	2	3379.556667
8	32	1	32	2	13394.93333
32	8	1	32	2	3396.64
32	16	1	2	2	1703.756667
1	4	4	1	2	1118.62
2	2	8	1	2	959.7276667
2	2	4	1	2	699.6573333
4	1	2	1	2	288.874
2	2	2	1	2	493.1073333
4	1	8	1	2	661.6466667
4	1	32	1	2	1049.323333
1	8	2	1	2	802.803
1	4	2	1	2	767.202
4	1	4	1	2	496.2816667
16	32	1	16	2	6718.133333
2	1	16	1	2	705.5726667
1	2	4	1	2	661.4186667
1	2	2	1	2	467.493
2	1	8	1	2	639.0266667
4	2	8	1	2	1028.99
1	4	8	1	2	1236.276667
2	1	4	1	2	480.0816667
2	2	16	1	2	951.8386667
2	4	8	1	2	1323.77
32	16	1	16	2	3378.473333
4	2	4	1	2	714.154
1	1	8	1	2	580.183
2	1	2	1	2	283.2563333
1	1	4	1	2	441.6676667
4	2	16	1	2	1067.29
4	1	16	1	2	799.0676667
4	4	2	1	2	786.7356667
16	1	2	1	2	297.5173333
2	1	32	1	2	781.342
1	2	16	1	2	954.3663333
4	2	2	1	2	503.551
2	4	2	1	2	773.559
8	1	2	1	2	292.866
1	2	8	1	2	917.9616667
8	2	4	1	2	739.2553333
1	1	2	1	2	267.515
1	8	4	1	2	1154.816667
16	2	16	1	2	1838.75
8	1	32	1	2	1354.36
1	1	32	1	2	695.7146667
2	8	2	1	2	828.7966667
1	1	16	1	2	641.6373333
32	32	1	2	2	3357.973333
32	1	8	1	2	686.7766667
2	4	4	1	2	1100.05
16	1	16	1	2	1243.613333
8	1	8	1	2	671.8436667
8	2	16	1	2	1084.82
32	1	32	1	2	1860.596667
8	1	4	1	2	507.462
8	4	4	1	2	1118.423333
16	1	8	1	2	683.8943333
8	1	16	1	2	871.911
4	8	4	1	2	1201.14
4	8	2	1	2	812.7863333
4	4	4	1	2	1106.253333
1	2	1	1	2	318.469
2	8	4	1	2	1173.84
8	4	2	1	2	776.303
32	1	4	1	2	526.427
16	8	4	1	2	1209.196667
16	1	32	1	2	1607.17
16	2	2	1	2	519.5216667
4	2	1	1	2	335.8403333
2	16	2	1	2	544.5053333
32	1	16	1	2	1268.673333
8	4	8	1	2	1379.503333
32	4	2	1	2	764.263
16	4	8	1	2	1398.733333
16	4	4	1	2	1121.736667
1	4	1	1	2	522.1196667
16	1	4	1	2	517.182
32	1	2	1	2	300.6536667
2	2	1	1	2	330.848
1	8	1	1	2	671.9356667
2	4	1	1	2	538.1993333
32	2	4	1	2	749.327
16	4	2	1	2	764.586
4	8	1	1	2	687.8043333
16	8	2	1	2	792.9033333
8	2	2	1	2	510.773
4	16	2	1	2	521.925
8	2	8	1	2	1065.666667
1	16	2	1	2	552.6906667
8	16	2	1	2	515.3473333
1	16	1	1	2	1327.5
8	2	1	1	2	342.7846667
32	8	4	1	2	1209.753333
4	4	1	1	2	546.2416667
2	8	1	1	2	684.02
32	2	2	1	2	519.0913333
32	4	4	1	2	1128.386667
32	2	16	1	2	1903.32
8	8	4	1	2	1210.766667
16	4	1	1	2	556.426
16	2	8	1	2	1084.723333
2	16	1	1	2	1353.5
16	2	4	1	2	746.9446667
32	4	8	1	2	1398.546667
4	4	8	1	2	1410.89
8	16	1	1	2	1377.873333
32	2	8	1	2	1105.116667
1	32	1	1	2	2571.05
32	8	2	1	2	786.5133333
16	2	1	1	2	347.4186667
32	2	1	1	2	350.1086667
16	16	2	1	2	510.572
8	8	2	1	2	801.6913333
16	16	1	1	2	1365.366667
8	4	1	1	2	551.4333333
8	32	1	1	2	2713.036667
2	32	1	1	2	2651.52
32	8	1	1	2	691.4243333
8	1	1	1	2	199.9186667
32	4	1	1	2	544.0266667
32	1	1	1	2	201.8373333
4	1	1	1	2	197.5496667
32	32	1	8	2	3373.756667
16	1	1	1	2	201.403
2	1	1	1	2	194.163
4	32	1	1	2	2684.01
16	32	1	1	2	2251.43
16	8	1	1	2	691.8496667
8	8	1	1	2	689.9656667
32	16	1	1	2	1136.883333
1	1	1	1	2	187.5596667
4	16	1	1	2	1370.15
32	32	1	1	2	1707.683333
