1	1	1	32	2	198.194
2	1	1	32	2	204.091
4	1	1	32	2	204.3125
2	4	1	16	2	381.125
1	4	1	8	2	187.6325
1	4	1	16	2	369.542
1	4	1	32	2	743.8305
2	4	1	8	2	189.285
2	4	1	32	2	761.4235
2	8	1	8	2	372.2255
4	4	1	16	2	387.9755
1	8	1	4	2	183.593
1	8	1	8	2	357.468
2	8	1	4	2	187.5945
4	4	1	8	2	189.6475
1	8	1	16	2	717.4975
2	8	1	16	2	740.965
4	4	1	32	2	778.179
1	8	1	32	2	1431.55
1	16	1	4	2	341.9465
2	8	1	32	2	1484.3
4	8	1	8	2	375.3465
2	16	1	4	2	360.509
1	16	1	8	2	679.775
2	16	1	2	2	179.409
2	16	1	8	2	722.674
1	16	1	2	2	172.009
4	8	1	4	2	188.307
4	8	1	16	2	749.7065
1	16	1	16	2	1364.365
8	4	1	16	2	381.38
8	4	1	8	2	188.348
2	16	1	16	2	1433.09
1	16	1	32	2	2698.795
2	1	1	16	2	157.537
4	16	1	2	2	182.97
4	1	1	16	2	154.918
4	16	1	8	2	728.425
4	16	1	4	2	364.7325
8	8	1	8	2	371.7375
8	1	1	16	2	156.448
8	8	1	4	2	185.6665
1	1	1	16	2	152.057
2	16	1	32	2	2867.96
4	8	1	32	2	1502.755
2	2	1	8	2	148.2205
1	2	1	8	2	146.9325
8	8	1	16	2	741.4875
4	2	1	16	2	297.2535
4	16	1	16	2	1457.89
2	2	1	16	2	294.1785
4	2	1	8	2	151.1185
8	2	1	8	2	150.088
1	2	1	16	2	290.1245
2	2	1	32	2	586.569
1	32	1	4	2	606.0505
1	32	1	2	2	300.8995
4	2	1	32	2	600.536
8	2	1	16	2	299.49
1	32	1	8	2	1214.535
2	4	1	4	2	142.762
4	4	1	4	2	144.9995
2	32	1	2	2	320.6745
2	32	1	4	2	646.6535
1	2	1	32	2	573.6925
1	4	1	4	2	140.2515
1	32	1	16	2	2424.825
2	32	1	8	2	1297.89
8	1	4	8	2	141.13
4	2	2	16	2	283.6555
4	2	2	8	2	142.4915
8	4	1	4	2	145.7995
4	1	4	8	2	136.8885
2	32	1	16	2	2593.66
4	1	4	16	2	271.5845
2	2	2	8	2	134.72
1	32	1	32	2	4844.2
8	16	1	4	2	363.375
8	16	1	8	2	726.334
8	16	1	2	2	181.778
4	1	4	32	2	531.5535
2	2	2	16	2	263.5145
4	32	1	8	2	1335.22
4	32	1	4	2	670.2445
4	32	1	2	2	331.912
4	4	2	4	2	125.509
1	32	1	1	2	149.877
4	1	2	8	2	120.5815
4	4	2	8	2	249.2705
8	1	2	8	2	121.449
4	1	2	16	2	241.555
8	2	4	4	2	120.3245
2	1	2	8	2	118.3675
2	4	2	4	2	118.6185
2	1	2	16	2	233.6915
2	4	2	16	2	471.2
2	4	2	8	2	232.9455
2	1	2	32	2	464.333
2	32	1	1	2	159.487
4	2	4	4	2	112.907
4	2	4	16	2	450.2995
4	2	4	8	2	222.656
8	4	4	2	2	114.3685
4	4	4	2	2	110.0025
4	4	4	8	2	442.7785
8	4	4	4	2	228.736
4	4	4	4	2	219.3065
4	8	2	2	2	113.479
4	8	2	4	2	224.5385
2	8	2	4	2	214.538
2	8	2	2	2	106.4895
2	1	4	8	2	105.0305
2	8	2	8	2	426.861
4	32	1	1	2	164.5995
8	1	8	4	2	102.9225
8	32	1	2	2	337.068
8	32	1	4	2	677.055
8	1	8	8	2	203.2745
1	8	1	2	2	101.3115
2	8	1	2	2	101.8625
2	1	4	16	2	202.104
4	8	1	2	2	102.938
8	2	8	4	2	201.4145
1	1	2	8	2	100.7325
2	16	1	1	2	101.0785
8	2	8	2	2	99.4765
1	1	2	16	2	196.7405
1	16	1	1	2	98.3685
4	16	1	1	2	102.603
8	8	1	2	2	103.0685
2	2	4	4	2	93.3633
1	2	2	8	2	94.5685
1	2	2	16	2	185.0265
4	2	2	4	2	92.3635
1	1	4	8	2	91.96735
2	2	2	4	2	90.4826
8	2	2	4	2	92.01715
8	1	4	4	2	89.89555
4	1	4	4	2	89.5329
2	4	4	2	2	89.4411
4	1	8	4	2	88.4701
4	16	2	1	2	94.12
1	1	4	16	2	175.2315
8	32	1	1	2	168.0775
2	2	4	8	2	174.9955
4	8	4	1	2	89.34265
4	16	2	2	2	188.289
4	4	2	2	2	88.13235
4	8	4	2	2	179.394
8	8	4	1	2	92.7716
4	1	8	8	2	173.1645
4	8	4	4	2	357.912
8	16	1	1	2	102.6295
2	4	4	4	2	172.8655
8	8	4	2	2	185.352
2	16	2	1	2	87.7902
2	16	2	2	2	175.409
2	4	2	2	2	85.8061
2	1	1	8	2	84.76355
8	4	2	2	2	87.37225
2	16	2	4	2	349.9145
1	1	1	8	2	84.53
4	1	1	8	2	83.609
1	1	4	32	2	333.2175
1	2	4	4	2	83.0228
8	1	1	8	2	83.72755
2	2	1	4	2	82.4262
8	4	8	1	2	83.38135
8	4	8	2	2	167.7745
4	2	1	4	2	81.83625
8	2	4	2	2	81.90665
1	4	4	2	2	81.3844
1	2	1	4	2	81.7818
8	2	1	4	2	82.28485
4	2	4	2	2	80.6261
4	2	8	4	2	160.4755
1	4	4	4	2	160.094
4	2	8	2	2	80.06205
2	1	4	4	2	79.6405
1	4	4	8	2	317.516
4	16	1	32	2	1455.39
1	2	2	4	2	80.8335
1	4	2	4	2	79.22355
2	1	8	8	2	156.1475
2	1	8	16	2	309.168
1	2	4	8	2	153.513
2	1	8	4	2	76.76965
1	4	2	8	2	152.638
2	2	8	2	2	75.34065
2	2	8	4	2	148.7305
4	32	1	16	2	1338.43
2	32	1	32	2	2591.93
1	1	4	4	2	75.99365
2	2	4	2	2	72.63345
1	2	4	16	2	289.542
2	4	1	2	2	72.50365
2	2	8	8	2	288.2885
4	4	1	2	2	72.53015
4	4	4	1	2	72.68145
4	1	2	4	2	72.23725
1	2	8	4	2	142.1305
4	8	2	1	2	72.2907
8	4	1	2	2	72.94075
8	4	4	1	2	71.9918
1	2	8	16	2	565.3335
8	1	16	2	2	70.7801
1	2	8	8	2	281.6625
1	4	1	2	2	70.81735
1	2	8	2	2	71.43275
8	1	2	4	2	70.985
1	4	2	2	2	70.87995
2	1	2	4	2	70.99765
8	1	8	2	2	69.8194
8	32	1	8	2	676.2395
1	1	8	4	2	69.5491
2	8	4	1	2	70.03425
2	8	2	1	2	69.9785
2	8	4	2	2	139.661
4	4	8	1	2	69.96245
1	1	8	8	2	138.0135
2	4	8	1	2	69.2601
1	1	8	16	2	273.9255
8	8	2	1	2	72.01865
4	4	8	2	2	137.548
4	4	8	4	2	275.745
2	4	8	2	2	136.87
2	4	8	4	2	269.2555
1	2	4	2	2	66.94125
4	1	8	2	2	66.79095
1	1	2	4	2	66.3223
2	4	4	1	2	65.7789
4	1	16	2	2	64.50965
4	1	16	4	2	127.843
1	8	4	1	2	64.09675
1	8	4	2	2	127.2925
8	2	8	1	2	63.86875
1	8	4	4	2	251.584
4	1	16	8	2	247.4275
1	8	2	2	2	61.55185
8	2	16	1	2	61.88365
1	8	2	4	2	122.298
2	1	16	2	2	59.83375
1	4	8	2	2	119.7355
2	1	8	2	2	59.66475
1	4	8	1	2	59.7986
1	4	8	4	2	237.543
4	2	8	1	2	58.688
1	4	8	8	2	467.602
2	1	16	8	2	232.62
1	4	4	1	2	58.2611
4	2	16	1	2	56.4784
4	2	16	2	2	111.3185
1	1	8	2	2	55.5853
4	2	16	4	2	219.4855
1	2	8	1	2	54.59895
2	2	8	1	2	55.1823
1	1	16	8	2	214.4665
1	1	16	16	2	428.0945
1	2	2	2	2	53.0987
4	2	2	2	2	53.18755
2	2	2	2	2	53.11665
1	8	2	1	2	52.85695
1	1	16	2	2	52.97845
1	1	16	4	2	104.5685
2	4	2	1	2	52.1266
4	4	2	1	2	52.2486
2	2	16	2	2	103.832
2	8	1	1	2	52.01345
2	2	16	1	2	51.89245
2	2	16	4	2	206.9555
8	2	2	2	2	51.5962
1	8	1	1	2	51.1181
4	8	1	1	2	51.50095
2	2	16	8	2	406.5675
8	4	2	1	2	50.9786
8	8	1	1	2	51.52785
4	1	4	2	2	49.50905
8	1	4	2	2	49.3174
1	4	2	1	2	49.28045
1	2	16	2	2	97.23765
1	2	16	4	2	194.364
1	2	16	8	2	387.0015
8	1	32	1	2	48.27495
2	1	16	4	2	104.81355
1	2	16	1	2	48.5947
1	2	16	16	2	771.887
8	1	32	2	2	95.6269
1	16	2	1	2	47.24035
2	1	4	2	2	46.75025
4	1	32	1	2	46.8302
1	16	2	2	2	93.38395
8	2	4	1	2	46.70995
4	1	32	2	2	93.105
4	2	4	1	2	46.41475
4	1	32	4	2	184.368
1	1	4	2	2	45.99635
8	1	16	1	2	45.47695
4	1	32	8	2	362.8725
2	1	1	4	2	43.83065
2	2	4	1	2	43.8856
1	1	1	4	2	43.57315
4	1	1	4	2	43.5969
8	1	1	4	2	42.97595
4	1	16	1	2	42.67655
1	2	4	1	2	42.2118
2	2	1	2	2	41.53945
4	2	1	2	2	41.5237
8	2	1	2	2	41.0859
1	2	1	2	2	40.8514
2	1	16	1	2	41.1408
8	1	8	1	2	39.17945
1	1	16	1	2	39.24195
2	1	32	4	2	154.8565
2	1	32	2	2	77.1521
2	1	32	1	2	38.76235
2	1	32	8	2	307.058
4	1	8	1	2	38.07665
4	1	2	2	2	37.55385
8	1	2	2	2	37.24475
2	1	2	2	2	37.1552
1	1	32	1	2	37.18555
4	4	1	1	2	36.7916
1	1	32	2	2	73.80715
2	4	1	1	2	36.53715
8	4	1	1	2	36.48825
4	2	2	1	2	36.24025
8	2	2	1	2	36.06245
1	1	32	4	2	144.6725
1	1	32	8	2	288.768
1	1	32	16	2	575.992
2	2	2	1	2	35.6459
1	1	2	2	2	35.67435
1	4	1	1	2	35.41215
2	1	8	1	2	35.27895
1	1	8	1	2	34.27165
1	2	2	1	2	33.7232
8	1	4	1	2	31.1089
4	1	4	1	2	30.7216
2	1	4	1	2	29.14315
1	1	4	1	2	27.87185
4	1	1	2	2	21.9559
2	1	1	2	2	21.8981
8	1	1	2	2	21.8102
1	1	1	2	2	21.76075
4	2	1	1	2	20.915
8	2	1	1	2	20.87395
2	2	1	1	2	20.7549
1	2	1	1	2	20.42055
8	1	2	1	2	19.7311
4	1	2	1	2	19.7011
2	1	2	1	2	19.45865
1	1	2	1	2	18.73795
8	1	1	1	2	10.99295
4	1	1	1	2	10.97625
2	1	1	1	2	10.94515
1	1	1	1	2	10.87485
