4	1	1	32	2	297.739
2	1	1	32	2	290.4334
2	1	1	64	2	581.5118
1	1	1	32	2	276.2614
1	4	1	16	2	519.0214
4	1	1	64	2	602.2988
1	4	1	8	2	256.5928
2	4	1	8	2	257.5354
1	8	1	4	2	253.9732
2	4	1	16	2	523.1262
8	1	1	32	2	293.1744
1	4	1	32	2	1042.276
2	4	1	32	2	1078.552
1	8	1	8	2	502.5416
2	8	1	4	2	257.6198
1	1	1	64	2	558.9004
2	8	1	8	2	513.5114
1	8	1	16	2	1007.842
4	4	1	8	2	258.029
1	4	1	64	2	2112.42
4	4	1	16	2	524.405
1	16	1	4	2	500.095
2	8	1	16	2	1023.966
8	1	1	64	2	607.666
1	16	1	8	2	990.0204
1	8	1	32	2	2004.358
1	16	1	2	2	248.282
1	16	1	16	2	1975.906
4	8	1	4	2	255.4126
2	16	1	4	2	506.6784
4	4	1	32	2	1073.668
4	8	1	8	2	511.9162
2	4	1	64	2	2178.925
2	16	1	8	2	1013.466
8	4	1	8	2	255.2198
2	8	1	32	2	2050.634
2	16	1	2	2	252.2718
1	8	1	64	2	4014.08
4	8	1	16	2	1024.428
16	1	1	32	2	277.0674
2	16	1	16	2	2017.112
1	16	1	32	2	4001.294
8	4	1	16	2	513.585
1	32	1	2	2	457.1936
1	32	1	4	2	923.6802
1	32	1	8	2	1845.384
4	4	1	64	2	2209.6
4	16	1	4	2	505.4694
1	32	1	16	2	3686.184
8	8	1	4	2	253.0428
8	8	1	8	2	506.01
4	16	1	8	2	1010.806
4	8	1	32	2	2062.65
16	4	1	8	2	253.8402
2	16	1	32	2	4061.052
2	8	1	64	2	4100.47
4	16	1	2	2	253.8446
2	32	1	2	2	479.6606
2	32	1	8	2	1929.374
2	32	1	4	2	963.9018
8	4	1	32	2	1037.916
1	16	1	64	2	7901.95
4	16	1	16	2	2024.68
4	1	1	16	2	195.1074
8	8	1	16	2	1014.09
2	1	1	16	2	195.9344
16	4	1	16	2	514.0852
2	2	1	8	2	189.5176
1	1	1	16	2	191.5022
1	2	1	8	2	188.2848
4	2	1	8	2	191.5244
8	1	1	16	2	196.605
2	32	1	16	2	3859.016
2	2	1	16	2	375.7068
1	32	1	32	2	7377.53
4	2	1	16	2	381.3912
1	2	1	16	2	372.9094
8	2	1	8	2	192.672
2	2	1	32	2	756.133
2	4	1	4	2	184.8646
2	2	2	16	2	373.3428
2	2	2	8	2	187.561
1	4	1	4	2	183.3766
16	1	1	16	2	196.0882
4	4	1	4	2	186.8036
1	2	1	32	2	735.859
4	2	1	32	2	764.0712
4	2	2	8	2	186.6336
4	2	2	16	2	374.0445
8	2	1	16	2	384.935
2	2	2	32	2	739.769
2	2	1	64	2	1515.72
8	2	2	8	2	184.0638
1	2	1	64	2	1476.024
16	2	1	8	2	192.3526
8	4	1	4	2	187.4148
8	2	1	32	2	771.3256
16	2	1	16	2	386.6934
8	2	2	16	2	364.4045
4	2	1	64	2	1539.375
8	16	1	4	2	500.9976
2	4	2	4	2	169.863
16	8	1	4	2	251.7968
2	4	2	16	2	686.841
4	32	1	4	2	971.4652
2	4	2	8	2	339.4046
8	16	1	8	2	1003.256
4	32	1	8	2	1954.436
8	16	1	2	2	251.4244
16	8	1	8	2	503.7766
4	32	1	2	2	484.0258
4	4	2	4	2	171.5678
4	1	4	8	2	164.898
4	4	2	8	2	342.6885
8	1	4	8	2	165.8224
16	1	4	8	2	169.54
4	1	4	16	2	326.3354
8	1	4	16	2	330.9805
8	4	2	4	2	173.06
8	4	2	8	2	345.5355
16	4	1	4	2	187.6638
4	1	4	32	2	648.632
16	2	1	32	2	778.9306
8	2	1	64	2	1537.215
2	8	2	2	2	149.2324
4	1	2	8	2	145.9338
2	8	2	8	2	603.6885
8	1	2	8	2	147.0864
2	8	2	4	2	298.1482
4	1	2	16	2	291.6934
2	1	2	16	2	289.9642
2	1	2	8	2	144.298
8	1	2	16	2	293.873
4	1	2	32	2	584.0485
8	2	4	4	2	146.0656
16	1	2	8	2	147.037
8	2	4	8	2	291.3516
4	8	2	2	2	149.393
2	1	2	32	2	568.5182
4	8	2	4	2	298.9445
4	2	4	4	2	140.3568
4	2	4	8	2	280.7852
16	2	4	4	2	147.0568
2	1	2	64	2	1128.585
4	2	4	16	2	553.956
2	16	2	2	2	284.988
2	16	2	4	2	573.2125
8	8	2	2	2	154.4162
8	8	2	4	2	309.358
8	4	4	2	2	141.192
8	4	4	4	2	282.4304
8	4	4	8	2	565.384
4	4	4	2	2	132.4314
4	4	4	8	2	535.272
1	8	1	2	2	130.8368
4	4	4	4	2	265.3528
2	8	1	2	2	130.7618
8	32	1	4	2	978.5688
4	8	1	2	2	131.1598
16	16	1	4	2	499.3442
8	32	1	2	2	488.4302
16	4	4	2	2	139.697
4	16	2	2	2	275.786
2	1	4	8	2	123.6382
16	16	1	2	2	253.2098
2	1	4	16	2	245.1565
1	16	1	1	2	129.0938
1	32	1	1	2	228.9558
16	1	8	4	2	122.4626
8	1	8	4	2	120.1422
2	16	2	1	2	142.1604
8	1	8	8	2	239.2018
2	16	1	1	2	129.6174
8	8	1	2	2	131.3634
8	1	8	16	2	477.718
2	32	1	1	2	239.252
8	2	2	4	2	115.1152
4	16	2	1	2	138.5922
2	2	2	4	2	112.9782
4	16	1	1	2	130.9278
2	1	1	8	2	111.4722
1	1	1	8	2	111.2538
8	2	8	2	2	112.3538
8	2	8	4	2	225.7828
8	2	8	8	2	451.2215
4	2	2	4	2	110.8654
4	1	1	8	2	110.0212
1	1	2	16	2	219.292
1	1	4	8	2	110.184
8	1	1	8	2	110.0986
16	2	8	2	2	113.4206
1	1	2	32	2	437.278
2	2	4	4	2	109.0902
16	2	2	4	2	114.663
16	2	8	4	2	226.987
1	1	4	16	2	218.3544
2	2	1	4	2	108.2358
1	2	2	16	2	216.1315
2	4	2	2	2	108.3636
1	1	2	8	2	110.1818
1	2	2	8	2	109.821
1	1	4	32	2	429.7245
4	8	1	64	2	2083.04
4	2	1	4	2	107.3214
16	1	1	8	2	109.7314
8	8	1	32	2	1027.285
2	16	1	64	2	4128.35
8	4	2	2	2	110.8282
2	2	4	8	2	212.996
4	32	1	1	2	242.938
1	2	1	4	2	107.3562
8	4	1	64	2	1061.925
4	4	2	2	2	107.3172
8	2	1	4	2	107.8936
8	16	2	2	2	263.107
16	8	1	2	2	131.4508
8	16	1	16	2	1014.484
4	16	1	32	2	2026.92
2	4	4	2	2	105.1912
4	8	4	1	2	106.1342
16	8	1	16	2	506.2768
16	2	1	4	2	107.9532
8	8	4	1	2	111.404
2	4	4	8	2	412.608
4	8	4	2	2	212.2836
2	4	4	4	2	205.3396
4	32	1	16	2	1946.67
4	8	4	4	2	424.7608
8	8	4	2	2	223.3066
8	16	2	1	2	131.1394
4	1	4	4	2	101.5558
8	8	4	4	2	446.2745
8	16	1	1	2	131.3326
2	32	1	32	2	3859.825
8	1	4	4	2	100.76652
16	4	2	2	2	110.679
16	1	4	4	2	101.6834
1	2	4	4	2	99.6105
1	2	4	8	2	196.9868
1	32	1	64	2	7386.1
1	2	4	16	2	385.5265
4	1	8	4	2	95.91578
8	4	8	1	2	97.52644
4	1	8	8	2	188.5735
8	4	8	4	2	391.5664
1	4	4	2	2	94.79392
1	4	4	4	2	188.349
8	4	8	2	2	194.189
16	16	1	8	2	501.6276
2	4	1	2	2	93.87798
8	32	1	8	2	977.3846
1	4	4	8	2	371.106
16	8	4	1	2	110.4736
4	4	1	2	2	93.30456
1	4	1	2	2	92.24452
1	4	2	4	2	93.17654
16	4	8	1	2	98.105
8	32	1	1	2	243.2746
2	1	8	8	2	181.2794
4	2	4	2	2	91.09386
8	4	1	2	2	93.73148
2	1	8	16	2	362.5075
2	1	8	4	2	90.97056
8	2	4	2	2	91.27678
16	4	8	2	2	196.1422
2	8	2	1	2	91.15794
1	4	2	8	2	180.4475
2	2	8	2	2	89.83364
16	2	4	2	2	92.15392
1	2	2	4	2	90.54158
2	2	8	4	2	177.1722
4	2	8	2	2	88.51254
4	8	2	1	2	89.11348
2	1	4	4	2	87.15444
2	2	8	8	2	349.17
16	4	1	2	2	93.81436
4	2	8	4	2	171.942
8	8	2	1	2	91.2126
16	16	1	1	2	131.3414
1	1	8	8	2	169.0264
1	1	8	4	2	84.52714
1	1	8	16	2	336.4804
1	2	8	4	2	168.1354
16	32	1	2	2	488.8002
1	2	8	16	2	668.2935
1	2	8	2	2	83.53618
1	1	4	4	2	84.15848
2	1	2	4	2	83.01626
1	2	8	8	2	332.055
1	1	8	32	2	667.71
8	1	2	4	2	83.10756
16	1	16	2	2	83.49992
16	1	16	4	2	167.2064
4	1	2	4	2	82.51064
16	1	2	4	2	83.14328
4	4	4	1	2	81.70504
2	8	4	1	2	81.49546
8	4	4	1	2	81.71028
2	8	4	2	2	161.2638
2	8	4	4	2	323.6555
2	2	4	2	2	79.2495
16	4	4	1	2	83.45722
16	8	2	1	2	91.30016
1	4	2	2	2	78.75286
4	4	8	1	2	78.06518
4	4	8	2	2	153.536
1	2	4	2	2	75.80046
1	8	2	4	2	151.695
16	32	1	4	2	489.5012
1	8	2	2	2	76.67884
2	4	8	1	2	74.92034
2	4	8	2	2	148.8104
16	2	16	1	2	75.4631
1	8	4	2	2	148.5718
1	8	4	1	2	74.43684
1	4	8	2	2	148.193
16	2	16	2	2	151.0724
1	4	8	1	2	74.01386
1	4	8	4	2	294.9946
1	8	4	4	2	293.666
2	4	8	4	2	293.388
1	4	8	8	2	580.264
2	4	4	1	2	72.63972
16	32	1	1	2	243.7498
4	1	16	2	2	71.97574
8	1	8	2	2	71.8422
16	1	8	2	2	71.68434
1	1	2	4	2	71.39158
4	1	16	4	2	141.6708
4	1	16	8	2	277.7945
8	1	16	2	2	69.49408
1	4	4	1	2	67.86056
8	1	16	4	2	134.1845
8	2	8	1	2	67.02802
2	8	1	1	2	66.42556
2	1	16	4	2	131.9602
2	1	16	2	2	66.0471
16	2	8	1	2	66.54314
1	8	1	1	2	65.82396
2	1	16	8	2	261.1112
4	2	16	1	2	65.74906
2	1	16	16	2	522.0955
1	1	16	4	2	130.6456
1	1	16	16	2	521.465
4	2	16	2	2	130.2382
4	8	1	1	2	65.6325
4	1	8	2	2	64.74008
1	1	16	8	2	259.4622
1	1	16	2	2	64.76296
4	2	16	4	2	256.9685
2	2	2	2	2	63.34946
8	8	1	1	2	65.70126
2	1	8	2	2	62.48352
2	4	2	1	2	62.41622
4	2	2	2	2	62.1733
8	2	16	1	2	61.8621
4	4	2	1	2	61.66502
8	2	2	2	2	61.34612
1	8	2	1	2	61.26198
8	2	16	2	2	121.3034
16	2	2	2	2	61.3347
8	4	2	1	2	60.61514
1	2	2	2	2	59.50956
1	2	16	2	2	119.0616
1	2	16	4	2	237.3258
16	8	1	1	2	65.78318
1	2	16	1	2	59.59596
1	2	16	8	2	471.0758
2	2	16	2	2	117.5004
1	2	16	16	2	941.256
1	1	8	2	2	58.39312
2	2	16	1	2	58.55964
2	2	16	4	2	233.5038
2	2	8	1	2	58.46758
16	4	2	1	2	60.66252
4	2	8	1	2	58.17858
2	1	1	4	2	57.8059
4	1	1	4	2	57.46736
1	1	1	4	2	57.38892
2	2	16	8	2	459.5645
8	1	1	4	2	56.65306
16	1	1	4	2	56.6639
1	2	8	1	2	56.24686
2	2	1	2	2	54.53194
1	4	2	1	2	54.69844
4	2	1	2	2	54.47058
1	16	2	1	2	54.97256
4	1	4	2	2	53.94758
1	16	2	2	2	108.192
8	16	1	32	2	1022.725
8	1	4	2	2	53.75016
8	2	1	2	2	53.93722
1	2	1	2	2	53.65522
16	2	1	2	2	53.99316
8	1	32	1	2	53.14968
16	1	4	2	2	53.00498
8	32	1	16	2	977.082
8	1	32	2	2	105.5012
2	1	32	2	2	105.7992
2	1	32	4	2	211.2994
2	1	32	1	2	52.96774
2	1	32	8	2	419.0246
8	1	32	4	2	207.6545
8	2	4	1	2	51.54494
1	1	4	2	2	51.08106
4	2	4	1	2	51.1323
1	1	32	1	2	51.33496
1	1	32	2	2	102.225
16	2	4	1	2	50.91516
1	1	32	16	2	812.157
1	1	32	8	2	406.312
1	1	32	4	2	203.1728
2	1	4	2	2	50.15882
16	1	16	1	2	47.56896
2	4	1	1	2	47.35138
4	4	1	1	2	47.43276
2	2	4	1	2	46.97136
8	4	1	1	2	46.91212
1	2	4	1	2	46.1359
1	4	1	1	2	46.0731
4	1	32	2	2	91.34012
4	1	32	1	2	45.69538
16	4	1	1	2	46.98802
4	1	32	4	2	180.812
16	1	32	1	2	45.29818
4	1	32	8	2	356.4595
4	1	2	2	2	43.94014
2	1	2	2	2	43.86946
8	1	2	2	2	43.772
16	1	2	2	2	43.1802
4	1	16	1	2	43.11778
4	2	2	1	2	42.21804
8	2	2	1	2	42.01588
2	2	2	1	2	41.78598
8	1	16	1	2	41.42422
16	2	2	1	2	41.57318
2	1	16	1	2	41.07974
1	1	16	1	2	40.21656
1	1	2	2	2	39.69826
8	1	8	1	2	39.26966
16	1	8	1	2	38.96856
1	2	2	1	2	37.08452
4	1	8	1	2	35.864
2	1	8	1	2	35.6152
1	1	8	1	2	34.17972
8	1	4	1	2	32.86242
16	1	4	1	2	32.78138
4	1	4	1	2	32.60472
2	1	4	1	2	30.24418
1	1	4	1	2	29.36988
4	1	1	2	2	28.95214
2	1	1	2	2	28.87598
8	1	1	2	2	28.76806
1	1	1	2	2	28.6668
16	1	1	2	2	28.32104
4	2	1	1	2	27.44636
8	2	1	1	2	27.37668
2	2	1	1	2	27.27304
16	2	1	1	2	27.02166
1	2	1	1	2	26.82724
8	1	2	1	2	23.27904
16	1	2	1	2	23.16002
4	1	2	1	2	23.09856
2	1	2	1	2	22.98708
1	1	2	1	2	20.829
8	1	1	1	2	14.49542
4	1	1	1	2	14.46814
2	1	1	1	2	14.43236
16	1	1	1	2	14.38688
1	1	1	1	2	14.32512
