4	1	1	32	2	260.489
2	1	1	32	2	258.6504
2	1	1	64	2	255.7904
1	1	1	32	2	252.0842
1	4	1	16	2	249.5572
4	1	1	64	2	249.4242
1	4	1	8	2	248.5618
2	4	1	8	2	247.7736
1	8	1	4	2	247.1826
2	4	1	16	2	246.1148
8	1	1	32	2	245.269
1	4	1	32	2	243.7768
2	4	1	32	2	242.8742
1	8	1	8	2	242.5528
2	8	1	4	2	241.948
1	1	1	64	2	239.7354
2	8	1	8	2	239.4682
1	8	1	16	2	238.8888
4	4	1	8	2	238.293
1	4	1	64	2	236.3134
4	4	1	16	2	235.7178
1	16	1	4	2	235.5946
2	8	1	16	2	233.2956
8	1	1	64	2	232.5395
1	16	1	8	2	232.442
1	8	1	32	2	229.801
1	16	1	2	2	227.483
1	16	1	16	2	226.806
4	8	1	4	2	225.6256
2	16	1	4	2	225.424
4	4	1	32	2	225.1096
4	8	1	8	2	224.2342
2	4	1	64	2	223.8795
2	16	1	8	2	222.5484
8	4	1	8	2	221.6344
2	8	1	32	2	220.0684
2	16	1	2	2	219.2716
1	8	1	64	2	217.4626
4	8	1	16	2	216.9524
16	1	1	32	2	216.5418
2	16	1	16	2	216.5276
1	16	1	32	2	216.1394
8	4	1	16	2	214.7288
1	32	1	2	2	209.3696
1	32	1	4	2	208.8702
1	32	1	8	2	206.4864
4	4	1	64	2	201.928
4	16	1	4	2	201.0504
1	32	1	16	2	200.4728
8	8	1	4	2	199.134
8	8	1	8	2	198.8108
4	16	1	8	2	198.1696
4	8	1	32	2	197.8316
16	4	1	8	2	197.6594
2	16	1	32	2	196.5296
2	8	1	64	2	196.482
4	16	1	2	2	196.4198
2	32	1	2	2	195.847
2	32	1	8	2	195.6254
2	32	1	4	2	195.4966
8	4	1	32	2	195.1802
1	16	1	64	2	192.9985
4	16	1	16	2	190.7896
4	1	1	16	2	189.0496
8	8	1	16	2	189.0154
2	1	1	16	2	188.7782
16	4	1	16	2	187.615
2	2	1	8	2	187.0458
1	1	1	16	2	186.3152
1	2	1	8	2	186.106
4	2	1	8	2	185.867
8	1	1	16	2	185.6468
2	32	1	16	2	184.3364
2	2	1	16	2	183.902
1	32	1	32	2	183.6952
4	2	1	16	2	183.3498
1	2	1	16	2	183.277
8	2	1	8	2	182.885
2	2	1	32	2	181.9058
2	4	1	4	2	181.7628
2	2	2	16	2	181.6522
2	2	2	8	2	181.104
1	4	1	4	2	180.9662
16	1	1	16	2	179.6332
4	4	1	4	2	179.4378
1	2	1	32	2	179.2778
4	2	1	32	2	179.0022
4	2	2	8	2	178.8378
4	2	2	16	2	178.5455
8	2	1	16	2	178.3874
2	2	2	32	2	176.943
2	2	1	64	2	176.5874
8	2	2	8	2	173.8974
1	2	1	64	2	173.8852
16	2	1	8	2	173.8168
8	4	1	4	2	172.0762
8	2	1	32	2	171.5816
16	2	1	16	2	170.1962
8	2	2	16	2	169.551
4	2	1	64	2	169.287
8	16	1	4	2	167.2792
2	4	2	4	2	165.9526
16	8	1	4	2	165.7394
2	4	2	16	2	165.551
4	32	1	4	2	165.471
2	4	2	8	2	165.3068
8	16	1	8	2	165.2694
4	32	1	8	2	164.5698
8	16	1	2	2	164.1102
16	8	1	8	2	164.1042
4	32	1	2	2	163.8146
4	4	2	4	2	163.376
4	1	4	8	2	162.9632
4	4	2	8	2	162.6135
8	1	4	8	2	161.7762
16	1	4	8	2	160.911
4	1	4	16	2	160.2756
8	1	4	16	2	159.716
8	4	2	4	2	159.1982
8	4	2	8	2	158.3305
16	4	1	4	2	157.2166
4	1	4	32	2	157.026
16	2	1	32	2	157.0198
8	2	1	64	2	153.66
2	8	2	2	2	144.9338
4	1	2	8	2	144.5608
2	8	2	8	2	144.4745
8	1	2	8	2	144.0702
2	8	2	4	2	144.0044
4	1	2	16	2	143.5306
2	1	2	16	2	143.1214
2	1	2	8	2	142.8862
8	1	2	16	2	142.6324
4	1	2	32	2	141.2985
8	2	4	4	2	141.0248
16	1	2	8	2	140.8194
8	2	4	8	2	140.0948
4	8	2	2	2	139.7078
2	1	2	32	2	139.2912
4	8	2	4	2	138.46
4	2	4	4	2	138.354
4	2	4	8	2	137.8468
16	2	4	4	2	136.25
2	1	2	64	2	135.9395
4	2	4	16	2	134.973
2	16	2	2	2	134.7024
2	16	2	4	2	134.4245
8	8	2	2	2	134.4138
8	8	2	4	2	133.622
8	4	4	2	2	133.2156
8	4	4	4	2	132.2498
8	4	4	8	2	131.5315
4	4	4	2	2	129.6866
4	4	4	8	2	129.54
1	8	1	2	2	129.1958
4	4	4	4	2	129.0586
2	8	1	2	2	128.0396
8	32	1	4	2	124.5454
4	8	1	2	2	124.4118
16	16	1	4	2	124.0702
8	32	1	2	2	123.854
16	4	4	2	2	123.184
4	16	2	2	2	122.6405
2	1	4	8	2	122.3298
16	16	1	2	2	121.4416
2	1	4	16	2	121.393
1	16	1	1	2	121.3532
1	32	1	1	2	120.166
16	1	8	4	2	118.7938
8	1	8	4	2	118.7414
2	16	2	1	2	118.5672
8	1	8	8	2	117.8072
2	16	1	1	2	117.7386
8	8	1	2	2	116.8968
8	1	8	16	2	116.878
2	32	1	1	2	113.7144
8	2	2	4	2	112.0448
4	16	2	1	2	111.6688
2	2	2	4	2	111.467
4	16	1	1	2	110.8466
2	1	1	8	2	110.7768
1	1	1	8	2	110.668
8	2	8	2	2	110.3528
8	2	8	4	2	110.1986
8	2	8	8	2	109.751
4	2	2	4	2	109.6824
4	1	1	8	2	109.167
1	1	2	16	2	108.9536
1	1	4	8	2	108.4688
8	1	1	8	2	108.3778
16	2	8	2	2	108.3624
1	1	2	32	2	108.2855
2	2	4	4	2	108.2436
16	2	2	4	2	108.1264
16	2	8	4	2	107.6422
1	1	4	16	2	107.5086
2	2	1	4	2	107.444
1	2	2	16	2	107.121
2	4	2	2	2	107.0588
1	1	2	8	2	106.9424
1	2	2	8	2	106.528
1	1	4	32	2	106.438
4	8	1	64	2	106.307
4	2	1	4	2	106.2474
16	1	1	8	2	106.1964
8	8	1	32	2	106.171
2	16	1	64	2	105.9575
8	4	2	2	2	105.8722
2	2	4	8	2	105.8126
4	32	1	1	2	105.573
1	2	1	4	2	105.5448
8	4	1	64	2	105.4765
4	4	2	2	2	105.4116
8	2	1	4	2	105.1904
8	16	2	2	2	104.914
16	8	1	2	2	104.2724
8	16	1	16	2	104.0038
4	16	1	32	2	103.8665
2	4	4	2	2	103.8058
4	8	4	1	2	102.7718
16	8	1	16	2	102.6134
16	2	1	4	2	102.45
8	8	4	1	2	102.1896
2	4	4	8	2	101.769
4	8	4	2	2	101.747
2	4	4	4	2	101.5044
4	32	1	16	2	101.27958
4	8	4	4	2	101.2268
8	8	4	2	2	101.185
8	16	2	1	2	100.95422
4	1	4	4	2	100.93014
8	8	4	4	2	100.803
8	16	1	1	2	100.23084
2	32	1	32	2	99.9246
8	1	4	4	2	99.83864
16	4	2	2	2	99.63114
16	1	4	4	2	99.353
1	2	4	4	2	98.50616
1	2	4	8	2	97.94368
1	32	1	64	2	97.75065
1	2	4	16	2	95.7051
4	1	8	4	2	95.14224
8	4	8	1	2	94.3176
4	1	8	8	2	93.76605
8	4	8	4	2	93.65722
1	4	4	2	2	93.5994
1	4	4	4	2	93.5502
8	4	8	2	2	93.43734
16	16	1	8	2	93.03936
2	4	1	2	2	92.9813
8	32	1	8	2	92.54758
1	4	4	8	2	92.22355
16	8	4	1	2	92.05964
4	4	1	2	2	91.90746
1	4	1	2	2	91.54898
1	4	2	4	2	90.86166
16	4	8	1	2	90.81292
8	32	1	1	2	90.66844
2	1	8	8	2	90.26894
4	2	4	2	2	90.26612
8	4	1	2	2	90.19746
2	1	8	16	2	90.0949
2	1	8	4	2	90.09034
8	2	4	2	2	89.9573
16	4	8	2	2	89.84214
2	8	2	1	2	89.57554
1	4	2	8	2	89.55355
2	2	8	2	2	89.09912
16	2	4	2	2	88.70398
1	2	2	4	2	88.35404
2	2	8	4	2	88.06044
4	2	8	2	2	87.64584
4	8	2	1	2	86.75716
2	1	4	4	2	86.43342
2	2	8	8	2	86.43275
16	4	1	2	2	86.2766
4	2	8	4	2	85.29695
8	8	2	1	2	85.01272
16	16	1	1	2	84.39702
1	1	8	8	2	84.20452
1	1	8	4	2	84.0831
1	1	8	16	2	83.739
1	2	8	4	2	83.57966
16	32	1	2	2	83.05728
1	2	8	16	2	82.9804
1	2	8	2	2	82.80738
1	1	4	4	2	82.71724
2	1	2	4	2	82.62744
1	2	8	8	2	82.56784
1	1	8	32	2	82.4935
8	1	2	4	2	82.36702
16	1	16	2	2	82.31216
16	1	16	4	2	82.12844
4	1	2	4	2	81.99404
16	1	2	4	2	81.40388
4	4	4	1	2	80.42586
2	8	4	1	2	80.15836
8	4	4	1	2	79.689
2	8	4	2	2	79.57408
2	8	4	4	2	79.47095
2	2	4	2	2	78.7354
16	4	4	1	2	78.16712
16	8	2	1	2	78.13286
1	4	2	2	2	77.43524
4	4	8	1	2	76.81152
4	4	8	2	2	75.81815
1	2	4	2	2	75.37588
1	8	2	4	2	75.07365
16	32	1	4	2	74.9793
1	8	2	2	2	74.84494
2	4	8	1	2	73.89194
2	4	8	2	2	73.75552
16	2	16	1	2	73.67226
1	8	4	2	2	73.63202
1	8	4	1	2	73.49862
1	4	8	2	2	73.43808
16	2	16	2	2	73.2816
1	4	8	1	2	73.21488
1	4	8	4	2	73.14104
1	8	4	4	2	72.82685
2	4	8	4	2	72.75345
1	4	8	8	2	71.94675
2	4	4	1	2	71.88192
16	32	1	1	2	71.82954
4	1	16	2	2	71.49048
8	1	8	2	2	71.31094
16	1	8	2	2	70.85732
1	1	2	4	2	70.68832
4	1	16	4	2	70.48816
4	1	16	8	2	69.1283
8	1	16	2	2	68.96044
1	4	4	1	2	67.30794
8	1	16	4	2	66.68785
8	2	8	1	2	66.1264
2	8	1	1	2	65.58172
2	1	16	4	2	65.56284
2	1	16	2	2	65.54334
16	2	8	1	2	65.15736
1	8	1	1	2	65.0211
2	1	16	8	2	64.98064
4	2	16	1	2	64.95704
2	1	16	16	2	64.91155
1	1	16	4	2	64.88096
1	1	16	16	2	64.73116
4	2	16	2	2	64.60272
4	8	1	1	2	64.33988
4	1	8	2	2	64.28754
1	1	16	8	2	64.00324
1	1	16	2	2	63.87016
4	2	16	4	2	63.7798
2	2	2	2	2	63.03676
8	8	1	1	2	62.41696
2	1	8	2	2	62.1927
2	4	2	1	2	61.8213
4	2	2	2	2	61.80424
8	2	16	1	2	61.05808
4	4	2	1	2	60.93792
8	2	2	2	2	60.76588
1	8	2	1	2	60.59288
8	2	16	2	2	60.03888
16	2	2	2	2	59.78764
8	4	2	1	2	59.5129
1	2	2	2	2	59.1933
1	2	16	2	2	58.87486
1	2	16	4	2	58.746
16	8	1	1	2	58.74012
1	2	16	1	2	58.69952
1	2	16	8	2	58.3107
2	2	16	2	2	58.29646
1	2	16	16	2	58.2139
1	1	8	2	2	58.0228
2	2	16	1	2	58.00964
2	2	16	4	2	57.9672
2	2	8	1	2	57.908
16	4	2	1	2	57.85288
4	2	8	1	2	57.58708
2	1	1	4	2	57.4042
4	1	1	4	2	57.20604
1	1	1	4	2	57.19136
2	2	16	8	2	57.08215
8	1	1	4	2	56.32518
16	1	1	4	2	55.87372
1	2	8	1	2	55.7383
2	2	1	2	2	54.2858
1	4	2	1	2	54.28514
4	2	1	2	2	54.1753
1	16	2	1	2	53.96054
4	1	4	2	2	53.71568
1	16	2	2	2	53.6072
8	16	1	32	2	53.5118
8	1	4	2	2	53.4641
8	2	1	2	2	53.42736
1	2	1	2	2	53.40304
16	2	1	2	2	52.76536
8	1	32	1	2	52.67638
16	1	4	2	2	52.56236
8	32	1	16	2	52.50575
8	1	32	2	2	52.4098
2	1	32	2	2	52.40132
2	1	32	4	2	52.32482
2	1	32	1	2	52.18744
2	1	32	8	2	51.89778
8	1	32	4	2	51.59775
8	2	4	1	2	51.03818
1	1	4	2	2	50.81198
4	2	4	1	2	50.76094
1	1	32	1	2	50.28388
1	1	32	2	2	50.24542
16	2	4	1	2	50.1149
1	1	32	16	2	50.02155
1	1	32	8	2	50.02068
1	1	32	4	2	50.007
2	1	4	2	2	49.99064
16	1	16	1	2	47.115
2	4	1	1	2	47.05228
4	4	1	1	2	46.9795
2	2	4	1	2	46.7475
8	4	1	1	2	46.2562
1	2	4	1	2	45.90274
1	4	1	1	2	45.8837
4	1	32	2	2	45.38198
4	1	32	1	2	45.36308
16	4	1	1	2	45.24414
4	1	32	4	2	44.94556
16	1	32	1	2	44.87982
4	1	32	8	2	44.32945
4	1	2	2	2	43.78582
2	1	2	2	2	43.60752
8	1	2	2	2	43.57862
16	1	2	2	2	42.88194
4	1	16	1	2	42.83596
4	2	2	1	2	41.97366
8	2	2	1	2	41.68486
2	2	2	1	2	41.60674
8	1	16	1	2	41.1198
16	2	2	1	2	41.04858
2	1	16	1	2	40.76488
1	1	16	1	2	39.76396
1	1	2	2	2	39.46438
8	1	8	1	2	39.0537
16	1	8	1	2	38.63642
1	2	2	1	2	36.933
4	1	8	1	2	35.73364
2	1	8	1	2	35.47542
1	1	8	1	2	33.79212
8	1	4	1	2	32.6889
16	1	4	1	2	32.57628
4	1	4	1	2	32.40404
2	1	4	1	2	30.15594
1	1	4	1	2	29.21948
4	1	1	2	2	28.8319
2	1	1	2	2	28.81584
8	1	1	2	2	28.6703
1	1	1	2	2	28.60072
16	1	1	2	2	28.17586
4	2	1	1	2	27.34262
8	2	1	1	2	27.23526
2	2	1	1	2	27.14448
16	2	1	1	2	26.79306
1	2	1	1	2	26.7574
8	1	2	1	2	23.20412
16	1	2	1	2	23.04828
4	1	2	1	2	23.04572
2	1	2	1	2	22.9251
1	1	2	1	2	20.73356
8	1	1	1	2	14.4664
4	1	1	1	2	14.44234
2	1	1	1	2	14.4115
16	1	1	1	2	14.3466
1	1	1	1	2	14.29374
