1,1,1,1,55.66045
1,1,1,2,111.126
1,1,1,4,221.89800000000002
1,1,1,8,398.23400000000004
1,1,1,16,561.635
1,1,1,32,547.727
1,1,1,64,478.63
1,1,2,1,86.62665
1,1,2,2,159.9255
1,1,2,4,250.551
1,1,2,8,291.248
1,1,2,16,283.06399999999996
1,1,2,32,287.91700000000003
1,1,4,1,136.447
1,1,4,2,229.0005
1,1,4,4,292.549
1,1,4,8,247.585
1,1,4,16,207.90800000000002
1,1,4,32,204.7605
1,1,8,1,177.0285
1,1,8,2,242.63150000000002
1,1,8,4,223.023
1,1,8,8,219.673
1,1,8,16,219.57350000000002
1,1,8,32,212.176
1,1,16,1,170.336
1,1,16,2,204.2145
1,1,16,4,202.7575
1,1,16,8,203.0935
1,1,16,16,203.25650000000002
1,1,16,32,204.8275
1,1,32,1,176.975
1,1,32,2,187.3795
1,1,32,4,187.42700000000002
1,1,32,8,186.868
1,1,32,16,186.80349999999999
1,1,32,32,185.1285
1,2,1,1,101.0235
1,2,1,2,198.7725
1,2,1,4,397.834
1,2,1,8,627.1205
1,2,1,16,571.107
1,2,1,32,549.395
1,2,1,64,532.2570000000001
1,2,2,1,149.097
1,2,2,2,238.9055
1,2,2,4,275.376
1,2,2,8,278.91949999999997
1,2,2,16,263.0295
1,2,2,32,274.9445
1,2,4,1,191.9135
1,2,4,2,266.90549999999996
1,2,4,4,227.75900000000001
1,2,4,8,175.46249999999998
1,2,4,16,163.719
1,2,4,32,171.826
1,2,8,1,235.1855
1,2,8,2,249.6125
1,2,8,4,242.564
1,2,8,8,240.3375
1,2,8,16,248.4025
1,2,8,32,237.981
1,2,16,1,210.501
1,2,16,2,224.7705
1,2,16,4,221.50900000000001
1,2,16,8,220.799
1,2,16,16,220.9905
1,4,1,1,145.4205
1,4,1,2,289.298
1,4,1,4,566.021
1,4,1,8,781.0435
1,4,1,16,710.372
1,4,1,32,647.8565000000001
1,4,1,64,612.2355
1,4,2,1,202.933
1,4,2,2,235.05349999999999
1,4,2,4,246.6695
1,4,2,8,239.52949999999998
1,4,2,16,237.38150000000002
1,4,4,1,216.8505
1,4,4,2,191.471
1,4,4,4,194.861
1,4,4,8,163.04749999999999
1,4,4,16,183.836
1,4,8,1,253.56
1,4,8,2,270.073
1,4,8,4,265.0525
1,4,8,8,263.95050000000003
1,4,8,16,263.323
1,8,1,1,209.017
1,8,1,2,380.0265
1,8,1,4,708.8399999999999
1,8,1,8,681.696
1,8,1,16,673.4155000000001
1,8,1,32,651.991
1,8,2,1,191.1205
1,8,2,2,181.67000000000002
1,8,2,4,194.5075
1,8,2,8,193.24849999999998
1,8,4,1,131.976
1,8,4,2,134.3365
1,8,4,4,139.16199999999998
1,8,4,8,141.7465
1,8,4,16,138.6145
1,16,1,1,242.131
1,16,1,2,428.705
1,16,1,4,573.461
1,16,1,8,594.755
1,16,1,16,599.0795
1,16,1,32,484.64300000000003
1,16,2,1,167.3675
1,16,2,2,167.2865
1,16,2,4,167.644
1,32,1,1,242.249
1,32,1,2,410.0425
1,32,1,4,503.206
1,32,1,8,502.007
1,32,1,16,419.3035
1,32,1,32,303.0335
2,1,1,1,60.3848
2,1,1,2,120.3125
2,1,1,4,239.85649999999998
2,1,1,8,441.5905
2,1,1,16,658.2760000000001
2,1,1,32,681.4615
2,1,1,64,613.598
2,1,2,1,94.86815
2,1,2,2,176.6155
2,1,2,4,270.803
2,1,2,8,303.575
2,1,2,16,292.183
2,1,2,32,292.09900000000005
2,1,4,1,153.61200000000002
2,1,4,2,228.183
2,1,4,4,296.2185
2,1,4,8,286.87249999999995
2,1,4,16,270.978
2,1,4,32,268.75
2,1,8,1,194.19850000000002
2,1,8,2,270.101
2,1,8,4,255.2265
2,1,8,8,228.35
2,1,8,16,220.72199999999998
2,1,8,32,229.34050000000002
2,1,16,1,197.261
2,1,16,2,239.4885
2,1,16,4,243.4495
2,1,16,8,244.9295
2,1,16,16,237.504
2,1,32,1,183.686
2,1,32,2,193.962
2,1,32,4,195.4345
2,1,32,8,194.9025
2,1,32,16,194.77800000000002
2,2,1,1,109.35
2,2,1,2,216.81150000000002
2,2,1,4,431.50649999999996
2,2,1,8,669.531
2,2,1,16,634.9649999999999
2,2,1,32,625.066
2,2,1,64,586.171
2,2,2,1,165.66500000000002
2,2,2,2,266.9565
2,2,2,4,273.6185
2,2,2,8,276.4475
2,2,2,16,267.871
2,2,4,1,209.897
2,2,4,2,280.797
2,2,4,4,284.305
2,2,4,8,246.65
2,2,4,16,249.7185
2,2,8,1,240.6155
2,2,8,2,262.35900000000004
2,2,8,4,256.557
2,2,8,8,259.014
2,2,8,16,248.2995
2,2,16,1,217.656
2,2,16,2,235.833
2,2,16,4,234.5315
2,2,16,8,234.71699999999998
2,2,16,16,234.209
2,4,1,1,163.723
2,4,1,2,320.47450000000003
2,4,1,4,626.16
2,4,1,8,782.2605
2,4,1,16,769.807
2,4,1,32,707.806
2,4,1,64,541.204
2,4,2,1,224.86649999999997
2,4,2,2,245.017
2,4,2,4,224.7455
2,4,2,8,230.5075
2,4,4,1,242.5685
2,4,4,2,260.511
2,4,4,4,255.878
2,4,4,8,239.16699999999997
2,4,4,16,229.4125
2,4,8,1,240.471
2,4,8,2,246.074
2,4,8,4,247.692
2,4,8,8,247.42149999999998
2,8,1,1,213.08249999999998
2,8,1,2,383.431
2,8,1,4,695.2909999999999
2,8,1,8,760.4449999999999
2,8,1,16,749.402
2,8,1,32,590.827
2,8,2,1,190.8285
2,8,2,2,175.1725
2,8,2,4,192.99099999999999
2,8,4,1,184.2205
2,8,4,2,184.9475
2,8,4,4,181.81349999999998
2,8,4,8,180.687
2,16,1,1,235.373
2,16,1,2,395.6305
2,16,1,4,642.573
2,16,1,8,686.234
2,16,1,16,560.2570000000001
2,16,1,32,407.55449999999996
2,16,2,1,162.07600000000002
2,16,2,2,162.986
2,32,1,1,176.15
2,32,1,2,381.34000000000003
2,32,1,4,559.2529999999999
2,32,1,8,489.40250000000003
2,32,1,16,371.207
2,32,1,32,367.4545
4,1,1,1,63.57625
4,1,1,2,126.927
4,1,1,4,252.517
4,1,1,8,471.423
4,1,1,16,730.7764999999999
4,1,1,32,750.316
4,1,1,64,681.624
4,1,2,1,103.89500000000001
4,1,2,2,194.4515
4,1,2,4,291.57349999999997
4,1,2,8,324.11850000000004
4,1,2,16,316.025
4,1,4,1,167.75850000000003
4,1,4,2,238.61599999999999
4,1,4,4,325.938
4,1,4,8,351.704
4,1,4,16,347.26300000000003
4,1,8,1,215.0205
4,1,8,2,296.856
4,1,8,4,306.5855
4,1,8,8,301.46450000000004
4,1,8,16,287.3075
4,1,16,1,248.81799999999998
4,1,16,2,276.351
4,1,16,4,279.5905
4,1,16,8,272.4145
4,1,16,16,271.0965
4,1,32,1,211.857
4,1,32,2,220.30149999999998
4,1,32,4,220.4545
4,1,32,8,219.8255
4,2,1,1,117.3595
4,2,1,2,232.1225
4,2,1,4,456.8835
4,2,1,8,706.604
4,2,1,16,691.8534999999999
4,2,1,32,664.1320000000001
4,2,1,64,500.43399999999997
4,2,2,1,180.477
4,2,2,2,283.7085
4,2,2,4,286.259
4,2,2,8,290.8085
4,2,4,1,201.053
4,2,4,2,299.52700000000004
4,2,4,4,321.23850000000004
4,2,4,8,335.966
4,2,4,16,311.5165
4,2,8,1,240.0475
4,2,8,2,299.0905
4,2,8,4,292.23249999999996
4,2,8,8,276.3375
4,2,8,16,271.476
4,2,16,1,234.678
4,2,16,2,279.5495
4,2,16,4,271.321
4,2,16,8,272.94000000000005
4,2,16,16,273.1035
4,4,1,1,176.1455
4,4,1,2,342.6645
4,4,1,4,641.076
4,4,1,8,857.5745
4,4,1,16,791.2845
4,4,1,32,649.5675
4,4,2,1,235.142
4,4,2,2,252.3085
4,4,2,4,230.84
4,4,4,1,239.28300000000002
4,4,4,2,308.74699999999996
4,4,4,4,302.7495
4,4,4,8,239.965
4,4,8,1,235.615
4,4,8,2,288.728
4,4,8,4,285.961
4,4,8,8,286.298
4,8,1,1,210.1295
4,8,1,2,401.84849999999994
4,8,1,4,668.374
4,8,1,8,770.0405000000001
4,8,1,16,629.2819999999999
4,8,1,32,467.6755
4,8,2,1,196.101
4,8,2,2,173.971
4,8,4,1,213.687
4,8,4,2,232.98950000000002
4,8,4,4,228.7145
4,16,1,1,164.053
4,16,1,2,374.74
4,16,1,4,616.0335
4,16,1,8,600.698
4,16,1,16,446.043
4,16,1,32,435.1575
4,16,2,1,162.17849999999999
4,32,1,1,222.9105
4,32,1,2,364.72299999999996
4,32,1,4,471.29499999999996
4,32,1,8,397.6335
4,32,1,16,406.90250000000003
8,1,1,1,65.2123
8,1,1,2,129.8675
8,1,1,4,257.097
8,1,1,8,482.9135
8,1,1,16,750.1895
8,1,1,32,809.1865
8,1,1,64,595.241
8,1,2,1,109.64150000000001
8,1,2,2,197.8825
8,1,2,4,300.48900000000003
8,1,2,8,335.4145
8,1,4,1,183.718
8,1,4,2,268.97950000000003
8,1,4,4,371.5395
8,1,4,8,401.836
8,1,4,16,379.25149999999996
8,1,8,1,214.4005
8,1,8,2,320.8945
8,1,8,4,435.435
8,1,8,8,436.11199999999997
8,1,8,16,418.946
8,1,8,32,415.2175
8,1,16,1,228.37849999999997
8,1,16,2,317.7485
8,1,16,4,314.62249999999995
8,1,16,8,313.7835
8,1,32,1,232.968
8,1,32,2,265.63
8,1,32,4,264.04549999999995
8,1,32,8,264.36850000000004
8,2,1,1,121.2435
8,2,1,2,239.71699999999998
8,2,1,4,469.9785
8,2,1,8,742.973
8,2,1,16,701.8634999999999
8,2,1,32,579.579
8,2,1,64,382.04200000000003
8,2,2,1,188.29899999999998
8,2,2,2,292.5425
8,2,2,4,290.557
8,2,4,1,233.562
8,2,4,2,323.567
8,2,4,4,359.038
8,2,4,8,335.998
8,2,8,1,237.253
8,2,8,2,396.836
8,2,8,4,489.164
8,2,8,8,460.2585
8,2,8,16,488.377
8,2,16,1,217.9545
8,2,16,2,285.778
8,2,16,4,279.7155
8,2,16,8,281.87149999999997
8,4,1,1,180.0385
8,4,1,2,345.7845
8,4,1,4,619.9955
8,4,1,8,810.2439999999999
8,4,1,16,674.8505
8,4,1,32,485.34299999999996
8,4,2,1,216.4175
8,4,2,2,252.5765
8,4,4,1,223.2175
8,4,4,2,307.504
8,4,4,4,304.9445
8,4,8,1,230.8365
8,4,8,2,416.631
8,4,8,4,483.84349999999995
8,4,8,8,480.2605
8,4,8,16,396.2045
8,8,1,1,194.3475
8,8,1,2,363.876
8,8,1,4,585.5364999999999
8,8,1,8,619.2449999999999
8,8,1,16,456.0525
8,8,1,32,464.90099999999995
8,8,2,1,172.67849999999999
8,8,4,1,216.2735
8,8,4,2,250.571
8,16,1,1,202.44299999999998
8,16,1,2,349.2315
8,16,1,4,504.36800000000005
8,16,1,8,432.369
8,16,1,16,450.42949999999996
8,32,1,1,207.8795
8,32,1,2,309.0765
8,32,1,4,340.60699999999997
8,32,1,8,386.049
8,32,1,16,231.90300000000002
16,1,1,1,65.95745
16,1,1,2,130.9
16,1,1,4,257.82500000000005
16,1,1,8,481.2955
16,1,1,16,738.6655000000001
16,1,1,32,653.269
16,1,1,64,411.61699999999996
16,1,2,1,112.3825
16,1,2,2,203.64100000000002
16,1,2,4,304.238
16,1,4,1,186.5965
16,1,4,2,264.176
16,1,4,4,364.755
16,1,4,8,399.95050000000003
16,1,8,1,216.9355
16,1,8,2,326.4495
16,1,8,4,476.668
16,1,8,8,505.395
16,1,8,16,474.1995
16,1,16,1,238.7625
16,1,16,2,444.762
16,1,16,4,525.2085
16,1,16,8,493.8325
16,1,16,16,499.506
16,1,32,1,197.5035
16,1,32,2,358.7135
16,1,32,4,366.8405
16,1,32,8,366.3835
16,2,1,1,122.708
16,2,1,2,239.5975
16,2,1,4,456.719
16,2,1,8,702.678
16,2,1,16,581.597
16,2,1,32,421.312
16,2,2,1,171.954
16,2,2,2,269.054
16,2,4,1,218.02499999999998
16,2,4,2,327.1515
16,2,4,4,381.2155
16,2,8,1,193.9255
16,2,8,2,397.557
16,2,8,4,507.7325
16,2,8,8,509.1835
16,2,8,16,427.55449999999996
16,2,16,1,234.48
16,2,16,2,411.22749999999996
16,2,16,4,520.606
16,2,16,8,526.4145000000001
16,4,1,1,181.2465
16,4,1,2,331.443
16,4,1,4,562.1030000000001
16,4,1,8,619.5105
16,4,1,16,482.8695
16,4,1,32,476.08299999999997
16,4,2,1,190.685
16,4,4,1,220.2525
16,4,4,2,315.10450000000003
16,4,8,1,194.8835
16,4,8,2,373.615
16,4,8,4,498.7185
16,4,8,8,422.51149999999996
16,8,1,1,203.674
16,8,1,2,302.951
16,8,1,4,464.49649999999997
16,8,1,8,437.8115
16,8,1,16,439.538
16,8,1,32,250.82550000000003
16,8,4,1,185.628
16,16,1,1,194.3505
16,16,1,2,294.29200000000003
16,16,1,4,347.8875
16,16,1,8,392.6605
16,16,1,16,244.03199999999998
16,32,1,1,183.11700000000002
16,32,1,2,240.5685
16,32,1,4,295.20000000000005
16,32,1,8,214.619
32,1,1,1,66.10405
32,1,1,2,130.3785
32,1,1,4,255.23200000000003
32,1,1,8,463.6395
32,1,1,16,577.9775
32,1,1,32,493.23850000000004
32,1,2,1,113.42349999999999
32,1,2,2,199.344
32,1,4,1,187.59550000000002
32,1,4,2,267.3005
32,1,4,4,371.7595
32,1,8,1,202.5635
32,1,8,2,350.132
32,1,8,4,572.913
32,1,8,8,543.0975000000001
32,1,8,16,463.0855
32,1,16,1,207.507
32,1,16,2,403.9775
32,1,16,4,522.8245
32,1,16,8,533.0855
32,1,32,1,230.5695
32,1,32,2,449.525
32,1,32,4,520.8695
32,1,32,8,512.3525
32,2,1,1,121.97149999999999
32,2,1,2,233.3005
32,2,1,4,432.466
32,2,1,8,550.0775
32,2,1,16,407.11400000000003
32,2,1,32,404.8745
32,2,2,1,187.0205
32,2,4,1,155.824
32,2,4,2,317.60450000000003
32,2,8,1,219.6365
32,2,8,2,391.3245
32,2,8,4,539.221
32,2,8,8,476.097
32,2,16,1,230.6035
32,2,16,2,402.5425
32,2,16,4,531.9114999999999
32,2,16,8,455.053
32,4,1,1,175.5195
32,4,1,2,297.1845
32,4,1,4,425.07
32,4,1,8,435.85900000000004
32,4,1,16,430.27099999999996
32,4,1,32,252.67950000000002
32,4,4,1,211.927
32,4,8,1,202.969
32,4,8,2,360.491
32,4,8,4,433.457
32,4,8,8,347.1325
32,8,1,1,191.0035
32,8,1,2,246.26
32,8,1,4,331.88300000000004
32,8,1,8,388.349
32,8,1,16,240.362
32,16,1,1,171.5915
32,16,1,2,231.837
32,16,1,4,307.0725
32,16,1,8,221.2475
32,32,1,1,160.151
32,32,1,2,214.061
32,32,1,4,179.2055
32,32,1,8,113.269
64,1,2,1,112.151
64,1,4,1,184.266
64,1,4,2,249.381
64,1,8,1,202.827
64,1,8,2,333.723
64,1,8,4,523.042
64,1,8,8,459.587
64,1,16,1,155.254
64,1,16,2,384.009
64,1,16,4,530.273
64,1,16,8,488.128
64,1,32,1,191.19
64,1,32,2,367.993
64,1,32,4,519.151
64,2,4,1,172.588
64,2,8,1,215.726
64,2,8,2,314.98
64,2,8,4,406.85
64,2,8,8,354.151
64,2,16,1,218.158
64,2,16,2,361.693
64,2,16,4,425.31
64,2,16,8,355.856
64,4,8,1,209.549
64,4,8,2,287.689
64,4,8,4,289.876
