1	1	1	32	2	402.271
2	1	1	32	2	401.4673333
4	1	1	32	2	389.2263333
2	4	1	8	2	380.578
2	4	1	16	2	373.313
1	4	1	16	2	366.814
2	8	1	4	2	365.1236667
8	1	1	32	2	364.7793333
1	4	1	8	2	363.725
4	4	1	8	2	361.1323333
2	8	1	8	2	360.448
1	8	1	4	2	358.1146667
1	8	1	8	2	356.8056667
1	4	1	32	2	355.016
2	4	1	32	2	353.174
4	4	1	16	2	352.6446667
2	8	1	16	2	348.6323333
1	8	1	16	2	347.3186667
1	16	1	4	2	339.1563333
1	16	1	8	2	336.6546667
4	8	1	4	2	333.441
2	16	1	4	2	332.737
1	8	1	32	2	331.8183333
2	16	1	8	2	327.739
4	4	1	32	2	326.058
1	16	1	16	2	325.941
4	8	1	8	2	325.4383333
2	8	1	32	2	321.1276667
4	8	1	16	2	317.557
2	16	1	16	2	312.2263333
1	16	1	32	2	306.07
16	1	1	32	2	304.0823333
8	4	1	8	2	303.0876667
8	4	1	16	2	293.424
4	16	1	4	2	285.3813333
1	32	1	4	2	283.1396667
2	16	1	32	2	282.0443333
4	16	1	8	2	281.6016667
2	32	1	8	2	280.063
1	32	1	8	2	279.8953333
2	32	1	4	2	279.336
2	1	1	16	2	276.9163333
4	8	1	32	2	272.8163333
1	32	1	16	2	269.399
4	1	1	16	2	268.8446667
8	4	1	32	2	265.0826667
8	8	1	4	2	264.5406667
1	1	1	16	2	264.497
4	16	1	16	2	264.2696667
4	2	2	8	2	263.9056667
8	8	1	8	2	262.1216667
2	32	1	16	2	260.4113333
2	2	2	8	2	259.292
2	2	2	16	2	256.9526667
16	4	1	8	2	256.935
2	2	1	8	2	253.7016667
8	1	1	16	2	252.6746667
4	1	4	16	2	251.4303333
4	1	4	8	2	250.8173333
4	2	1	8	2	250.7596667
2	2	1	16	2	250.6673333
2	4	1	4	2	249.075
4	2	1	16	2	246.8106667
2	2	1	32	2	246.1603333
8	2	2	8	2	245.0506667
8	8	1	16	2	244.089
1	16	1	2	2	243.9873333
1	2	1	16	2	243.4816667
1	2	1	8	2	243.447
4	4	1	4	2	242.3926667
8	1	4	16	2	241.7793333
8	1	4	8	2	241.3916667
4	2	1	32	2	238.8973333
16	4	1	16	2	238.7763333
1	4	1	4	2	237.199
1	2	1	32	2	236.5543333
8	2	1	8	2	236.3363333
2	4	2	4	2	233.4873333
16	1	1	16	2	233.0016667
4	4	2	4	2	232.5666667
1	32	1	2	2	231.9706667
8	2	1	16	2	231.666
4	4	2	8	2	230.9623333
16	1	4	8	2	230.1363333
2	4	2	8	2	228.1073333
2	16	1	2	2	226.041
4	32	1	4	2	223.1443333
8	4	1	4	2	222.289
4	32	1	8	2	221.7386667
8	2	1	32	2	221.6756667
16	2	1	8	2	220.3313333
4	2	4	4	2	217.228
4	2	4	8	2	216.326
16	2	1	16	2	215.0673333
4	2	4	16	2	214.5553333
8	16	1	4	2	209.4563333
2	32	1	2	2	209.4003333
8	4	2	4	2	209.3256667
2	1	2	16	2	208.8203333
8	16	1	8	2	208.312
2	1	2	8	2	207.0396667
4	16	1	2	2	206.795
4	1	2	16	2	206.622
16	8	1	4	2	206.5653333
2	1	2	32	2	204.829
16	8	1	8	2	204.7256667
4	1	2	8	2	203.4626667
8	2	4	4	2	203.3773333
8	2	4	8	2	202.4176667
2	8	1	2	2	196.017
16	4	1	4	2	195.812
16	2	1	32	2	194.035
8	1	2	8	2	192.4876667
8	1	2	16	2	191.4496667
1	8	1	2	2	190.5413333
16	2	4	4	2	190.346
4	8	1	2	2	188.4596667
16	1	2	8	2	187.428
4	4	4	2	2	187.265
2	8	2	2	2	185.4676667
4	8	2	2	2	184.002
2	8	2	4	2	183.737
4	4	4	4	2	183.6223333
4	8	2	4	2	182.905
4	32	1	2	2	181.3376667
4	4	4	8	2	179.811
2	1	4	8	2	177.6363333
8	16	1	2	2	174.912
8	4	4	2	2	171.0736667
8	4	4	4	2	170.8973333
1	1	4	16	2	170.4683333
1	1	4	8	2	169.509
8	8	1	2	2	168.3613333
4	2	2	4	2	166.009
8	8	2	2	2	165.8373333
2	2	2	4	2	162.546
8	1	8	4	2	161.9813333
8	1	8	8	2	160.6246667
4	4	2	2	2	157.242
8	2	2	4	2	157.1703333
16	1	8	4	2	156.954
2	16	2	2	2	154.8066667
2	4	2	2	2	154.1566667
2	2	4	4	2	152.464
16	4	4	2	2	151.668
2	2	4	8	2	151.3926667
16	2	2	4	2	150.903
2	1	1	8	2	149.9756667
1	1	2	16	2	148.0563333
4	1	1	8	2	146.8186667
16	16	1	4	2	146.6186667
4	32	1	16	2	146.5943333
8	2	8	2	2	146.1963333
8	32	1	4	2	145.4513333
1	1	2	8	2	145.4183333
8	4	2	2	2	145.2403333
8	8	1	32	2	145.1903333
2	2	1	4	2	144.9073333
1	2	4	8	2	144.3513333
4	1	4	4	2	144.3173333
4	2	1	4	2	143.271
1	2	4	4	2	142.7853333
16	4	1	32	2	142.5686667
16	8	1	2	2	142.5273333
8	1	1	8	2	141.3243333
1	1	1	8	2	141.2293333
8	2	8	4	2	141.076
1	2	2	8	2	140.8526667
8	1	4	4	2	140.6053333
8	16	1	16	2	138.4943333
16	4	2	2	2	136.815
16	1	4	4	2	136.5276667
8	2	1	4	2	136.3733333
16	1	1	8	2	135.3143333
4	1	8	4	2	135.2006667
1	2	1	4	2	135.164
16	8	1	16	2	134.879
16	2	8	2	2	133.7963333
4	1	8	8	2	133.6873333
8	32	1	2	2	132.9203333
16	16	1	2	2	132.108
1	2	2	4	2	131.1773333
4	2	4	2	2	130.8946667
4	8	4	2	2	130.0096667
16	2	1	4	2	129.2703333
4	8	4	4	2	128.875
2	4	1	2	2	128.0076667
4	2	8	2	2	127.037
2	1	8	4	2	126.7063333
1	16	1	1	2	126.3566667
4	4	1	2	2	125.29
2	16	1	1	2	125.2803333
2	1	8	8	2	125.0793333
1	1	8	4	2	124.348
4	2	8	4	2	124.3056667
1	1	8	8	2	123.9893333
1	32	1	1	2	123.3543333
2	16	2	1	2	122.8076667
8	2	4	2	2	122.679
1	1	8	16	2	122.6703333
4	8	4	1	2	122.466
2	4	4	2	2	121.1586667
2	1	4	4	2	120.7703333
16	2	4	2	2	120.6196667
1	4	2	4	2	120.3993333
1	4	1	2	2	120.1153333
16	16	1	8	2	119.882
1	1	4	4	2	119.8123333
2	4	4	4	2	119.685
8	8	4	2	2	119.2353333
2	32	1	1	2	118.7936667
2	8	2	1	2	118.5413333
1	4	4	2	2	118.4943333
8	4	1	2	2	118.1213333
8	32	1	8	2	117.9516667
4	8	2	1	2	115.9096667
4	16	2	1	2	115.2426667
4	16	1	1	2	115.051
8	8	4	1	2	113.3356667
4	1	2	4	2	112.401
1	4	4	4	2	112.0666667
8	4	8	1	2	111.607
2	1	2	4	2	111.0756667
1	4	2	2	2	111.0373333
8	4	8	2	2	110.9033333
8	4	8	4	2	110.106
2	2	8	2	2	109.782
4	32	1	1	2	109.4363333
16	4	1	2	2	109.337
16	4	8	1	2	108.4536667
4	4	4	1	2	108.298
16	4	8	2	2	107.7846667
8	8	2	1	2	107.6573333
1	2	8	8	2	106.3996667
16	1	2	4	2	106.297
1	2	8	4	2	106.2896667
1	2	8	2	2	106.2156667
8	16	1	1	2	106.145
2	2	8	4	2	106.046
8	1	2	4	2	105.834
8	4	4	1	2	105.184
8	16	2	1	2	104.1403333
16	1	16	2	2	103.97
1	2	4	2	2	103.4176667
16	8	4	1	2	102.9753333
2	2	4	2	2	102.9416667
2	8	1	1	2	100.3156667
16	4	4	1	2	100.2785333
16	1	16	4	2	99.7039
4	8	1	1	2	98.8887
16	8	2	1	2	98.74476667
8	32	1	1	2	96.27206667
1	8	1	1	2	95.36303333
4	4	8	1	2	94.55263333
4	2	2	2	2	94.5326
2	8	4	1	2	94.4323
2	8	4	2	2	93.9465
4	4	8	2	2	93.78453333
2	2	2	2	2	93.18363333
16	32	1	2	2	92.75356667
1	1	2	4	2	92.64326667
8	1	8	2	2	92.58046667
8	8	1	1	2	92.03193333
16	1	8	2	2	91.91246667
4	4	2	1	2	91.8505
2	4	2	1	2	91.52206667
1	8	4	1	2	91.12223333
8	1	16	2	2	91.0615
16	32	1	4	2	90.94693333
1	8	2	2	2	90.83553333
1	8	4	2	2	90.58903333
4	1	16	2	2	90.45403333
4	1	16	4	2	90.1346
16	16	1	1	2	89.99183333
8	2	2	2	2	88.74476667
16	2	2	2	2	88.57496667
2	4	4	1	2	88.22893333
1	4	4	1	2	85.83283333
2	4	8	2	2	85.5249
2	4	8	1	2	85.49713333
16	2	16	2	2	85.12343333
16	2	16	1	2	85.08303333
8	4	2	1	2	84.95026667
16	4	2	1	2	83.5596
16	8	1	1	2	83.41213333
16	2	8	1	2	83.3901
8	2	8	1	2	82.63463333
1	2	2	2	2	82.16506667
4	1	8	2	2	81.53156667
2	1	16	4	2	81.0414
8	2	16	1	2	80.8599
2	1	16	2	2	80.8585
2	1	16	8	2	80.41446667
8	2	16	2	2	79.87416667
2	1	1	4	2	79.0353
4	1	1	4	2	78.8021
2	1	8	2	2	78.22933333
1	8	2	1	2	77.62863333
1	1	16	8	2	77.4697
1	1	16	4	2	77.46916667
1	1	16	2	2	77.3728
1	1	16	16	2	77.23693333
4	2	16	1	2	76.3474
4	2	16	2	2	76.1652
1	4	2	1	2	76.08186667
16	32	1	1	2	75.95166667
4	1	4	2	2	75.67043333
1	1	8	2	2	75.51813333
4	2	8	1	2	75.10703333
8	1	4	2	2	74.93273333
8	1	1	4	2	74.41346667
16	1	4	2	2	73.1813
2	2	1	2	2	73.17203333
4	2	1	2	2	72.963
1	1	1	4	2	72.91243333
1	4	8	2	2	72.46353333
1	4	8	4	2	72.20656667
1	4	8	1	2	72.05206667
16	1	1	4	2	72.0335
2	2	16	2	2	70.0477
2	2	16	1	2	69.77873333
4	2	4	1	2	69.76326667
8	2	1	2	2	69.48256667
8	2	4	1	2	69.38316667
2	2	16	4	2	69.2704
16	2	4	1	2	68.82603333
2	2	8	1	2	68.17763333
1	2	16	2	2	68.1104
1	2	16	1	2	68.03053333
1	2	1	2	2	67.6649
1	2	16	4	2	67.09393333
16	2	1	2	2	66.94956667
1	2	16	8	2	66.66806667
1	1	4	2	2	65.84996667
1	2	8	1	2	65.0508
2	4	1	1	2	64.90396667
4	4	1	1	2	64.21876667
2	1	4	2	2	63.49593333
8	4	1	1	2	60.97833333
1	16	2	1	2	60.79196667
1	4	1	1	2	60.27176667
2	2	4	1	2	58.82923333
1	2	4	1	2	58.7419
4	1	2	2	2	58.65863333
16	4	1	1	2	58.1237
2	1	2	2	2	57.87933333
16	1	16	1	2	56.61623333
16	1	2	2	2	56.2231
8	1	2	2	2	55.74993333
4	2	2	1	2	55.46493333
2	2	2	1	2	54.48856667
8	1	16	1	2	53.31363333
16	2	2	1	2	52.8981
2	1	32	2	2	52.45976667
2	1	32	4	2	52.4214
2	1	32	1	2	52.37773333
4	1	32	2	2	52.3473
4	1	32	1	2	52.3452
8	1	32	1	2	52.0991
4	1	32	4	2	52.0206
2	1	32	8	2	52.01816667
8	2	2	1	2	52.00763333
8	1	32	2	2	51.77063333
16	1	32	1	2	51.62196667
4	1	16	1	2	51.31343333
1	1	32	1	2	50.32223333
1	1	32	8	2	50.2798
1	1	32	4	2	50.26356667
1	1	2	2	2	50.22186667
1	1	32	2	2	50.11653333
16	1	8	1	2	49.47083333
2	1	16	1	2	48.34596667
8	1	8	1	2	48.3129
1	2	2	1	2	46.93936667
1	1	16	1	2	46.0702
4	1	8	1	2	45.42153333
2	1	8	1	2	43.04313333
1	1	8	1	2	41.4038
16	1	4	1	2	40.45093333
8	1	4	1	2	40.2007
4	1	4	1	2	40.02836667
4	1	1	2	2	39.7852
2	1	1	2	2	39.57796667
8	1	1	2	2	37.91143333
4	2	1	1	2	36.8846
2	2	1	1	2	36.66396667
1	1	1	2	2	36.44696667
16	1	1	2	2	36.39183333
1	1	4	1	2	36.1095
2	1	4	1	2	36.09823333
8	2	1	1	2	35.43933333
16	2	1	1	2	34.06933333
1	2	1	1	2	33.90533333
4	1	2	1	2	30.527
2	1	2	1	2	30.0885
16	1	2	1	2	29.75746667
8	1	2	1	2	28.91536667
1	1	2	1	2	26.00946667
4	1	1	1	2	19.91213333
2	1	1	1	2	19.79756667
8	1	1	1	2	19.1328
16	1	1	1	2	18.54603333
1	1	1	1	2	18.2381
