35.25
23.25
21.75
22.25
21.5
21.75
21
23.75
21
21
20.75
21
20.75
21
21.25
21
20.5
21
21
21
20.75
25.5
22.25
21.25
20.75
21.25
21
20.75
21
20.75
20.75
20.75
21.25
20.75
20.75
20.75
21.25
20.75
21.25
418.25
23.75
20.75
21.5
20.25
20.5
20.75
20.75
21.5
20.5
21
20.5
20.25
20.5
21
21
20.5
21
20.25
20.5
20.5
20.25
20.5
27.25
25
21.25
20.75
20.5
20.5
20.5
20.75
20.5
20.5
21
20.5
21
20.25
20.75
20.5
20.5
11.25
21.25
16
15.25
15.5
15
15
14.75
16
15.5
14.75
15
14.5
15.25
15
14.75
15
18.5
15.5
14.75
14.75
15
14.75
15
14.75
15
15
15
15.25
14.75
15
14.75
14.5
15
14.75
15
14.75
15
15.25
14.75
834846.5
126.75
112.5
20282
27.5
22.25
20.75
20.75
20.75
21
21.25
23
20.75
20.75
21
21
20.5
20.75
20.75
20.75
21
20.75
20.5
20.75
21.25
21
24
21.75
20.75
20.75
20.75
20.75
20.5
20.75
21
20.75
21
20.75
20.75
20.25
20.75
21.25
21
483
22.5
21
20.75
20.75
20.25
20.5
20.75
21.25
20.75
20.5
21
20.5
20.5
20.75
20.5
20.5
21
20.75
20.5
20.5
20.25
20.75
20.5
21
23
21.25
20.75
20.75
20.5
21
20.75
20.5
21
20.75
20.75
20.75
20.5
20.5
20.75
11
17.25
15.75
15.25
15.25
16.25
16.25
15.5
16.25
15.25
15.5
15.25
15
15.25
15
15.5
15.25
15.25
15
20.25
15
15.25
15.25
15.75
15
14.75
15.25
14.75
15.25
14.75
15
15
15
15.25
14.75
15
15.5
15
15.25
14.75
842840.5
135
96.5
30756.25
47.25
23.25
21.25
21
21.75
21
21
23
21
20.75
20.5
21.25
20.75
20.75
20.75
28.75
22
21
20.75
20.5
20.75
20.75
20.75
20.75
20.75
20.75
20.75
21.75
20.75
20.75
20.75
20.5
20.75
20.75
21
20.75
21
20.75
20.75
508
23.5
20.75
20.5
21
20.5
21
20.5
21.75
20.5
20.5
20.5
20.5
20.5
20.5
20.5
20
20.5
23.75
21.25
20.25
20.75
20.5
20.5
20.5
20.75
20.75
20.5
20.5
20.5
20.5
20.5
21
20.75
20.75
20
21
20.5
20.75
20.5
11
20.25
15.75
15
15.5
15
15.25
15.25
15.5
18.5
15
15.25
14.75
15.25
14.75
15
16.75
15.5
15.25
14.75
15.25
15.25
15
15
15
15
14.75
15
15.5
15
15
14.75
15
15.25
15.25
15.5
14.75
15.25
14.75
14.75
817426.75
28
22.75
21.25
21
20.75
21
20.5
21.75
20.75
20.75
20.75
21
22.5
20.75
20.75
20.25
20.75
20.75
20.75
20.75
20.75
20.5
21.75
21.25
23
21.5
20.75
21
20.5
20.75
20.75
20.75
20.75
22.25
21.25
20.75
20.75
20.75
21
1158841
178
98.25
20489.75
849853
26
21.25
21.5
21
20.5
20.5
20.5
21.5
20.5
20.75
20.25
20.5
20.5
21.75
20.75
20.25
20.75
20.25
20.5
20.5
20.5
20.5
20.5
23
22.5
20.75
20.75
20.25
20.5
40.25
22
21
20.5
20.5
21.75
21.25
20.5
20.5
20.5
441.25
56.25
21
23
20.25
20.25
20.25
20.25
21
20.25
20.25
20.25
20.25
21.25
20.75
20.25
20
20.5
20.25
20.25
19.75
20.25
20
20.25
21.75
23.5
20.5
20.25
20.5
20.25
20.25
20.25
20.25
20.25
20
21.5
20.25
20.25
20.25
20.5
613.75
55.5
21.25
20.75
20.75
20.75
20.5
20.5
21.75
20.5
22.5
20.25
20.75
20.5
20.5
24
20.75
20.5
20.75
20.75
20.75
21.75
20.75
20.75
20.5
20.75
20.5
20.75
20.5
20.5
20.75
21.5
21
20.75
20.75
20.25
20.75
20.75
20.5
20.75
28.25
73.75
30
25.25
24.75
25
24.75
24.75
26
24.75
24.5
24.75
26.25
24.5
24.75
24.5
24.5
24.75
24.5
24.75
24.75
24.75
25.5
25.25
24.5
24.5
24.75
24.5
24.5
27.25
25.25
24.75
25
26
24.75
25
24.75
24.75
24.75
110
1177214
130.5
57.75
64.25
847671.5
25.75
21
21
20.75
20.75
20.75
20.5
21.75
21
20.5
20.75
20.5
21
20.75
20.25
20.5
20.5
20.75
20.5
20.75
20.5
20.75
20.5
20.75
24
20.75
20.75
20.75
20.75
21
21
20.5
20.75
22.25
21.25
20.75
20.5
20.75
20.5
439.5
55.75
23.5
20.75
20.75
20.25
20.5
20.5
21.25
20.75
20.5
20.25
21.25
20.75
20.25
20.25
20.5
20.25
20.5
20.25
20.5
20.25
20.5
21.5
20.25
20.25
24
20.5
20.5
20
20.5
20.25
20.25
20.5
21.5
20.5
20.25
20.5
20.25
20.25
619
64.25
21.5
20.75
20.75
20.75
20.5
20.5
21.75
22.75
20.5
20.75
20.75
20.75
20.75
25.25
20.75
20.75
20.5
21
22
20.75
20.75
20.75
20.75
20.75
20.75
21
20.75
20.75
21.75
21.25
20.75
21
20.75
20.75
20.75
20.75
20.75
20.75
28.25
73
30.25
25.25
25.25
24.75
24.75
25
25.75
25
25
26.5
27.25
24.75
24.75
25
24.75
24.5
25
24.5
24.75
26
25.25
25.25
24.5
24.75
24.75
24.75
24.75
24.75
28
25
26.5
25
25
24.75
24.75
25
24.75
24.75
1177866.25
122.75
55.75
61
847889
25.5
21
20.25
22
20.5
58.5
22.75
21.5
20.75
20.5
20.25
20.5
20.5
20.5
20.5
20.25
20.5
20.5
20.5
20.25
20.5
20.25
20.5
20.75
24
20.75
20.5
20.25
20.5
20.5
20.25
20.25
20.5
20.75
20.5
20.25
20.25
20.5
20.25
431.5
56.5
21
20.25
20.5
20.25
20.25
20.5
21.5
20.25
20.5
20.25
20.25
20.5
20.25
20
20.25
20.5
20.25
20.25
20.25
20.25
20.25
21.75
20.75
20.25
24.25
20.5
20.25
20.25
20.25
20
20.25
20.25
20.5
20.25
20.25
20.25
20.5
20.25
612.25
55.5
21.25
20.75
20.75
20.5
20.5
21
21.5
21
20.5
20.75
20.75
20.75
20.75
24
20.75
20.5
20.75
20.75
20.75
20.75
20.25
20.75
20.75
20.5
20.75
20.5
20.75
20.5
21
20.5
20.75
20.5
20.75
20.75
20.5
20.5
20.75
20.5
28.5
71.5
30.5
25.25
24.75
24.75
24.75
24.5
26
24.75
24.75
25
26.25
24.75
25
24.5
24.75
25
24.5
30.5
25.75
25
27
25
25
24.75
24.5
24.75
24.75
24.5
28
24.75
25
26
25
25
24.75
24.75
24.75
24.75
1179948.25
123.75
57.5
61.5
847827.5
25.5
20.75
20.5
20.5
20.5
20.5
20.75
21.5
20.75
20.5
20.75
20.75
20.25
20.75
20.5
20.75
20.5
20.5
20.75
20.5
20.5
20.5
20.75
21
23.5
21.5
20.5
20.5
20.25
20.5
20.5
20.25
20.75
20.5
20.75
20.5
20.5
20.5
20.5
438.75
55.5
21.25
20.5
20.75
20.5
20.25
20.25
21.25
20.5
20.5
20.25
20
20.25
20.75
20.5
20.25
20.25
20.5
20.25
20.25
20.5
20.25
20
20.5
20.5
24
20
20.75
20.25
20.5
20.25
20.25
20.25
20.25
20.25
20.5
20.25
20.25
20.5
614.25
56.25
21.25
21
20.75
20.75
20.75
20.5
21.75
22.25
20.75
20.5
20.75
20.5
21
24
21
20.75
20.75
20.75
22
20.75
20.75
20.75
20.75
20.75
20.25
20.75
20.5
20.75
21.75
21
20.75
20.75
20.5
26.5
20.5
20.75
20.5
20.75
28.25
73.5
29.25
26
24.75
24.75
24.5
24.75
25.75
24.75
24.75
26.75
24.5
24.5
24.75
24.75
24.5
24.75
24.75
24.5
24.75
25.5
25
24.75
24.5
24.5
24.75
24.5
24.5
24.5
28
24.5
26.25
24.75
24.5
24.75
34
25.25
26
25.25
1179051.75
121.25
56.5
60
13.25
10.25
10.25
10
9.75
9.5
9.5
10.25
9.75
9.75
9.5
9.25
9.5
9.75
9.75
9.5
9.75
9.5
9.5
9.5
9.5
9.25
9.5
10
9.75
9.5
9.75
9.5
9.5
14.75
10
9.75
9.5
9.5
9.5
9.5
9.5
9.5
9.5
12.5
24
20.75
21.25
20.5
20.75
20.5
20.75
21.5
20.75
20.75
20.5
20.5
20.5
20.5
21
21
20.75
20.5
20.5
20.5
20.25
20.25
25.75
23.75
24
20.75
20.5
20.5
20.5
20.75
20.5
20.5
20.5
21
20.75
20.5
20.75
20.5
20.5
835525.5
52.75
819416
30
21
20.5
20.5
23.25
21.75
20.75
21.5
20.5
21
20.75
20.5
20.25
20.5
20.75
20.5
20.25
20.5
20.75
20.5
20.25
21
20.25
22
20.75
20.5
20
20.5
20.75
20.5
21
27.25
25.25
21.25
21
20.5
20.5
20.25
20.25
441.75
59.75
31.25
29.5
29.75
30.25
30.5
29.5
31.5
34.25
28.75
28.75
28.25
28.5
27.5
27.75
27.75
28
27.75
27.75
28.25
27.75
28.5
28.5
27.5
28.25
27.75
27.5
27.75
27.75
29.5
28.25
27.75
27.75
27.75
27.5
28
27.5
31.25
28.25
64248
16
826697
34.25
21
20.5
29.5
35.25
34
34
35
39
38.5
38.75
39
39.75
39
38.75
39.25
37.5
34.75
33.5
33
35.5
33.5
30.75
35.25
35.5
33.5
36.5
36.5
37.25
34.25
26.5
20.75
20.5
20.5
20.25
20.25
20.75
20.75
20.25
12.25
21
15.25
14.75
14.75
14.5
14.5
14.75
15.75
14.75
14.75
14.5
14.75
14.5
14.5
14.75
14.5
15
14.75
14.5
14.75
14.5
14.5
15
14.25
14.5
15
14.75
14.75
14.5
14.5
18.5
14.5
14.75
16
14.75
14.75
14.5
14.75
14.75
1182768
159
28254.5
48.75
29.25
2090
17
11.25
10
9.5
9.75
9.75
9.75
10.75
9.75
19
11.5
9.75
10
9.75
9.75
9.75
9.5
13.5
9.75
9.75
9.75
10
9.5
9.5
9.5
10
9.75
9.75
9.25
9.5
9.5
9.5
9.5
9.75
11
10
9.5
9.75
9.5
14.5
22.5
21
20.5
20.5
20.75
20.5
20.5
21.25
20.5
20.25
20.5
20.5
20.5
20.25
21
20.5
20.5
20.5
20.5
20.25
23.5
20.5
20.5
20.25
20.5
20.5
20.5
20.25
20.5
20.5
20.5
20.25
20.5
20.25
20.5
20.25
21
20
20.5
1979486.75
88
49774.25
14.5
10.75
10.5
9.75
10
9.5
10
10.5
10
9.5
9.75
9.25
9.5
9.5
9.5
9.5
9.75
9.5
9.5
9.5
13.5
11.75
10
9.75
9.5
9.5
9.25
9.5
9.5
9.75
9.5
9.75
9.75
10
9.75
9.5
10
9.5
9.5
14.25
22.75
21.75
20.75
20.75
20.5
20.75
20.75
21.25
22
20.75
21.25
20.5
20.75
21.25
21
20.75
20.75
20.75
20.5
20.75
21.25
23.5
20.75
20.75
20.75
20.5
20.75
20.75
20.5
21.25
20.75
20.75
20.75
20.75
20.5
21.25
20.5
20.5
20.75
1979352.25
87.25
49703.75
14.5
11.25
10
9.75
9.5
9.75
9.5
10.75
9.5
9.75
9.75
9.5
9.75
9.5
9.75
9.5
9.75
9.25
9.5
9.75
13
9.75
9.75
9.5
9.5
9.5
9.5
9.75
9.5
9.5
9.25
9.75
9.5
10
9.75
9.5
9.5
13.75
10.25
15
22.75
21.25
20.75
20.75
20.5
20.75
20.75
21.25
21.25
20.75
20.5
20.75
20.75
20.75
20.5
20.75
20.5
20.75
20.75
21
20.75
25
21
20.75
20.75
20.5
20.75
20.75
20.75
20.75
20.5
20.5
20.75
20.5
20.5
20.75
20.75
20.5
20.75
1981711.5
91.25
49946.5
15.75
13.25
11
10
10.25
10
11.5
11.25
10.25
10.25
10
10
10
10
10
10
10
10
9.75
10
10.25
14.25
10.25
10.25
10
9.75
10
10
10.25
10
10
10
10.25
10.25
10.25
10
10.25
10.25
10
14.5
23.5
21.5
21.75
21.25
21.25
29.5
20.75
21.25
21
20.75
20.5
20.5
20.75
20.5
20.5
20.5
20
20.5
20.75
21
20.5
23.75
20.75
20.5
20.5
20.75
20.5
20.5
20.5
20.5
20.5
21
20.5
20.75
21.75
20.75
20.5
20.25
20.75
1980466
94.25
21.25
15.25
15.75
15.25
15
14.75
15.25
16
15
15
14.75
14.75
15.5
14.75
15
14.75
18.75
15
15
14.75
14.75
15
14.75
15
15.25
14.75
15.25
14.75
15
14.75
14.75
15
14.75
14.75
15
14.75
15.25
14.75
15.25
11.25
22.5
21.25
21
20.75
20.5
20.75
20.5
21.75
20.75
21
21
23.75
20.75
21
20.5
21.25
20.75
20.75
20.5
21
20.75
20.75
20.75
21.25
20.75
20.75
20.75
21
20.75
20.75
21
21
20.75
20.75
21
20.5
21
21
23.5
834259
25
22383.25
17.5
15.5
15.5
15
17.25
15.25
15.75
16
15.5
15.25
15.25
15.25
15
15.25
15.5
15.25
15
19.25
16
15.25
15
16
15
15
15
15
15
14.75
15
15.25
14.75
15.25
15
15
15
15.25
15.25
14.75
15.25
11
22
21
20.75
20.75
21.5
20.75
20.75
21.75
20.75
21.5
20.75
21
24
21
20.75
20.5
21
21
20.75
20.75
20.75
21
20.75
20.75
21.25
20.75
20.75
20.75
20.75
20.75
20.75
20.75
21
20.75
21
20.75
21.25
22.25
21.5
842240.5
21.5
32917
20.5
15.25
15.5
15.25
14.75
15.5
14.75
18.25
16
15.25
15
15
15
14.75
15.25
16.75
15.5
15
15
15
15.25
15.25
14.75
15
15
14.75
15.25
15.25
15
15
15
15
15.25
15.25
15.25
15
14.75
15
15
11.25
23
22.25
20.75
20.75
23.25
21
20.5
21.5
20.75
21
20.75
20.5
20.75
20.5
26.25
22.25
21
21
20.5
20.5
20.5
20.5
20.5
20.5
20.75
20.5
20.5
20.25
20.5
20.5
20.5
20.5
23.5
21
20.75
20.5
20.5
20.75
20.75
815042.75
25.25
21.5
20.75
20.75
20.5
21.25
20.75
21.5
20.75
24.75
20.75
20.75
20.75
20.25
20.75
22.25
20.75
20.75
20.75
20.75
26.25
26.25
21
20.75
20.75
22
22.75
32.75
36.5
35.25
33.5
36.25
22.75
20.75
20.75
20.75
22.5
24.5
21
1160584.5
26.25
20314.5
847567.5
33.75
25.25
24.25
24
24
21.25
23
22.25
27.5
36.25
35.25
29.75
21.75
21
21
20.75
21
21.25
21
20.5
24.25
21.5
21
20.75
20.75
23
21
20.75
20.75
20.75
20.75
20.5
21
20.75
20.75
20.75
22
21.25
20.75
1488
56.5
21.5
20.75
22
20.5
20.5
20.5
21.25
20.75
20.5
20.5
20.5
20.25
20.75
21.75
20.5
20.5
20.5
20.5
20.5
20.5
20.5
20.25
20.5
25
21
20.5
20.5
20.5
37.75
24.25
21
20.5
20.75
20.5
22.25
20.75
20.25
20.5
1180944
150.5
845569
27.5
21.75
20.5
21
20.75
20.75
20.75
21.5
21
20.75
20.75
20.75
20.75
21
20.75
20.75
21
21
20.75
22.25
21
23.5
21.25
20.75
21
21
20.75
20.5
20.75
20.75
20.75
20.75
20.5
20.75
20.5
21
20.75
20.5
20.75
1499.5
58.25
21.25
20.75
21.25
20.5
20.75
20.5
21.75
20.75
20.75
20.75
20.5
20.75
21
20.25
20.5
20.75
20.5
20.5
20.5
20.75
20.5
20.75
20.5
24.25
20.75
20.75
20.75
20.5
20.75
21.25
20.75
20.75
20.5
22.75
21
20.5
20.75
20.25
1181544.5
148.25
845788.5
27.5
21.25
20.75
20.5
22
21
20.75
21.5
21
20.75
20.5
20.75
20.75
20.75
20.5
21.75
21
20.5
20.75
20.5
20.75
23.25
21.25
20.75
20.5
20.75
22
21
20.5
20.5
20.75
20.75
22.25
21
20.5
20.5
21.75
21
20.75
1484
56
21
20.25
20.75
22
56.75
24.25
21.75
20.5
20.5
20.5
20.5
20.5
20.25
20.75
20.25
20.5
20.5
20.25
20.5
20.25
20.5
20.25
20.5
24.25
21
20.5
20.25
20.25
20.5
20.5
20
20.5
20.75
20.5
20.5
20.25
20.25
20.5
1183588
148.25
845701.5
27.25
21
20.75
21
20.75
20.75
20.75
21.75
20.75
20.5
20.75
20.5
20.75
20.5
20.75
20.25
21
20.75
20.75
23
21
23.5
21.5
20.75
20.5
20.75
20.5
20.75
20.75
21.75
21
20.75
20.5
20.75
21
20.5
20.75
20.75
20.5
1514.75
57.5
21
20.75
20.5
20.25
20.5
20.5
21.75
20.75
20.5
20.75
20.5
20.75
20.5
20.5
20.5
20.75
20.5
20.75
20.5
20.75
20.5
20.5
21
20.75
24
20.75
20.5
20.5
20.5
20.5
20.25
20.5
20.5
20.75
20.5
20.75
20.5
20.5
1182714.75
147.5
11.75
9.75
10
9.25
9.5
9.5
9.25
10.5
10.25
9.5
10
9.75
10
9.75
9.25
9.25
9.5
9.5
9.75
9.75
9.5
9.75
9.75
9.5
9.25
9.5
9.5
9.25
9.5
9.5
9.75
9.5
9.5
9.5
9.5
9.5
9.5
9.5
9.5
12.25
21.25
20.5
20.25
20.5
20.25
20.25
20
21.75
20.5
20.25
20.25
20.25
21
23.25
20.75
20.25
20.25
20.5
20.25
20.5
20.25
20.5
20.25
20.25
20.75
20.25
20.5
20.5
20.25
20.25
20.5
20.75
20.25
20
20.25
20.25
20.5
20.25
20.25
832898.75
204
818455.5
49.5
20.5
19
19
18
23.75
18.5
19.25
18.5
18.25
17.75
18.5
18.25
17.75
18.25
18
17.75
18
18
18
17.75
18
18.75
18
18
18.25
17.75
18
17.75
17.75
18
17.75
17.5
18.25
18
18
17.75
17.75
19.5
14.75
29.75
21.25
20.75
20.5
20.25
24.5
21
21.25
20.75
20.5
20.75
21
20
20.5
21
20.25
20.5
20.5
20.25
20.75
20.5
20.5
20.75
21.75
20.75
20.5
20.5
20.25
20.25
21
20.75
25.75
23.5
24.75
21
20.5
20.5
20.25
20.25
65813
25
809500.25
45.75
23.5
19.5
19
19
18.25
18.25
19.25
18.25
18.25
18.5
18.25
17.75
18.5
18.25
18.25
18
18.25
18
18.25
18.25
18.25
18
18
18
28.75
20.75
18.25
18
18.25
17.75
18.25
18
18
17.75
18
24.75
19.75
18.25
14.25
102
22
20.75
20.75
20.75
20.75
20.75
21.75
21.5
20.75
20.75
20.75
20.5
20.75
20.75
20.75
20.75
20.75
21
20.75
20.75
20.5
20.5
21
20.75
24.75
21
20.75
20.5
20.5
21.25
20.5
20.5
20.75
22.5
21
20.75
21
25
12890
41.5
18.5
16.5
17.25
16.25
16.5
16
17.5
16.75
16
16.5
16.25
16.5
16
19.75
17.75
16
16.25
16
16.5
16
16.25
16
16.5
16
16.25
16
16.75
16
16.25
17.5
17.5
16.5
24.25
17
16.25
16.25
16
16.25
1186166
27.25
31.25
33694
13.25
10.25
9.75
9.75
9.75
9.75
9.75
10.5
9.75
9.75
9.75
10
9.5
9.75
9.5
9.5
9.5
9.75
9.5
9.75
11.25
10.25
9.5
9.75
9.75
10
9.5
9.5
9.5
9.5
9.5
9.5
9.5
9.75
9.25
9.75
9.5
9.75
10
14
22.75
20.75
20.5
20.25
20.5
20.25
20.5
21.5
24.5
20.75
20.5
20.5
20.25
21
20.5
20.75
20.25
20.75
20.5
20.75
20.5
20.25
20.5
20.25
20.75
20.5
20.25
20.75
20.25
20.25
20.5
20.75
21
20.25
20.75
20.25
20.5
20.25
23.25
1976774
204
52390.5
13.25
10.25
10
9.75
9.5
9.75
9.75
10.5
9.75
9.5
9.5
9.5
9.5
9.75
9.5
9.75
9.25
9.5
9.75
9.5
9.75
9.5
9.5
9.5
9.5
9.25
9.5
9.75
11.25
10.25
9.5
9.5
9.5
9.5
11
9.75
9.5
9.5
9
15.5
28.75
25
25.5
25
24.5
24.75
24.25
25.25
24.5
29.5
24.5
25.75
24
23.25
22.5
20.5
20.75
20.75
20.5
20.75
20.5
20.5
20.75
21.25
20.75
20.5
20.5
20.5
20.75
20.75
20.75
20.75
20.5
20.75
21.25
20.5
20.5
20.5
20.75
1976569.25
226.5
52298.5
13.5
10.25
9.5
9.75
9.5
9.75
9.75
10.5
9.75
9.5
9.5
9.5
9.5
9.5
9.5
9.5
9.75
9.5
9.5
9.5
9.5
9.75
9.75
9.5
9.5
9.5
9.5
9.5
9.5
9.75
9.5
9.5
9.5
9.75
9.75
9.5
9.5
9.5
9.5
16.75
24.5
21.5
20.75
21.25
20.75
21
20.75
22.5
21
21
24.5
20.75
21.75
21.25
20.75
20.5
20.75
20.5
20.25
20.75
20.75
20.75
20.5
20.5
20.5
20.5
21
20.5
20.5
20.5
21
20.5
20.5
20.25
20.5
20.5
20.5
20.5
20.5
1978985.75
213
52598.25
13.75
10.5
9.75
9.75
9.75
9.5
9.75
10.75
10
9.75
9.5
9.5
9.5
9.75
9.5
9.75
9.75
9.5
9.75
9.5
9.5
9.5
9.5
9.75
9.5
9.75
9.5
10.25
9.75
9.5
9.5
9.75
9.25
9.5
9.75
9.5
9.5
10
10
14.25
22.25
20.75
21
20.5
20.5
20.5
20.5
21
20.5
20.5
24
20.75
20.5
20.5
20.25
20.5
20.25
20.5
20.5
20.25
20.5
21.75
20.5
20.5
21
20.5
20.75
20.25
20.75
20.5
20.5
20
20.25
20.5
20.25
20.5
20.75
20.5
20.25
1977737
215.25
14.75
11
10.25
10
10
11.75
12
12.25
12
11
12
12.5
11.25
9.75
9.75
9.75
11.25
10
10
9.75
9.75
10
10
9.75
9.75
9.75
9.75
9.75
9.75
9.75
9.5
9.75
13.75
10
9.75
9.75
9.5
9.75
9.75
15.25
23.25
21
20.75
20.75
20.25
20.75
20.5
21.25
20.75
20.75
20.75
20.75
20.5
20.5
20.5
20.75
20.5
21
20.5
20.75
20.25
20.5
20.5
20.75
21
23.5
20.75
20.75
20.75
20.75
20.75
20.75
20.5
21
20.5
21
20.5
20.75
20.5
843522
62
13
10.5
9.75
9.75
15.5
10.75
10.25
10.5
10
9.5
9.75
9.5
9.5
9.5
9.75
9.5
9.5
9.75
9.5
9.5
9.75
9.5
9.75
9.5
9.5
9.5
9.75
9.75
9.5
9.5
9.75
9.5
9.75
9.5
9.5
9.25
9.75
9.5
9.75
12.5
22
21
20.5
20.25
20.25
20.75
20.25
21.5
20.5
20.25
20.25
20.25
20
20.25
24
20.75
20.25
20.25
20.5
20.25
20.25
20.5
20.25
20.25
20.75
20.5
20.25
20
20.25
20.5
21.75
21.25
20.5
20.25
20.25
20.5
20.25
20.5
20.25
840839.25
189
846084.75
17.75
10.75
10
10
9.75
9.75
9.5
13.25
14
11.5
11.75
11
11.25
9.5
9.5
9.75
9.5
9.5
9.5
11.5
10.75
11
11.5
10.75
11
11.75
10
9.75
9.5
9.5
9.75
9.5
11.5
10.75
11.5
11
11.5
11.25
10.75
22.75
34
21.5
20.75
26.75
35.25
33.75
35
34.5
38.25
38.5
38.25
39.5
39
39.25
38.75
39
38.25
35.5
33.5
32.5
34.75
34.5
31
34.75
35.5
33
36.25
37.25
33.5
37.75
29.5
20.75
20.5
20.5
20.25
20.5
20.75
20.75
20.25
1162941.75
20421.5
830404.75
14.75
10.75
10.25
9.75
9.75
9.5
9.75
12
10.25
9.75
9.5
9.75
9.5
9.5
9.75
9.75
9.75
9.75
9.5
9.5
9.25
9.5
9.75
9.75
9.75
9.75
9.75
9.5
19.5
11.5
9.75
9.25
9.5
9.5
9.5
9.5
9.75
9.5
9.5
20.25
70.5
57.5
52.75
48.25
46.5
51.75
54.5
54.75
48.5
48.75
48.75
49.5
46
37.25
28.25
28
28.5
28
28
27.75
28.25
28
28
28
28
27.75
27.75
27.5
27.75
28
32.75
28
28.5
28.5
27.75
28
28
29.5
28.25
1179105.75
20162
829064
15
10.5
9.75
9.75
10
10
9.5
10.5
9.75
9.5
9.75
9.5
9.75
9.25
9.5
9.5
9.75
9.5
9.5
9.5
11
10
10
15
10
9.5
9.75
9.5
9.5
9.25
9.5
9.5
9.5
9.5
9.5
9.5
9.5
9.5
9.25
19.5
50.75
29.25
33
28.75
28
28.25
28
28.75
28.25
27.75
28
28
27.75
28
28
28
27.75
29.75
28.25
29.5
28.5
27.75
28
27.75
28
27.75
28
28.5
28.25
27.5
28
32
28.25
28
28
27.5
28
27.75
27.75
1179670.5
20173.25
829341.25
15.5
10.75
9.75
10
9.25
9.75
9.75
10.5
9.75
9.75
9.75
9.75
9.5
9.75
9.5
9.25
9.75
9.5
9.75
9.5
9.5
9.75
9.5
9.75
9.5
9.5
9.5
9.75
9.75
9.5
10
9.75
9.5
9.75
11
10
9.75
9.5
9.5
19.75
50
29.75
34
28.5
28
28
27.75
29
28.5
28
27.75
28
27.75
28
27.5
28
28
27.75
28.25
28
27.5
28
29.5
28
28.25
27.75
27.75
28
27.5
28.25
27.75
32.5
27.75
27.75
27.5
28.25
28
27.5
27.75
1181679
20163.25
829331.5
15
10.5
10
9.5
9.5
9.75
9.75
10.5
10
9.5
9.5
9.5
9.5
9.5
10
9.5
9.5
9.75
10
9.75
9.5
9.5
9.75
9.5
9.75
9.25
9.5
9.75
10.25
10
9.5
9.75
9.75
9.75
9.5
9.5
9.5
9.5
9.5
20
50.5
29.75
35.25
28.5
28
28.25
28.25
28.75
28.25
28.25
27.75
28.25
27.5
28
28
28.25
28.25
28
28
28.25
28
28
28
27.75
28.5
28
29.25
28
28
27.75
28.75
30.75
28.5
28
28
27.75
28
28.25
27.5
1180724.75
20148.5
13
10.25
9.75
9.5
9.75
9.5
9.5
10.25
10
9.75
12.75
14
11
11.5
11
11
11.25
10.25
9.75
10
9.5
11.5
10.75
10.75
11
10.75
11.75
11.25
11.5
9.5
9.5
9.5
9.5
11.25
10.75
11
10.75
10.75
11.25
22.5
60.25
30.75
29.75
29.75
30.25
30.5
29
31.75
34.5
28.25
29.25
28.5
27.75
28
27.5
27.75
28
27.75
27.75
28.5
27.75
28.5
28
28
28
27.75
27.75
27.5
28.25
29.25
28
27.75
28
27.5
27.75
27.5
28
31.5
28
44242.5
20021
824052.25
34.25
18
17
16.75
16.5
16.25
16.25
17.5
16.5
16.25
16
16.75
16.25
16.25
20.25
17
16.25
16
16.25
16.25
16.25
16
16.25
16.25
16.25
16
16.25
16.5
16.25
16
17.75
17.25
16.5
24.75
16.25
16.5
16
16.5
16
14.25
11.25
17.25
10.75
10.5
10.75
10
10.5
10.25
11.75
10.25
10.75
9.75
10.75
10
10.5
10.75
10.75
10
10.5
10
10.5
9.75
10.75
10
10.5
10
10.5
10
10.5
10
11.75
10.25
10.5
10
10.25
9.75
10.75
10
10.5
10
10.5
10
10.5
9.75
10.5
10
10.5
13.25
10.75
10
10.5
11
10.75
10.25
10.5
10
10.5
10
10.5
9.75
10.5
9.75
10.75
9.75
10.75
9.75
10.5
9.75
10.5
9.5
10.75
9.75
11.5
10.25
10.75
9.75
10.5
9.75
10.75
11.5
5.25
11.25
5
10
5.25
10
5
10
5
9.75
5
10
5
9.75
5.25
12
5
10
5.25
9.75
5
10.75
5.5
10.25
5
9.75
4.75
9.75
5.25
9.75
5
10
5
10
4.75
9.75
7.5
10.75
5
10
5
9.5
5.25
9.75
5
9.75
5.25
10
4.75
9.75
5
27.75
9.5
16
7.75
14.5
6.75
14.25
6.75
13.75
7
13.75
7.25
12.5
5.25
10
5
9.75
5.25
9.5
5
10
4.75
9.75
5.25
9.75
5
9.75
5
446
36.75
21.75
20.75
22.75
35.25
33.5
35.5
34.5
36.75
38.25
38.25
39.25
39.5
39.5
38.75
38.5
38.5
36.5
33.75
33
33.75
36
31
32.75
36.5
33
35.75
37
34.75
37.5
33
21.25
20.5
20.25
20.5
20
20.75
20.75
20.5
624.25
26
21.25
21
21
21
21
20.75
21.75
21
20.75
20.75
24.5
36.75
34.75
36.5
36.75
36.75
40
35.25
39.25
27
25.25
21
21.25
21.25
20.75
21
20.75
21
20.75
21
21.25
20.5
20.75
20.75
21
20.75
20.75
20.75
29.25
25.5
21
20.75
20.75
20.75
21.25
20.75
21.5
20.75
24.5
20.75
20.75
20.5
20.75
22
21
20.75
20.75
20.75
20.75
30
22.5
21
20.75
20.75
22.25
23
37
36
34.75
33.25
33.5
21.75
20.75
20.75
20.75
25.75
21.5
20.5
1180507.25
177.75
10.5
35.25
5.25
96
60
34.5
828585.5
65
36.25
31.75
29.25
19.75
18.25
18.75
19.75
18.75
18.75
18.5
17.5
17.75
18.25
20.75
18.75
18
18
18
17.75
18
18
17.75
17.75
17.75
17.5
18
17.75
18
17.75
18
18
17.75
17.75
17.75
18.5
18
17.75
26
16.25
66
21.25
20.75
20.5
21.25
20.5
21
21.75
21.25
20.5
21
20.5
20.5
20.25
21
20.5
20.5
20.25
20.25
20.5
20
20.25
20.5
20.25
21.25
20.5
20.25
24.75
21.25
20.25
20.5
20.25
20.5
20.5
20.5
20.5
20.25
20.25
21
12896
72.5
18.25
17
16.25
16.75
16.25
16.75
17.25
16.5
16.25
16.5
16.25
16.25
16.25
16.25
16.5
16.5
16.5
16
16.75
16
16.25
16.25
16.5
16
16.25
18.5
16.75
16.5
16.5
16.5
16.25
21.5
16.75
20.75
16.75
16.75
16.5
16
1187425.25
27
26.75
827448
48.75
22.75
21
20.5
20.5
19.75
19.75
20.5
18.5
18
18
17.75
17.75
18.25
19
18.25
18
18
17.75
18.5
18.5
18
18
17.75
18
17.75
18.25
19.75
18
18
18
17.5
18
18
18.5
17.75
18
18
17.75
15.75
70
22.75
21.25
20.75
20.75
21
20.5
21.75
21
20.75
20.75
20.75
21.25
20.75
21
20.75
20.75
20.75
21
20.5
20.75
20
20.75
20.5
20.5
21
20.75
21
24.5
21
21
20.5
20.75
20.75
20.75
20.75
20.75
20.75
20.5
12929
63.75
18
16.25
16.5
16.5
16.5
16
17.5
16.25
16.5
16.5
16.75
16.5
16.25
16.5
16.5
16.25
16.25
16.5
16.25
16.5
16
16.5
16.5
16.25
16.5
16.75
16.75
16
16.75
16
16.75
16
17
16.5
21
16.75
16.5
16
1187676.25
28.5
32
827705.25
48
22.75
19.75
20.25
20
20.5
20.5
21.5
20
18.25
19
19.5
21.5
20
19.5
19.5
19
19.5
20.25
19.75
19.25
18.25
17.75
18
18.25
17.75
18
18
18.25
18
17.75
18
17.75
18
17.75
17.75
17.75
18
18
15.5
71
22
21.25
20.75
20.75
20.75
21.5
21.75
21.25
21.25
21.5
20.75
26.25
21.25
20.25
20.5
20.75
20.5
21.25
21.25
20.5
20.75
20.5
20.5
20.5
20.5
20.75
20.5
24.5
20.5
20.75
20.25
20.5
20.25
20
20.5
20.25
20.5
20.5
12909.5
59.25
17.5
16.5
16.5
16.25
16.75
16
17.5
16.25
16.25
15.75
16.75
16
16.25
16.25
16.25
16
16
16.25
16.25
16
16.5
16.5
16
16.25
15.75
16.75
16.5
16.25
15.75
16.25
16.25
16
16
16.5
16
20
16.25
16
1189710.25
26.75
28.25
827616.5
47
22.5
21.75
20.5
23.5
19.75
20
21.25
20.25
19.5
19.5
23
21.75
22
21
19.5
18.25
19
22.25
22.5
22
29.5
20.25
19.75
19.25
22.5
22.5
21.25
19.5
19.25
19.25
19.25
21.75
22
22.25
21.5
19.25
19.5
19.5
16.5
75.75
23.5
21.25
21
20.5
20.75
20.75
21.75
20.5
21.25
20.75
20.5
21
20.75
21.75
21
20.5
20.75
20.5
20.75
21.25
20.5
21.25
20.75
20.5
20.5
20.25
21
24.5
21
20.5
20.5
20.5
20.75
20.5
20.5
20.25
20.5
20.5
12835
60
17.25
16.5
16.75
16.25
16.25
16
17.5
16.25
16
16.25
16
16.25
16
16.25
16.25
16.25
16
16
16.25
16
16
16.25
16
16.25
16.25
16.5
16
16.25
16
16.25
16
18.75
16.5
16.25
16.5
20.25
16.25
16.25
1188813
28.5
28
21.5
11.25
10.25
10.25
9.75
10
10
10.75
9.75
9.75
13.5
10
9.75
9.5
10
9.75
9.75
9.75
9.5
9.75
10
10
11.75
10.25
9.5
9.75
9.75
9.75
9.75
9.75
9.5
9.75
9.5
9.75
9.75
9.5
9.75
9.75
9.5
13.25
24.25
20.75
20.75
20.5
21
20.25
21.25
21.25
21
20.5
20.25
20.5
20.5
20.5
20.5
20.25
20.5
20.5
24.25
20.5
20.5
20.5
20.5
20.5
20.5
21
20.5
20.5
20.75
20.25
20.75
20.75
20.75
20.5
20.5
20.5
20.75
20.5
21
1977774.75
103
13.25
10.25
10
9.75
10.5
9.5
9.75
10.5
11.5
10
10
9.75
9.5
9.75
9.25
9.5
9.5
9.5
9.75
9.5
9.5
9.75
9.5
9.5
9.75
10.5
9.75
9.5
9.5
9.75
9.5
9.5
9.5
9.75
9.75
9.5
9.75
9.75
9.75
13
21.75
20.75
20.5
20.5
21
20.25
20.5
25.25
21.5
20.5
20.75
20.25
20.25
20.25
20.75
20.25
21
21
20.5
20.25
21
20.25
20.25
20.25
20.5
20.25
20.25
20.25
20.5
20.25
20.5
19.75
20.75
20.25
20.25
20.25
23
20.25
20.5
1975093.5
246
30
21.5
21
20.25
20.75
20.75
20.75
22.25
21
20.75
20.75
20.75
20.5
20.75
20.75
20.75
20.75
21
20.75
20.75
20.5
20.75
20.75
20.75
20.75
25
20.75
20.75
20.5
21.25
20.25
20.75
20.5
20.75
22.5
21
21
20.75
26.5
437.75
52.75
30
28.25
28.5
28.5
27.75
28.5
29
46
50
51.25
47
48
54.25
52.5
52.5
54
54.25
53.5
48.75
48
50.75
48.25
49.75
48.5
50.5
52.25
52
50.5
52.25
46
30
28.25
29.75
28.25
28.25
28.75
28
28.25
1197684.25
86.75
14.75
10.5
10
9.5
9.75
9.5
9.5
10.5
9.75
9.5
9.25
9.75
9.5
9.75
9.5
9.5
9.75
9.5
9.5
9.5
9.75
9.5
9.5
9.5
9.5
9.5
9.75
9.5
9.5
9.25
9.5
9.5
9.5
9.5
9.5
9.75
9.5
9.5
10
22.75
50.5
29.5
28.5
28.5
28
28.25
28.25
29.75
49.75
51.25
49.75
46.75
50.25
54
52.25
52
54.75
54
53
48
49.25
49.5
48.75
49.5
49
50.5
52.25
52
49.5
52.25
42.75
29
28
30
28.25
28.5
28.5
28.25
28.25
1177597.25
20174.25
26
21
21
21
21
21
21
21.5
21
20.75
21
31.5
36.5
35.75
36
36.5
40.25
36.5
37
35
22.25
25.5
21.25
20.75
21.25
21
20.75
20.75
21
20.75
21.25
21
20.5
20.75
20.75
21
20.75
20.75
21
1550.5
27.25
23
21.5
21
20.75
20.75
20.75
21.5
21
20.75
20.75
21
22.5
20.75
20.75
20.75
20.5
20.75
20.75
20.75
20.75
20.5
20.5
22.25
20.75
24
20.75
21
20.5
20.5
20.75
20.75
20.75
22
21.25
21
20.75
20.75
20.75
1179455.75
151.75
31654.75
20.25
15.5
16
15
15.25
15
15.75
16
15.25
15.5
19
15
15.5
15
15
15.5
15
16
15
15.25
15.25
15
15.25
15
15.25
15
15
17.25
15.75
15.25
15
15.25
15
15
15
15.5
14.75
15
15.25
11.25
22.25
20.75
20.5
20.75
20.5
21
25
21.75
20.5
20.75
20.5
20.5
21
20.5
20.25
20.75
21
20.5
20.5
20.5
20.5
20.5
20.75
20.5
20.5
21
20.75
21
20.5
20.75
20.25
20.5
20.5
20.75
23.25
20.75
20.75
20.5
20.5
815255.75
59.75
21.5
20.5
20.75
20.5
20.5
22
22
24
20.75
20.75
20.75
20.5
20.75
20.5
20.5
20.75
21.75
20.75
20.5
20.5
20.75
20.5
20.5
20.75
20.5
20.5
20.75
21.75
20.5
20.75
20.75
20.5
20.5
20.5
20.25
23.5
20.75
22
1162080.25
21.5
20346.5
30577.75
19.75
15.75
15.25
15
15
15
15
16.75
15
15.25
14.75
19
15.25
15
15
18.75
16.5
16
15
15.25
14.75
14.75
15
14.75
15.25
15
15
15
15
15
14.75
14.75
15.25
14.75
15
14.75
14.75
15.25
14.75
11.25
22.75
22.75
21
20.5
20.5
20.75
20.75
26.75
20.75
20.75
21.25
21
20.5
20.75
21.25
21.25
20.5
20.75
20.75
20.5
20.75
20.75
20.5
20.75
20.75
21
20.75
20.75
21
21
21
20.75
21.25
20.75
20.25
23.75
20.75
20.75
20.5
814524.5
55.5
21.25
21
20.5
20.75
20.75
20.5
21.5
20.75
24.25
20.75
25.75
32
21
21
20.25
20.75
20.75
21
20.75
20.75
20.5
21
20.75
20.75
20.75
20.75
20.5
20.75
20.75
20.75
21
20.75
20.25
20.75
20.5
20.75
24.25
20.5
1162672.75
25
20334.5
30503
19.5
16
15
15.25
14.75
15
15
16
15.25
15
15
18.75
15.5
15
15.25
15.5
15
15.25
15.25
15.25
15
15
14.75
15.25
15.25
15
15.25
15
15.25
15.25
15
15
15
14.75
15.25
15
15
15
15.5
11.25
22.75
21.25
20.75
20.75
20.75
20.75
20.5
26.25
21
21
21.5
20.75
20.75
20.75
22.25
21.25
21
21
20.75
21
20.5
21
20.75
20.75
21.25
21
20.75
20.75
20.75
21
21
20.75
20.75
21
21
24
21.25
20.75
21.25
814817.25
56.5
21
20.75
20.75
20.75
20.5
20.5
23.25
20.75
24.25
20.5
20.5
20.5
20.75
20.5
20.75
20.5
20.5
21.75
20.75
20.5
20.75
20.5
20.75
20.5
20.5
20.5
20.5
21.75
21
20.75
20.5
20.75
20.75
20.5
20.5
20.75
23
20.5
1164743.75
21.75
20339.75
30785.5
20
15.75
15.5
15
14.75
15.25
15
16.25
15
15.75
15
18.5
16.25
15.75
15
15
15
14.75
15.25
15.25
15.25
15
15.25
14.75
15
15.25
14.75
15.25
14.75
15
15.25
15
15
15
15.5
15.25
15
15
15
11.5
22.5
21
21.75
21
20.75
20.5
20.75
26.5
21
20.5
20.75
20.75
28.5
24.5
21.25
20.75
20.75
21
20.75
20.75
21
21.5
21.25
21
20.75
21.5
21
21
22.25
21.25
20.75
20.75
21.25
21
20.75
23.75
21
21
20.75
814431.25
56.75
21
20.5
20.75
20.5
20.5
22.25
21.75
20.75
23.75
20.75
22
20.75
20.5
20.5
20.75
20.5
20.5
20.5
20.5
20.25
21.5
21
20.5
20.75
20.5
20.5
20.5
20.75
20.5
20.5
20.5
21.75
20.75
20.5
20.5
20.75
22.75
20.75
1163876.25
23.75
20327.75
25.5
21
20.75
20.75
21.25
20.5
20.75
21.5
24.25
21.25
20.75
20.75
20.25
20.75
22.25
20.75
20.75
20.75
20.75
20.75
30
22.75
20.75
20.75
20.75
22.25
25.75
37.25
36
34.5
33.25
31
21.75
20.75
20.75
22
24.5
21.25
20.75
11.75
15.75
15
14.75
15
14.75
14.75
15
15.25
15
14.75
16.25
15.25
14.75
15
14.75
15.25
14.75
14.75
15
14.75
15
14.75
14.75
15
14.75
15
15.5
15.25
15
14.75
15
14.5
14.75
15
14.75
15
14.75
14.75
17.5
1180328.75
205.75
27.5
22.75
21.25
21
21
20.75
20.75
21.5
20.75
21
20.75
22.25
21
20.75
20.75
20.75
20.75
20.5
20.75
20.75
20.75
20.5
22
21
23
21.5
21
20.75
20.5
20.5
20.75
20.75
21
22.25
21
20.75
20.75
20.75
21
433
25.5
22.5
21
20.75
20.5
27.5
33.75
32.75
36.25
38.25
38.25
38.75
41
40.5
39
39.75
36.75
33.75
35
37.25
35.25
34.5
41
38
39
38
43
37.75
36.25
32.75
32.5
34.25
22.5
22.25
21.25
20.5
20.75
20.5
20.75
1060.75
39
34.5
33.25
35.5
34.75
33.5
33.5
34.5
36
34
33.25
30.5
34.75
33
34.25
33.75
40.75
34.25
36.25
33.25
33.5
33.75
33.75
33.25
32.75
32.25
35.25
32
34.25
35.75
22.5
21
20.75
20.75
20.75
20.75
20.75
20.5
20.5
30.25
53.25
26.25
24.75
29.25
24.75
24.5
25
25.5
25.25
26
24.75
25
24.25
24.5
24.75
24.5
24.5
24.5
24.75
24.5
26
25.25
24.5
24.5
26.5
24.5
24.75
24.5
24.5
24.5
24.75
28.75
25
24.5
24.75
24.75
24.5
24.5
24.75
1174610.25
121
61
62.25
29217
33.5
25.25
22
21.5
21.5
21.25
21.25
23
21.5
21.25
21
21.5
21
21.25
21.5
21.25
21.25
25
22.25
21.25
21.25
21.25
21.25
21
21.25
29.75
20.75
20.75
20.75
20.75
20.5
20.75
20.75
20.75
20.5
20.75
21
20.5
20.75
475
22.25
20.75
20.5
21
20.5
20.25
20.5
21.25
20.5
20.25
20.5
20.5
20.5
20.5
20.75
20.5
20.5
20.5
20.5
23
21
20.25
20.5
20.25
20.75
20.25
20.5
20.25
20.5
20.5
20.25
20.5
20.5
20.25
20.25
21
20.5
20
20.75
11.25
52.75
16
15.25
15.75
15
15.25
15
16.75
15.25
15.25
18.75
15.5
15.25
15
15.25
15.25
15.25
15.5
15.5
15
15
15.75
15
15
15
15.25
15
17
15.75
15.5
15
15
15.25
14.75
15.25
15.25
14.75
15.25
15
817569
57
21.25
20.5
22
20.5
20.25
20.5
21.5
20.75
20.5
20.5
20.5
20.5
21.75
20.75
20.25
20.75
20.25
20.5
20.5
20.5
20.25
20.5
23.25
22.5
21
20.5
20
20.5
40.25
22
21
20.75
20.5
20.75
22.25
20.5
20.5
20.5
1160331
156.75
92
20514.25
28285.25
27.75
22
21.25
20.75
21
20.75
20.75
22.5
20.75
20.5
20.5
20.75
20.75
20.75
22.5
20.75
20.75
21
24.5
21.75
21
20.75
20.75
20.75
20.75
20.75
20.75
20.75
20.75
21
20.75
20.75
20.75
20.5
20.75
20.75
21.25
20.75
20.75
459.25
22.75
21.5
20.75
20.5
20.75
20.75
20.5
21.5
22
21
21
20.5
21
21
21
20.75
20.75
20.5
20.75
21
23.5
21
20.75
20.75
20.5
20.75
20.5
20.75
21
21
20.75
20.5
20.75
20.75
21
21
20.25
20.75
20.75
11.25
51
16
15.25
15
15.25
14.75
15.25
16.25
15.75
14.75
15.25
18.5
15.5
15
15
14.75
20
16.25
15.25
15
15
14.75
15
15
14.75
15.25
15
15
15
15
15
14.75
14.75
15
15
15
14.75
14.75
15
816858.75
58.75
21
20.75
21
20.75
20.75
20.25
21.75
21
20.5
20.75
20.5
20.75
21
20.5
20.5
20.75
20.5
20.5
20.5
20.75
20.5
20.75
20.5
24.25
20.75
20.75
20.75
20.25
21.25
20.75
20.75
20.75
20.5
23
20.75
20.5
20.75
20.5
1160931
156.25
99.5
20505.5
28201.5
28
25.75
23
21.25
21
21
21
22.75
21.25
21.25
21
21
20.75
21
20.75
21
20.75
21
24.25
22
20.75
21
21
20.75
21
21
20.75
20.75
22.75
21.25
20.75
21
21
20.5
20.75
20.75
21
20.75
21
462.25
22.5
21.25
20.75
20.75
20.5
20.75
20.75
21.5
21
20.75
20.5
20.75
20.75
20.5
20.75
20.75
20.5
20.75
21
20.75
23.25
22.5
21
20.75
20.5
20.75
20.75
20.5
20.75
21
20.5
20.5
20.5
20.75
20.5
20.75
20.5
20.75
20.75
10.75
51.25
15.75
15.5
15
14.75
15.25
14.75
16.25
15
15.25
14.75
18.75
15.5
15.25
15
15.5
15.25
15
15.25
15.25
15.25
14.75
14.75
15.25
15.25
15.25
15
15.25
14.75
15.5
15.25
14.75
15.25
14.75
15
15
15
15.25
14.75
817140.75
55.5
21
20.5
21.75
20.75
58.5
23
21.25
20.75
20.5
20.25
20.25
20.5
20.5
20.75
20.25
20.75
20.25
20.5
20.25
20.5
20.5
20
20.5
24.75
20.5
20.25
20.5
20.25
20.5
20.25
20.5
20.5
20.75
20.5
20.25
20.5
20.25
20
1162981.5
162
87.5
20505.5
28432.75
32
23
21.5
21.25
20.75
21.25
20.75
22.75
21.75
20.75
21
20.75
21
20.75
21
20.75
21
21
20.75
34.5
21.75
21.5
21.75
21.5
21.25
21.5
21.5
21.25
21.5
22
21.75
21.75
21.75
21.75
21.75
21.5
21.5
21.75
21.5
484.75
23
21.75
21.5
21.25
29.75
20.75
20.5
21.75
20.75
20.75
20.5
20.5
20.5
20.5
20.5
20.5
20.25
20.5
21
20.5
23.25
21.25
20.75
20.5
20.5
20.5
20.5
20.5
20.5
20.5
21
20.5
20.75
20.5
22
20.75
20.5
20.25
20.5
11
51
16.5
15.25
15.25
14.75
15
15.25
16
15.25
15.25
15.5
14.75
19.75
15.5
15.5
14.75
15.25
14.75
15
15.5
15
15.25
14.75
15
15.25
14.75
15.25
15
14.75
15.25
15
15
15
15.25
15
15.5
15.25
14.75
15.25
816797.25
57.75
20.75
20.5
20.5
20.25
20.5
20.75
21.5
20.75
20.5
20.75
20.5
20.75
20.75
20.5
20.5
20.75
20.5
20.75
20.5
20.25
20.5
20.75
21
23.75
21.5
20.25
20.5
20.5
20.25
20.5
20.5
20.75
20.75
20.5
20.5
20.5
20.5
20.5
1162113.75
164.5
89
20494.75
13.75
10.5
9.75
9.5
9.5
11.5
11
12
11
11.25
12
11.25
9.75
10.75
9.75
9.75
9.75
9.5
10.75
11
10.75
11.75
11
11
11
9.75
9.75
9.5
9.75
9.5
9.5
10.5
11
9.75
9.75
9.75
12.5
9.75
9.5
19.25
25.75
22.5
20.75
20.75
20.5
30.75
33.5
33.25
37.5
38.75
38
38
42.25
39.75
39.75
38.5
36
34.25
35.25
36.75
34.75
36
42.5
36.75
38.5
38
43.25
36.75
36.25
32
33
31.75
21.5
22.5
21
20.5
20.75
20.5
20.5
1157293.75
20751.75
25.5
22.5
21
20.5
21
32.75
33.25
34
37.75
39
37.75
40.25
40.75
39.5
39.75
38.5
35
34.5
36
36
34.25
36.5
43
37.25
38
42.5
39.25
36
35.25
32
33.25
29.25
21.5
22.5
21
20.5
20.75
20.5
20.75
11.5
15.5
17
25.5
24.25
23.25
25
30.5
30.25
27.75
28
28.5
27.75
28.75
28.75
37
28.5
26.5
25
24.25
24.75
27.25
25.75
30.5
25.75
26.5
24.75
26
28.5
26.75
27.5
27
28.25
26.25
26.75
23.25
21.75
21.75
22
21.75
1177020.5
181.25
842757.75
26.25
17.75
16.5
16.75
16.5
16.75
16.25
17.5
16.25
16.5
16
16.5
16
16.5
16.5
16.5
16.5
16
16.5
16.25
16.25
16.25
16.5
16
16.5
16
18.5
17
16.5
16.5
16.25
16.5
21.75
16.25
20.75
17
16.75
16
16.5
13.25
11.25
13.5
10.5
10.5
11
10
10.5
10.25
10.75
10
10.75
10
10.5
9.75
10.5
10.75
10.75
9.75
10.75
9.75
10.5
9.75
11
9.75
10.5
10
10.5
9.75
10.5
9.75
10.5
10.25
10.5
9.75
10.5
9.75
10.5
10.25
10.5
10
10.75
9.75
10.5
9.75
10.5
10
10.25
9.75
10.5
13
10.75
10
10.5
9.5
10.5
10
10.5
10.25
10.75
10
11
9.75
10.5
10.25
10.5
10
10.5
10
10.25
10
10.5
10
10.75
9.75
10.5
9.75
10.5
10
10.5
12.5
5.25
10.5
5.25
10
4.75
10
5
10
5
10.25
5
10
5
10
4.75
10.75
5.25
9.75
5
10
4.75
10
5
10
5
9.75
5
9.75
5
10
4.75
10
5.25
10
5
10.25
5.25
9.75
7
12
5.25
10
5.25
10
5.25
10
4.75
10
5
10.75
5.25
10.25
5
10
5
10
5
9.75
5.5
10
4.75
10
4.75
10
5.25
9.75
5
9.75
5.25
10
4.75
10
5.25
10
5
9.75
5
9.75
5.25
438
61.25
21.25
21
20.5
20.5
22
27
26.25
25.5
24.5
24.25
23.75
25.5
26
24
23.75
24.75
24.5
25.75
24.5
23.75
24.5
24.5
24
25
24.5
23.75
23.75
24.25
29.75
24.5
24.25
24.25
36.25
29.25
30.5
26.75
24.25
24
748.25
69.5
26
26.75
24.75
22
23.5
22.25
23
21.5
35.75
34.5
36
22.75
20.75
21
21
20.75
21
21.25
20.75
20.75
25
20.75
21
20.75
20.75
23
21
20.75
20.75
20.75
20.5
20.75
20.75
21
20.75
21.75
21.5
20.75
28.75
60
21
20.5
20.5
20.5
20.75
22
21.75
24.5
20.75
20.5
20.5
20.75
20.5
20.5
20.75
20.5
22
20.75
20.5
20.5
20.75
20.5
20.75
20.5
20.5
20.75
21.5
21
20.25
20.5
20.75
20.5
20.5
20.75
20.5
23.25
20.75
22
1182022.25
174
10.25
34.5
5.25
109.75
60
33
841624.25
26
17.25
16.25
16.5
16.5
16.25
16.5
17.25
16.5
16.5
16.25
17
16.25
16.5
16.25
16.5
16.25
16.5
16.25
16.5
16.25
16.25
16.5
16.25
16.25
16.25
17.25
16.25
16.75
16.25
16.25
16.25
16.75
16.75
16
21.5
16.75
16
16.5
13.25
11
14.75
10.75
10.5
11
10.25
10.75
10.25
10.5
10
10.75
10
10.5
10.5
16
18
14.75
11.75
11.25
10.25
10.5
10
10.75
10.25
10.75
10
10.75
10
10.5
9.75
10.75
10.25
10.5
10
10.75
10.25
11
10.25
10.5
10.25
10.5
10
11
10
10.5
10
10.75
10
17.75
11.5
13.5
10.75
10.75
10
10.5
10.25
10.5
10
10.75
10
10.75
10
10.5
10.25
10.5
9.75
11
9.75
10.75
9.75
10.5
10
10.5
10
10.5
10
10.5
10
10.5
13
5.5
10.75
5
10.25
5.25
10
5
10
5.25
10
4.75
10
4.75
10
5.25
10.5
5
10
5.25
10
4.75
10
5
10
5
10
5
9.75
5.25
10.25
4.75
10.25
5.25
9.75
5
10
5
9.75
5.25
10.25
4.75
12.75
5.25
10
5
10
5
10.25
4.75
10
5
10
5
10
4.75
10.25
5
10
5.25
10
5.25
9.75
5.25
10
5
9.75
5.25
11.25
5
10
5.25
10
5
9.75
5.25
9.5
5.25
10
4.75
434.5
60.75
21.5
20.75
20.5
20.25
20.25
20.25
21.25
21
20.25
20.5
20.25
20.75
20.25
20.25
20.5
20.25
20
20.25
20.25
20.25
20.75
20.5
20.25
20.25
20.25
22
21
20.25
19.75
23.75
20.5
20.25
20
20.5
20.5
20.25
20.25
20.25
619.5
58
21.5
21
20.75
21
20.75
20.75
21.75
20.75
20.75
20.75
20.75
20.75
21
20.75
20.75
21
21
20.75
22.25
21.25
20.75
24
20.75
20.75
21
20.75
20.75
20.75
20.75
20.5
20.75
20.5
20.75
20.75
20.75
20.75
20.75
20.75
28.25
55.5
21.25
20.75
20.75
20.75
20.5
20.75
21.5
20.75
24.25
20.5
30.75
27.25
20.75
20.75
20.75
20.75
20.75
21
20.75
20.5
20.75
21
20.75
20.5
20.75
20.5
20.75
20.75
20.5
21
21
20.5
20.75
20.5
20.75
23.25
21.5
20.5
1182614.5
174.75
10.5
34.5
5.25
99.75
59.75
33.75
841885.25
24.75
17
16.5
16.5
16.75
16
16.25
17.25
16.5
16
16.25
16.5
16.25
16.25
15.75
16.5
16
16.25
16
16.25
16
16.75
16
16.5
15.75
16.25
16.5
16.75
15.75
16.25
16
16.25
16
16.25
16
19.25
17.25
16
16.25
13.25
11
13.5
10.75
10.5
10.5
10
10.5
10
10.5
9.75
10.5
9.75
10.5
10
10.25
10.75
10.5
10
10.5
9.75
10.5
10
10.5
10
10.5
9.75
10.25
12
10.75
10
10.25
10.25
10.5
9.75
10.25
10
10.25
9.75
10.5
10
10.5
10
10.5
10
10.5
9.75
10.5
10
10.5
9.75
10.5
12.75
10.75
9.75
10.5
10
10.5
9.5
10.5
10.25
10.5
9.75
10.5
10
10.5
10.25
10.5
10
10.75
9.75
10.5
10
10.5
9.5
10.5
10
10.5
9.75
10.5
12.5
5
10.5
5.25
10.5
5
9.75
5.25
10
4.75
10
5.25
9.75
5
10
5
10.75
5
10
4.75
9.75
5
9.75
5
10
4.75
9.75
5.5
10
4.75
9.75
5
10
5
9.75
4.75
9.75
5.25
9.5
5
10.25
4.75
13.5
5.25
9.75
5
9.75
5.5
9.75
5
9.75
5.25
9.75
5
9.75
4.75
10
5
9.75
4.75
9.75
5.25
9.5
5
10
5
9.5
5.25
9.75
5
10
5
9.75
5
9.75
5
10
5.5
9.75
5
442.75
58.5
24.5
20.75
20.75
20.25
20.75
20.5
21.25
20.75
20.25
20.25
20.75
20.5
20.25
20.25
20.25
20.25
20.25
20.25
20.25
20.5
20.75
20.25
20.25
20.25
20.5
20.25
20.25
20.5
20.25
23
20.75
20.5
20.5
20.25
20.25
20.5
20.5
20.25
622.75
58.25
21.5
20.75
20.75
20.5
22.5
20.75
21.5
20.75
20.75
20.75
20.75
20.5
20.75
20.75
20.5
22
20.75
20.5
20.75
20.75
20.5
23.75
20.75
20.75
20.75
21.75
21
20.75
20.75
20.5
20.5
22.25
21.25
20.5
20.5
20.75
22
20.75
28.5
56
21
20.75
20.75
20.75
20.75
20.5
23
20.75
24
20.75
20.5
20.75
20.5
20.75
20.5
20.5
21.5
20.75
20.75
20.5
20.5
20.75
20.5
20.5
20.75
20.5
20.5
22
21
20.5
20.75
20.75
20.75
20.5
20.5
22.5
21.25
20.5
1184689.5
175
10
35.25
5
97
60
34
841802.75
24.75
17
16.75
16.5
16.5
16
16.25
17.25
16.25
16.25
15.75
16.5
16
16.25
15.75
16.5
16
16.25
16
16.25
16
16.25
15.75
16.5
15.75
16.75
16
16.5
16
16.25
15.75
16.5
18.75
16.25
16.25
19.75
17
16.25
16
13.25
11.5
13
11.25
10.25
10.75
10
10.75
10
10.75
10
10.5
10
10.75
9.75
10.75
10.75
10.75
10
11
10.25
10.75
10
10.75
10
10.75
10
10.75
10
10.75
10
10.5
10
10.75
9.75
10.75
10
10.75
10
10.75
10.25
10.5
10
10.5
10
10.5
10
10.5
10.25
10.5
9.5
10.75
13.25
10.75
12
11
10.25
10.5
10
10.75
9.75
11
9.75
10.75
10.25
10.75
9.5
10.75
10
10.5
10
10.5
10
10.5
10
10.5
10
10.75
10
10.5
12.5
5.25
10.5
5
9.75
5.25
9.5
5
10
5
9.5
5.25
9.75
4.75
10
4.75
10.75
5
10
4.75
9.5
5.25
9.75
4.75
10
4.75
9.75
5
9.75
4.75
9.75
5
9.75
5
9.75
4.75
9.75
5
10
4.75
9.75
4.75
10
7.5
10.5
4.75
10
5
10
9
11.75
4.75
10.25
5.25
10
4.75
10
4.75
9.75
5
9.75
4.75
9.75
5
9.5
5
9.75
4.75
9.75
5
9.75
4.75
10
4.75
9.75
5
9.75
4.75
9.75
5.25
434
57.75
25.25
20.75
20.25
20.5
20.5
20.25
21.25
20.25
20
20.25
20.25
20.25
20.25
20.75
20.25
20.25
20.25
19.75
20.25
20.25
20.75
20.75
20.25
20.25
20.25
20.25
20.25
20.25
20.25
23.25
20
20.25
20.25
20.25
20
20.75
20.25
20.25
618.25
57.75
21.5
21
20.5
21
20.75
20.75
21.75
20.75
20.75
20.5
20.75
20.5
20.75
20.25
20.5
20.75
21
20.75
22.75
21.25
20.75
24.25
20.75
20.5
20.75
20.75
20.5
20.75
20.75
22
20.75
20.75
20.75
20.75
20.75
20.5
20.75
20.75
28
57.25
20.75
20.5
20.5
20.25
20.75
22.5
21.75
20.25
24.25
21.75
21
20.5
20.5
20.75
20.25
20.5
20.5
20.75
20.25
20.75
21.75
20.75
20.5
20.5
20.75
20.5
20.5
20.5
20.5
20.5
20.5
21.75
20.75
20.5
20.5
20.5
23
20.75
1183804.25
173.75
10.25
34.5
5.25
98.25
67.75
34.25
40.5
33.75
33.25
36.75
33.75
33.75
33.5
35.5
34.5
34.25
31.5
32.5
34.5
33.25
33.75
40.25
34.75
36.5
33.5
33.5
33.75
33.75
33.25
33
32.5
33.25
34.25
31.75
35.5
29.75
21.75
20.75
21
20.75
20.75
20.75
20.5
20.75
22
1175827
53.25
26
25.25
28.75
25
24.75
24.5
25.75
25
26
25
24.75
24.5
24.75
24.25
24.5
24.75
24.5
24.5
24.5
26.5
24.75
24.75
24.5
26.25
24.75
24.5
24.5
24.75
24.5
27.75
25.75
24.75
25
24.5
24.5
24.5
24.75
24.5
14.75
16.25
14.75
14.75
16
14.75
14.75
14.5
15.5
14.75
14.75
14.5
14.5
14.75
14.25
14.5
14.75
14.5
14.5
14.75
16.5
14.75
14.5
14.5
14.75
14.75
14.5
14.5
14.5
14.75
17.25
14.75
14.75
14.5
14.75
14.5
15.75
14.5
14.5
14.75
1174260.25
112.25
29.25
21.25
20.75
20.75
20.75
21
20.5
22.25
20.75
21
20.5
20.5
20.5
20.75
20.5
20.5
20.25
20.5
20.25
20
20.5
20.25
20.5
21
20.5
20.5
23.5
22
20.75
20.25
20.5
20.5
20.25
20.5
20.5
20.5
20.25
20.75
20.5
454
65.5
57.25
53.25
49
46.5
50.25
54.5
55.25
49.25
48.5
49.5
49.25
46
41
28.75
28
28
28.5
28
28
27.75
28
28
28.25
27.75
28
27.5
27.75
27.75
27.75
32.75
28.25
28.25
28.75
28
27.5
28
29.75
28
1199184
84.75
828200.75
30
22
21
20.75
21
20.75
20.5
21.75
21
20.75
20.5
21.25
21
20.75
21
20.75
20.75
21
20.5
20.75
20.5
20.25
20.5
20.75
20.75
20.75
21
23.75
21.5
21
21
20.5
20.75
20.75
20.75
20.5
21
20.75
20.5
446
49.75
29.5
32.75
28.5
28.75
28
28.25
29
27.75
28
27.75
28
28.25
27.5
28
28.25
27.75
29.5
28.5
29.25
28.25
28.5
27.5
28.25
27.5
28
28
28
28.5
28
27.5
32
28.5
27.75
28
28
27.5
28
27.5
1199758.25
85.75
828474.5
31.5
21.75
20.75
20.75
21
21
21
22.25
21
21.75
21
24.25
22.75
21
20.5
20.5
20.5
20.75
21.5
20.75
20.75
20.5
20.5
20.5
20.5
20.75
20.5
23.75
21.25
20.75
20.5
20.25
20.5
20.25
20
20.5
20.25
20.5
20.5
443.25
49
30
34
28.5
28.25
28
28
28.5
28.5
28.25
27.75
27.75
28
27.75
28
27.75
27.75
28.25
27.5
28.25
28
27.75
29.5
28
27.75
28.5
27.5
27.75
28
28
28
31.75
28
28
27.75
28
27.75
28
27.5
1201762
81.25
828468.75
31.75
21.75
21.5
20.75
20.5
20.5
21
21.5
20.75
21.25
20.75
21
20.5
20.75
22
20.5
20.75
20.5
20.5
21.5
20.5
21
21
20.5
20.5
20.5
20.75
23.5
22
20.5
20.75
20.5
20.75
20.5
20.5
20
20.5
20.5
20.75
440
49.75
30
34.75
29
28.25
27.75
28.5
29
28
28.25
28.25
27.75
28
27.75
27.75
28.5
28
28.25
28
28
28.25
27.75
28
28.25
28
28
29.5
28
28
28
28.25
28.25
31.25
28
27.75
28.25
27.75
28
27.5
1200792.5
81.75
15.5
11.25
10.25
9.75
9.75
9.5
9.5
10.25
9.75
10
9.25
9.25
9.5
9.75
9.75
9.5
9.5
9.5
9.5
9.25
9.5
9.5
9.75
9.5
9.5
9.5
9.5
10.25
9.75
9
9.5
9.5
9.25
9.5
9.5
9.75
9.5
9
9.5
20.25
61.75
20.75
21
20.5
20.5
25.25
27.25
25.5
22.75
24.5
24.75
24.25
26.75
24.25
23.5
24
26
25.75
24
24
23.75
24.25
26.75
23.75
23.75
23.75
23.75
24
25.5
29
23.5
24.25
24.75
38.25
29.5
30
24.75
24.25
25.25
1164504.25
20421.75
843889.75
13.75
10.5
9.75
9.25
9.75
9.75
9.75
10.5
9.75
9.75
9.25
9.75
9.5
9.5
9.25
9.5
9.5
9.75
9.5
9.5
9.5
9.5
9.5
9.25
9.5
9.5
9.5
9.5
9.5
9.5
9.25
9.5
9.25
9.5
9.5
9.5
9.75
9.5
9.5
20
60.5
21.25
20.5
20.5
20.25
20.5
20.25
21.5
20.75
20.25
20.5
20.25
20.75
20
20.5
20.25
20.25
20.25
20.25
20.25
20.5
20.5
20.25
20.25
20.25
20.25
22.25
20.5
20.25
22.75
21
20.5
20.25
20.25
20.5
20.5
20.25
20.25
20.25
1164883.75
20425.25
844095.5
13.75
10.5
9.75
9.75
9.5
9.75
10.75
11
9.75
9.5
9.75
9.5
9.25
9.25
9.5
9.5
9.75
9.5
9.25
9.5
9.5
9.5
9.75
9.25
9.75
9.25
9.5
9.5
9.5
9.5
9.5
9
9.5
9.5
9.5
9.75
9.5
9.75
15.25
20.75
61.75
21.5
20.5
20.75
20.5
20.5
20.5
21.5
20.5
20
20.5
20.5
20.5
20.25
20.5
20.25
20.25
20.25
20.25
20.25
20.5
20.5
20.25
20.25
20.5
20.5
20.25
20.25
20.5
20.25
23
20.75
20.5
20.5
20
20.25
20.5
20.5
20.5
1166958
20412.75
844025.75
13.75
10.75
10
9.75
9.5
9.25
9.5
10.5
9.75
9.5
9.5
9.5
9.5
9.25
9.5
9.25
9.5
9.75
9.5
9.25
11.25
9.75
9.75
9.5
9.5
9.25
9
9.5
9.5
9.5
9.5
9.5
9.5
9.5
9.25
9.5
9.5
9.25
9.5
19.5
61.25
21.5
20.5
20
20.75
20.25
20.25
21.25
20.5
20.25
20.25
20
20.25
20.5
20.25
20.25
20.25
20.25
20.25
20
20.5
20.75
20.5
20.25
20
20.25
20.25
20.25
20.25
20.5
23
20.25
20.25
20.25
20.25
20.25
20.5
20
20.25
1166080.25
20398
27.75
21
20.75
20.5
20.25
27.25
25.75
26.5
24.5
22.5
23.5
24.75
26.5
24
24.25
26
25
24.75
23.75
23.5
25.25
25.75
24.25
23.5
23.75
24
24
26
27.25
24.5
24.25
25.25
30.75
32.5
29.75
28.25
24.75
25.5
25.75
12.75
19.75
18
18.25
18
17.75
17.25
17
19
18.25
18.25
17.75
17.75
17.5
17.25
18.25
18.5
17.75
18
17
16.5
18
18.25
17.5
18
17.5
16.75
17.75
18.25
17.5
17.75
23.25
18
17.25
17
17.5
18
18.25
17.75
17.75
1184213
156.75
844159.5
30.25
21.25
20.5
20.25
20.25
20.25
20.5
21.5
20.5
20.5
20.5
20.25
20.5
20.5
20.25
20.25
20.5
20
20
20.25
20.75
20.5
20.25
20.25
20.5
20.25
22.25
20.5
20.25
22.75
21
20.5
19.75
20.5
20.5
20.25
20.25
20.25
20.25
11.5
17
14.5
14.75
14.75
14.5
14.75
15.25
15.25
15
15
14.75
14.75
14.75
14.75
14.5
14.75
14.75
14.5
15
14.75
14.5
14.75
14.5
14.25
15
14.25
14.5
14.75
14.75
15
14.5
18.75
14.5
14.75
14.75
14.5
15
14.5
14.75
1184719
155
844376.5
30
21.5
20.5
20.75
20.5
20.5
20.5
21.5
20.25
20.5
20.75
20.25
20.5
20.25
20.25
20.25
20.25
20.25
20.25
20.25
20.75
20.5
20.25
20.25
20.5
20.25
20.25
20.25
20.25
22.5
21.25
20.5
20.5
20.5
20.25
20.25
20.5
20.5
20.25
13.5
17
15.25
14.5
15.25
14.5
14.75
14.75
15.25
14.75
14.75
14.5
14.75
14.5
14.5
14.75
14.5
14.75
16.75
14.5
14.75
14.5
14.75
14.5
14.5
14.75
14.25
14.5
14.75
14.5
14.25
14.75
18.5
14.75
15.75
14.75
14.5
14.75
14.5
14.5
1186777.5
155.75
844297
30.75
21.5
20.5
20.25
20.75
20.25
20.25
21.25
20.25
20
20.25
20.25
20.25
20.5
20.5
20
20.25
20.25
20
20.25
20.75
20.5
20.5
20.25
20.25
20.25
20.25
20.25
20
23
20.75
20
20
20.5
20.25
20.25
20.5
20.25
20.25
11.25
17
14.75
14.5
15
14.5
14.5
14.75
15
14.5
15
14.5
14.5
14.75
16
15
14.5
14.5
14.5
14.5
15
14.5
14.25
14.75
14.5
15
14.5
14.5
14.75
14.5
14.75
14.75
18.25
15.25
14.5
14.75
14.5
14.5
14.75
14.25
1185889
163
26.25
21
20.75
20.5
20.5
20.75
22
21.75
24.25
20.75
20.5
20.75
20.75
20.5
20.5
20.75
21.5
21
20.5
20.5
20.5
20.75
20.5
20.75
20.5
20.5
20.75
21.75
20.75
20.5
20.5
20.75
20.5
20.5
20.25
23
21.25
20.75
22
13.75
15.75
15.25
14.75
14.75
14.5
14.75
14.75
15.25
15
14.5
14.5
14.75
14.75
14.5
16
14.75
14.75
14.5
14.75
14.75
14.5
14.75
14.5
14.5
14.75
14.5
14.5
15
14.5
15
15.5
14.75
14.75
14.5
14.5
15
14.25
17.5
14.5
1181856
217
846351.25
25.5
21.25
20.75
20.75
20.5
20.75
20.5
21.5
23.75
21.25
20.75
32.75
25.5
20.75
20.75
20.75
20.25
21.25
20.75
20.75
20.5
20.75
21
20.75
20.5
20.75
20.75
20.75
20.5
20.75
21
20.75
20.75
20.25
20.75
20.75
23.5
21.25
20.5
13.25
15.75
15.25
14.75
14.75
14.75
14.75
14.75
15.5
15
14.75
14.75
15
15.75
15.25
14.75
14.75
14.75
14.5
14.5
14.75
14.75
14.5
14.75
14.75
14.75
14.5
14.5
14.75
14.75
14.75
14.75
14.5
14.75
14.5
14.75
15.25
14.5
14.75
17.25
1182439.25
207
846580.5
26
21
21
20.25
20.75
20.5
21.75
22
23.75
21.25
20.75
20.25
20.75
20.5
20.5
20.75
20.5
21.5
20.75
20.75
20.5
20.75
20.5
20.75
20.5
20.5
20.75
20.25
21.75
21
20.75
20.75
20.75
20.5
20.75
20.5
22.5
21.25
21.5
12.75
15.75
14.75
15
14.5
14.5
14.75
14.75
15.25
14.75
14.75
14.75
14.5
14.5
15
14.5
16
14.75
14.5
14.75
14.75
15
14.5
14.5
15
14.5
14.5
16.25
14.75
14.75
14.5
14.75
16
14.5
14.75
14.5
14.75
14.75
14.5
17.5
1184511.5
207.75
846490.75
25.25
21
20.5
20.5
20.5
20.5
22.5
21.5
20.75
24
22
20.75
20.5
20.5
20.75
20.5
20.5
20.5
20.5
20.5
20.25
21.75
21
20.5
20.5
20.5
20.5
20.75
20.5
20.5
20.5
21.75
20.75
20.5
20.75
20.5
22.5
21
20.5
12.25
15.5
14.75
14.5
14.5
15.75
15
14.75
15
48.5
18.25
15
14.5
14.5
14.75
14.5
14.5
14.5
14.5
14.75
14.25
14.75
14.5
14.75
14.5
14.5
14.75
14.25
14.75
14.5
14.5
14.5
14.5
14.5
14.5
14.5
14.5
14.5
14.5
14.75
1183607.25
204.5
15.25
10.5
10
9.25
9.5
9.5
9.5
10.5
10
9.5
9.5
9.25
9.5
9.75
9.25
9.5
10.75
9.75
9.5
9.25
9.5
9.75
9.25
9.5
9.25
9.5
10
9.5
9.5
9.25
9.5
9.5
13
9.75
9.5
9.5
9.25
9.5
9.25
21.25
56.25
22.75
21
20
20.25
20.25
20.25
21
20.5
20.25
20.25
20.25
21.5
20.5
20.25
20
20.25
20.25
20.25
20
20.25
20
20.5
21.5
23.75
20.25
20.5
20.25
20.25
20
20.25
20.25
20.25
21.25
20.5
20.25
20.5
20.25
20.25
1159175
20772
848646.75
13.75
10.5
9.5
9.5
9.75
9.5
9.5
10.5
9.75
9.5
9.5
9.75
9.5
11
10.25
9.25
9.75
9.5
9.5
9.75
9.5
9.5
9.5
9.75
9.25
9.75
9.5
9.5
9.5
9.75
9.5
9.5
9.5
13
9.75
9.5
9.75
9.25
9.75
21
58
21.25
20.75
20.5
20.5
20
20.5
21.5
20.5
20.5
20.5
21.5
20.5
20.25
20.5
20.5
20.25
20.25
20.5
20
20.5
20.25
21.5
20.5
23.25
21
20.5
20.25
20.5
20.25
20.25
20.5
21.25
20.75
20.5
20.25
20
20.25
20.5
1159768
20765.25
848891.25
13.5
10.25
9.5
9.5
9.75
9.5
9.25
10.5
9.5
9.5
9.25
9.75
9.5
9.25
9.25
9
9.5
9.5
9.25
9.25
9.5
9.25
9.5
9
9.5
9.25
9.25
9.5
9.5
9.5
9.25
9.5
9
9.5
12.75
9.75
9.25
9.25
9.25
21
56
20.75
20.5
20.5
20.25
20.5
20.5
21.25
20.5
20.25
20
20.5
20.5
20
20.5
20.25
20.5
20.25
20.25
20.25
19.75
20.25
22
20.5
23.25
21.75
20
20.25
20.5
20.25
20.25
20
20.25
20.5
20.25
20
20.5
20.25
20.25
1161840
20753.75
848795.75
13.5
10.25
9.75
9.75
9.5
9.75
9.5
10.75
10
9.75
9.25
9.5
9.5
9.5
9.5
9.25
9.5
9.5
9.5
9.25
9.75
9.5
9.5
9.75
9.5
9.5
9.5
9.5
9.25
9.5
9.5
9.5
9.75
9.5
13
10
9.5
9.5
9.25
21
55.5
21
20.5
20.75
20.25
20.5
20
21.25
20.25
20.5
20.25
20.25
20.5
20.75
20.25
20.5
20.25
20.25
20
20.5
20.25
20.5
20.25
20.5
20.5
23.5
20.5
20.5
20.5
20.25
20.25
20.25
20.25
20.25
20.25
20.5
20.25
20.25
20.5
1160967.5
20742.25
25.75
23
20.75
20.25
20.25
20.25
20
21.25
20.25
20.25
20.25
20.25
21.5
20.25
20.25
20.5
20.25
20.25
20
20
20
20.25
21.25
20.5
23.75
20.5
20.25
20.25
20.5
20.25
20.25
20.25
20.25
21.25
20.25
20.25
20.25
20.25
20.5
11
15
15
14.5
14.75
14.5
14.5
14.75
16.25
15
14.5
14.5
14.75
14.5
14.5
14.5
14.5
14.75
14.5
14.5
17.25
14.5
14.75
14.25
15.75
14.75
14.5
14.75
14.5
14.5
14.5
14.5
14.5
14.75
14.5
14.75
14.5
14.5
14.5
14.5
1179362.5
178.5
848903
27.75
21
20.75
20.5
20.5
20.25
20.5
21.5
20.5
20.5
20.5
21.5
20.25
20.25
20.5
20.25
20.25
20.5
20.25
20.5
20.25
21.25
20.75
20.5
23.25
21
20.25
20.5
20
20.5
20.25
20.5
21.5
20.5
20.25
20.25
20.5
20.25
20.5
11
15.25
14.5
15
14.5
14.75
15.5
15
15.5
14.75
14.75
14.5
14.5
14.75
14.5
15
14.5
14.5
14.75
14.5
17.5
14.75
16
15
14.5
15
14.5
14.75
15
14.5
15
14.5
14.75
14.75
14.5
15
14.5
14.5
16
15
1179942.5
185.75
849131.25
25.5
20.75
20.25
20.5
20.25
20.5
20.5
21.25
20.25
20.5
20.25
20.5
20.25
20.25
20
20.5
20.25
20.25
20.25
20.25
20.25
20.25
22
20.5
23.5
21
20.5
20.25
20.25
20
20.25
20.25
20.5
20.25
20.25
20.25
20.5
20.25
20.25
11
15.25
14.5
14.75
14.5
14.75
14.5
14.25
15.5
14.5
14.5
14.75
14.75
14.75
14.5
14.5
14.5
14.5
14.75
14.75
14.75
18
14.5
15
14.5
14.5
14.75
14.5
14.5
14.75
14.5
15
14.5
14.5
14.75
14.5
14.5
15
14.5
14.75
1182009
178
849049
25.5
20.75
20.5
20.75
20.25
20.5
20.25
21.25
20.25
20.5
20.25
20
20.5
20.75
20.25
20.5
20.25
20.25
20.25
20.5
20.25
20.5
20
20.5
23.5
20.5
20.5
20.5
20.5
20.25
20.25
20.25
20.25
20.25
20.5
20.5
20
20.5
20.25
11
15.25
14.75
14.5
14.5
14.5
14.75
14.5
15
15
14.5
14.25
15
14.75
14.75
14.5
14.5
14.75
14.5
14.5
14.75
17
15
14.5
14.75
14.5
14.25
14.75
14.5
14.5
14.75
14.75
14.75
14.5
14.5
14.75
14.25
14.5
16.25
15
1181125
172.25
26
21
20.75
20.75
20.75
20.75
20.25
21.5
22.25
21
20.25
20.75
20.75
23.5
21.25
20.25
20.75
20.5
20.75
21.75
21
20.5
20.75
20.5
20.75
20.5
20.75
20.5
20.75
20.5
21.75
20.75
21
20.25
20.75
20.5
20.75
20.75
20.5
1178542
850492.75
27.25
21
21
20.5
21
20.25
20.75
23.25
21
20.5
20.75
21
20.75
24.5
21.5
20.75
20.75
20.5
22.25
20.75
20.5
20.75
20.75
20.75
21
20.75
20.75
21
20.75
21.75
21.25
20.75
20.75
21
20.75
20.75
20.75
20.75
20.5
1179106.75
850709
25.75
21
20.75
20.75
20.75
20.5
21
21.5
20.75
20.75
20.75
20.75
20.75
23.25
21.5
20.5
20.75
20.5
21
20.75
20.25
20.75
20.5
20.75
20.75
20.5
20.75
20.5
20.75
20.75
20.75
20.5
20.75
20.5
20.75
20.75
20.25
20.75
20.75
1181193
850619.75
25.75
21.25
20.75
20.75
20.5
20.75
20.75
22.75
21.25
20.5
20.75
20.75
20.5
20.75
24.5
20.75
20.75
20.5
22
21
20.75
20.75
20.75
20.75
20.5
20.5
20.5
20.75
20.5
22
21
20.75
20.75
24
22.75
21
20.25
20.75
20.5
1180294.25
47
27.5
25
25
24.75
24.75
25
25.75
24.75
24.75
25.5
25.25
24.75
24.5
24.5
24.75
24.5
24.5
25
24.5
24.75
25.75
25
24.5
24.75
24.5
24.5
24.75
27
25.5
24.75
24.75
26.25
24.75
24.75
25
24.75
102.25
32.25
15.75
16.25
15
14.5
15
14.5
14.75
14.75
15
14.75
14.75
14.25
14.75
14.5
14.75
14.75
14.75
14.75
14.25
14.75
14.75
14.5
14.5
14.75
14.75
14.75
14.25
18.25
15
14.5
14.75
14.75
14.5
14.75
14.5
14.5
14.5
14.5
15
14.5
1176873.75
113.25
851202
43.25
27
25.5
25
24.75
25
24.75
25.75
25.25
25.75
25.75
26.75
25.25
25
24.5
25
24.5
24.75
24.5
25
25.75
25.75
24.75
24.5
25
24.75
24.5
25
27.25
25.25
25.25
26.25
25.25
24.75
24.75
25
24.75
24.75
25
15.75
16.5
14.75
14.5
16.25
14.75
15
14.5
15.5
14.75
14.5
14.75
14.5
14.5
15
14.5
14.5
14.75
14.75
14.75
15.5
14.75
14.75
14.5
14.75
14.75
14.5
17.5
14.75
14.75
14.5
14.75
14.75
14.5
15
14.5
16.5
15
14.75
14.75
1177507.25
125
851396.75
41.75
30.5
25.25
25
24.5
24.75
24.75
25.75
24.75
25
25.75
25.25
25
24.75
24.5
25
24.75
24.5
30.5
26
24.75
27.25
25
24.75
25
24.5
24.5
24.75
27.25
25.25
25
24.75
26.25
25
24.75
25
24.75
24.5
24.75
16.5
16.5
14.75
14.5
14.75
14.5
15.75
14.5
15.25
14.75
14.5
14.5
14.75
14.25
14.75
14.5
14.25
14.75
14.5
14.25
14.75
14.5
15.5
14.75
14.5
14.5
14.5
17.5
14.75
14.5
14.5
14.5
14.5
14.5
14.5
14.5
14.75
14.25
16
14.75
1179599.25
112
851332.5
40.75
29
26
25
24.5
24.5
25
25.5
25
26
25.25
24.75
24.5
24.5
24.75
24.75
24.5
24.75
24.75
24.5
25.5
25.25
24.5
24.5
24.75
24.5
24.5
24.75
24.5
28
24.5
26
25
24.5
33
25.75
25.5
25.5
25.5
16.75
17
15.25
15.25
17.5
15.75
15
15
15.75
15
15
15
15
15
14.75
15.25
14.75
14.75
14.75
14.75
17.75
15.25
15
14.75
15.25
14.75
14.75
15.25
18
15.25
14.75
15
14.75
15
15
14.75
17.75
15.25
15.25
14.75
1178673.75
110.25
