1	4	1	8	2	3008.141111
1	2	1	8	2	1730.276667
2	2	2	8	2	2510.343333
4	2	1	8	2	1782.374444
2	2	1	8	2	1745.013333
1	8	1	8	2	4970.851111
2	1	2	8	2	1605.431111
2	4	1	8	2	2959.433333
4	1	1	8	2	986.3287778
2	1	1	8	2	970.0414444
2	1	1	16	2	1895.6975
1	2	2	16	2	2138.305
1	1	4	16	2	2389.495
1	2	1	16	2	3454.12
4	1	4	16	2	4688.5825
2	1	8	16	2	4382.015
4	1	2	16	2	3157.445
1	1	1	8	2	970.9818889
8	1	1	8	2	990.9221111
4	1	8	16	2	4947.075
1	2	4	16	2	4413.5025
2	2	4	16	2	4780.3975
4	1	1	16	2	1929.2125
1	1	8	16	2	3823.25
1	4	4	8	2	4527.6575
1	4	1	16	2	5870.7825
2	1	8	8	2	2471.495
2	2	8	8	2	4348.015
2	4	8	8	2	8160.015
1	1	2	16	2	2197.72
1	2	8	8	2	3827.96
1	4	4	16	2	8332.545
2	2	8	16	2	8262.68
1	1	4	8	2	1633.7575
4	1	16	8	2	4283.995
1	2	4	8	2	2535.6625
4	2	4	16	2	7847.1775
1	4	8	8	2	8035.9725
2	1	16	8	2	3512.6275
1	16	1	8	2	9470.7325
4	2	8	8	2	4470.85
4	1	2	8	2	1659.965
4	1	4	8	2	2523.58
1	1	1	16	2	1885.635
8	1	8	8	2	4030.5875
2	1	2	16	2	3224.8925
4	2	4	8	2	4098.595
2	2	2	16	2	5090.696667
2	1	16	16	2	6959.8575
1	1	8	8	2	2058.9975
2	4	4	8	2	4781.195
8	1	4	8	2	2444.4
8	1	16	8	2	4614.045
1	2	8	16	2	7504.025
4	8	4	8	2	15556.175
8	2	8	8	2	8060.345
2	1	4	16	2	2972.2525
2	4	2	8	2	4313.825
8	1	32	8	2	6962.76
16	1	8	8	2	3877.1675
1	8	4	8	2	7842.055
1	2	2	8	2	1694.2275
4	1	8	8	2	2855.6825
1	4	8	16	2	16022
8	4	8	8	2	15902.075
2	16	2	8	2	14233.35
4	4	4	8	2	8174.1825
2	1	4	8	2	1903.375
8	2	1	8	2	1811.9075
1	2	2	32	2	4352.27
8	1	8	16	2	7673.625
2	2	16	8	2	6469.8025
2	4	4	16	2	8848.2025
8	2	16	8	2	8742.9025
2	4	2	16	2	8367.705
4	2	2	16	2	4818.795
1	8	1	16	2	9894.775
4	4	2	8	2	4192.7625
4	1	16	16	2	8362.1825
8	2	2	8	2	2501.4125
4	4	1	8	2	2936.1425
2	2	4	8	2	2940.345
16	1	32	8	2	10063.325
1	8	2	8	2	3259.3075
8	1	4	16	2	4582.8225
16	2	1	8	2	1825.4
8	2	4	8	2	3981.1325
1	2	4	32	2	8879.575
8	4	1	8	2	2978.1075
16	1	16	8	2	7718.445
1	2	1	32	2	6866.87
16	2	4	8	2	3942.995
1	32	1	8	2	16532.35
2	2	1	16	2	3491.845
16	2	8	8	2	7776.3975
1	1	4	32	2	4726.7475
2	8	4	8	2	8085.6875
1	2	8	32	2	15156.5
4	2	8	16	2	8563.6075
4	2	2	8	2	2541.5075
8	1	2	8	2	1685.305
16	1	4	8	2	2491.395
16	1	1	8	2	1000.3635
1	1	2	8	2	1263.705
1	4	2	8	2	2482.0625
32	1	32	8	2	15303
1	8	4	16	2	15645.75
32	1	8	8	2	3844.205
2	8	2	8	2	8439.6425
4	2	1	16	2	3585.32
2	1	8	32	2	9279.29
8	4	2	8	2	4168.0825
1	1	16	8	2	2819.965
2	4	8	16	2	16288.7
4	8	1	8	2	4820.505
32	1	16	8	2	7639.91
8	1	16	16	2	8819.26
1	16	1	16	2	18731.675
4	1	32	8	2	6480.4625
16	1	2	8	2	1700.8475
1	4	2	16	2	4010.2475
8	4	4	8	2	7954.775
4	4	8	8	2	8113.805
8	1	1	16	2	1955.3425
2	2	16	16	2	12933.55
8	2	4	16	2	7704.6775
16	2	2	8	2	2552.215
4	8	2	8	2	8163.935
4	2	2	4	2	1348.498889
16	2	16	8	2	15643.075
1	4	8	32	2	32045.725
2	8	1	8	2	4768.36
4	2	16	8	2	7521.2025
2	32	1	8	2	14670.325
1	1	16	16	2	5568.0725
2	1	4	32	2	6258.3475
8	2	2	16	2	4807.7725
4	1	4	4	2	1343.077778
4	4	2	16	2	8196.4775
32	2	16	8	2	13070.475
2	4	2	4	2	2315.248889
2	1	1	32	2	3768.5575
4	1	2	32	2	6470.5325
4	2	4	4	2	2148.532222
16	1	8	16	2	7540.2975
16	1	16	16	2	15132.025
16	1	32	16	2	20088.325
1	8	1	4	2	2526.703333
2	16	1	8	2	9324.9725
8	2	8	16	2	15916.525
1	4	4	32	2	17473.2
8	8	2	8	2	6751.4175
1	1	8	32	2	7892.225
2	1	2	32	2	6501.39
2	4	1	4	2	1621.457778
8	2	16	16	2	17451.875
8	8	1	8	2	3970.945
1	1	1	32	2	3677.8025
2	2	8	32	2	17092.75
1	4	1	4	2	1636.398889
4	2	1	4	2	934.6468889
2	2	1	4	2	917.8538889
4	4	1	16	2	5815.9175
1	1	2	32	2	4405.51
32	1	4	8	2	2461.6725
4	2	16	16	2	15034.225
16	4	8	8	2	13119.35
4	4	2	4	2	2192.621111
16	1	4	16	2	4704.0175
4	1	2	4	2	857.2842222
8	1	32	16	2	13919.775
2	2	4	32	2	10865.7
8	1	4	4	2	1320.244444
1	2	1	4	2	908.1483333
64	1	8	8	2	3173.26
16	4	4	8	2	6558.1225
4	4	4	16	2	16311.65
8	1	2	16	2	3345.65
8	2	1	16	2	3628.1925
4	4	1	4	2	1632.321111
2	2	2	4	2	1421.72
1	8	2	16	2	6592.08
4	16	1	8	2	7862.595
1	4	2	32	2	7848.1775
1	16	1	4	2	4780.792222
1	1	16	32	2	11168.6
4	1	32	16	2	12930.825
2	1	2	4	2	867.3641111
4	1	1	32	2	3846.445
2	8	2	16	2	16473.175
1	2	16	8	2	5124.0925
8	1	2	4	2	869.6765556
2	16	1	4	2	4688.735556
32	1	2	8	2	1721.765
8	2	2	4	2	1377.404444
32	1	1	8	2	1000.2805
4	8	1	4	2	2424.916667
2	8	1	4	2	2393.167778
16	1	2	16	2	3305.975
8	2	1	4	2	944.2987778
4	1	8	32	2	10750.45
1	1	4	4	2	1003.532111
4	1	4	32	2	10082.785
16	4	2	8	2	3414.045
2	8	1	16	2	9487.3825
8	4	1	4	2	1636.273333
16	4	1	8	2	2328.56
16	2	1	4	2	947.9562222
2	1	16	32	2	14257.7
64	1	2	8	2	1337.9775
8	8	4	8	2	13113.45
2	2	16	32	2	25865.95
16	1	1	16	2	1968.51
1	4	1	32	2	11936.15
2	1	32	8	2	4870.305
1	2	16	16	2	10258.275
64	1	16	8	2	6248.7175
2	4	1	16	2	5930.01
2	2	2	32	2	10466.7
32	2	1	8	2	1489.585
1	1	2	4	2	729.5557778
4	16	2	8	2	12345.025
32	2	8	8	2	6401.545
4	4	8	16	2	16214.9
2	1	32	16	2	9740.465
2	8	4	16	2	16169.675
4	1	32	32	2	25946.675
64	1	4	8	2	1940.46
2	2	1	32	2	7018.3825
64	1	32	8	2	12830.5
32	2	4	8	2	3299.4725
1	2	16	32	2	20499.46667
1	16	2	8	2	4397.036667
1	32	1	16	2	27472.85
4	2	4	32	2	16414.95
1	8	1	32	2	19842.925
2	4	2	32	2	17315.25
4	8	4	16	2	25930.8
2	4	4	32	2	18482.925
1	8	4	32	2	31408.075
8	4	2	16	2	6860.1
4	2	1	32	2	7175.1025
4	2	8	32	2	17660.85
4	2	2	32	2	10026.185
16	8	4	8	2	9990.2275
2	16	2	16	2	23545.525
8	1	16	32	2	18231.575
32	1	32	16	2	25380.05
4	1	16	32	2	17228.8
16	2	2	16	2	3907.39
2	1	32	32	2	19481.4
16	2	4	16	2	6521.4275
2	4	8	32	2	32650.575
16	2	1	16	2	2993.4725
8	1	2	32	2	6648.0975
8	1	4	32	2	9641.1925
4	1	1	4	2	502.66
4	8	2	16	2	13367.55
2	1	1	4	2	497.5597778
8	1	1	32	2	3891.3025
8	4	8	16	2	26311.775
8	4	4	16	2	12987.125
8	16	2	8	2	9799.6625
64	1	1	8	2	829.296
16	1	1	4	2	509.1091111
8	4	1	16	2	4780.2575
8	1	1	4	2	507.3671111
4	2	16	32	2	30154.05
32	1	16	16	2	12746.5
1	1	1	4	2	495.6573333
32	1	8	16	2	6337.3875
32	1	1	4	2	509.801
1	1	32	8	2	3996.94
8	2	16	4	2	4397.645
1	8	2	32	2	13397.2
1	8	4	4	2	3952.2375
8	1	16	4	2	2583.7925
2	2	8	4	2	2490.0675
1	2	4	4	2	1619.89
2	1	8	4	2	1575.4025
8	1	8	32	2	16089.125
1	4	4	4	2	2688.56
32	2	2	8	2	2077.7
1	16	2	16	2	8814.13
8	16	1	8	2	5911.055
4	1	8	4	2	1711.585
8	2	8	4	2	4229.7825
2	1	16	4	2	2035.2125
16	1	16	4	2	4107.19
4	2	8	4	2	2520.05
8	1	32	4	2	3490.765
4	8	1	16	2	7985.65
8	1	8	4	2	2235.8125
1	2	8	4	2	2254.5175
4	4	4	4	2	4260.3725
4	1	16	4	2	2413.1625
4	4	8	4	2	4054.95
32	1	16	4	2	4004.44
2	2	16	4	2	3254.2475
16	2	16	4	2	7869.1975
32	2	16	4	2	7821.4775
2	4	8	4	2	4088.8775
16	2	8	16	2	12962.15
4	1	32	4	2	3239.0075
1	32	1	4	2	8223.2175
1	2	2	4	2	1225.42
1	4	2	4	2	1728.2025
4	8	4	4	2	7882.64
2	16	1	16	2	15456.775
16	1	4	4	2	1393.33
32	4	8	8	2	10096.1625
32	4	4	8	2	4913.3175
16	4	8	4	2	7889.67
2	8	4	4	2	4048.83
1	1	32	16	2	7996.765
2	8	2	4	2	4381.1675
8	4	4	4	2	4117.4475
16	2	4	4	2	2142.985
1	8	2	4	2	2099.3675
16	2	8	4	2	4074.305
2	4	4	4	2	2808.2475
4	32	1	8	2	11512.15
2	32	1	4	2	8924.3025
16	1	32	4	2	5021.9125
32	1	8	4	2	2167.33
32	1	1	16	2	1634.3775
8	8	2	4	2	4232.535
1	16	1	32	2	31173.525
16	1	2	4	2	888.5055
1	1	16	4	2	1615.045
8	2	4	32	2	12874.2
8	4	8	4	2	7914.1325
32	1	2	16	2	2778.285
64	2	8	8	2	4869.7125
32	1	32	4	2	7651.08
1	1	8	4	2	1385.58
32	2	8	4	2	4024.875
1	2	16	4	2	2572.1825
4	8	2	4	2	4258.4875
2	2	4	4	2	1824.0175
2	16	2	4	2	7193.965
16	8	1	8	2	2969.9925
4	2	16	4	2	3757.8225
2	1	32	4	2	2430.1975
16	2	2	4	2	1349.235
4	16	2	4	2	7498.693333
8	4	2	4	2	2263.8825
4	16	1	4	2	4792.87
1	1	32	4	2	1997.3225
16	4	4	4	2	4103.7025
16	1	8	4	2	2123.305
1	4	8	4	2	4050.305
8	2	8	32	2	26552.225
8	8	4	4	2	7920.573333
1	1	32	32	2	15944.85
8	8	1	4	2	2406.755
16	4	2	4	2	2162.9025
8	32	1	8	2	11715.125
16	8	2	8	2	5148.92
16	1	16	32	2	25354.025
2	4	1	32	2	11750.4
16	4	1	4	2	1648.5775
64	1	8	4	2	2040.125
32	1	2	4	2	887.08075
2	1	4	4	2	1174.9575
32	2	4	4	2	2133.735
64	1	16	4	2	4069.0475
8	2	1	32	2	6018.365
8	2	2	32	2	8005.04
32	1	4	4	2	1393.6475
16	2	16	16	2	25978.55
32	2	2	4	2	1353.49
8	2	4	4	2	2144.375
16	4	8	16	2	19803.3
64	2	4	8	2	2456.67
32	2	1	4	2	945.4375
64	1	4	4	2	1320.39
64	1	2	4	2	855.87825
8	16	2	4	2	6541.065
32	1	4	16	2	4115.47
1	16	2	4	2	2203.346667
16	1	8	32	2	12489.125
16	1	4	32	2	7846.72
32	4	2	8	2	2580.6475
16	4	4	16	2	9865.9425
32	4	8	4	2	6719.1725
64	2	8	4	2	3379.6625
16	16	1	8	2	5902.1875
4	4	1	32	2	9676.95
64	2	1	8	2	1129.425
32	4	1	8	2	1733.5575
2	8	1	32	2	15792.225
8	8	2	16	2	10177.675
32	4	4	4	2	3398.66
4	32	1	4	2	7717.885
32	2	16	16	2	19683.625
32	8	1	8	2	2966.33
64	4	2	8	2	2502.8375
8	8	1	16	2	5929.755
8	16	1	4	2	3969.865
16	8	4	4	2	6796.3825
16	1	2	32	2	5601.8725
16	8	2	4	2	3490.5225
64	2	16	4	2	6771.8775
64	4	1	8	2	1640.89
16	8	1	4	2	1981.3175
16	4	2	16	2	5090.0725
16	4	1	16	2	3537.1125
64	1	1	4	2	509.91725
64	2	4	4	2	1691.8125
32	4	2	4	2	1778.305
8	8	4	16	2	19614.5
64	1	4	16	2	2852.3425
64	1	32	4	2	7713.915
64	2	2	8	2	1512.285
32	2	8	16	2	9723.61
64	4	8	8	2	10151.5
2	8	2	32	2	27300.55
64	2	2	4	2	1046.2675
64	2	16	8	2	10055.1675
4	4	4	32	2	27098.025
16	16	2	8	2	10029.89
64	1	8	16	2	4695.1825
4	16	2	16	2	18603.15
4	2	2	2	2	722.1242222
16	1	1	32	2	3214.0925
8	16	1	16	2	11794.35
64	1	2	16	2	2042.67
4	4	2	32	2	13777
8	32	1	4	2	5863.34
8	16	2	16	2	19544.025
16	8	2	16	2	10136.755
4	4	8	32	2	26967.25
32	4	1	4	2	1356.31
1	16	1	2	2	2400.537778
64	1	32	16	2	19257.125
4	1	8	2	2	930.7226667
8	4	8	32	2	39467.675
4	2	4	2	2	1154.194444
32	4	4	16	2	9896.83
32	8	4	8	2	10033.7225
1	4	4	2	2	1439.772222
64	4	4	8	2	4966.26
2	32	1	16	2	22031.325
4	1	4	2	2	724.2367778
1	4	1	2	2	818.5554444
4	8	2	32	2	20034.13333
64	2	1	4	2	791.88475
1	8	1	2	2	1265.155556
64	1	16	16	2	9679.71
4	4	4	2	2	2171.517778
2	4	2	2	2	1239.982222
16	2	4	32	2	9829.43
16	16	2	4	2	5004.0725
16	1	4	2	2	729.0856667
32	2	1	16	2	2252.5525
16	4	8	32	2	39518
2	2	2	2	2	767.028
16	8	4	16	2	20011.925
16	16	1	4	2	2960.3775
64	2	8	16	2	9746.13
4	8	1	2	2	1201.492222
2	2	8	2	2	1337.328889
8	4	1	32	2	6987.5275
32	8	4	4	2	5037.2
4	16	1	16	2	11782.05
4	2	1	2	2	468.7232222
1	32	1	32	2	41349.25
64	4	4	4	2	2482.855
2	1	8	2	2	881.8311111
64	1	1	16	2	1226.3575
64	2	2	16	2	2688.015
1	2	4	2	2	896.2762222
8	2	4	2	2	1111.647778
2	1	16	2	2	1103.77
4	1	2	2	2	446.3133333
2	8	1	2	2	1195.486667
2	4	1	2	2	812.6632222
4	4	2	2	2	1177.796667
1	2	2	2	2	671.9178889
2	32	1	32	2	44016.95
2	16	1	2	2	2350.163333
4	8	4	32	2	38992.325
16	2	2	32	2	5954.12
4	4	1	2	2	818.8474444
32	1	16	32	2	19144.45
2	2	4	2	2	991.3027778
8	1	4	2	2	704.772
8	1	8	2	2	1154.59
2	1	4	2	2	626.6123333
1	2	8	2	2	1231.87
32	8	2	8	2	5062.4225
1	1	4	2	2	577.4811111
8	1	2	2	2	450.5202222
32	8	2	4	2	2542.44
1	1	8	2	2	775.2956667
8	8	4	32	2	39196.175
32	4	8	16	2	20170.925
8	8	1	32	2	11907.5
2	2	1	2	2	458.7976667
2	8	2	2	2	2260.545556
16	2	1	32	2	4490.87
1	2	1	2	2	454.7323333
16	1	2	2	2	451.5135556
16	1	8	2	2	1109.224444
4	16	2	32	2	37158.5
4	8	1	32	2	11881.225
8	2	2	2	2	744.8364444
16	1	16	2	2	2103.684444
32	8	1	4	2	1492.3775
4	32	1	16	2	23050.35
32	2	16	32	2	39098.9
64	4	2	4	2	1286.745
2	1	2	2	2	451.5874444
32	4	1	16	2	3403.43
16	4	2	32	2	9999.6675
1	1	16	2	2	887.524
32	2	4	16	2	4923.8825
8	4	2	32	2	10258.1575
64	4	8	4	2	5096.8475
1	2	16	2	2	1312.777778
32	2	2	16	2	2974.5275
64	2	4	16	2	4748.0175
16	2	1	2	2	473.4994444
8	8	2	32	2	20065.15
8	2	1	2	2	472.9305556
8	2	8	2	2	2172.868889
16	2	16	32	2	38942.475
16	4	4	32	2	19580.375
2	16	2	32	2	35656.025
16	32	1	4	2	5895.7175
64	2	1	16	2	2215.3475
64	4	1	4	2	1023.995
8	4	4	32	2	19595.15
16	2	8	32	2	19408
32	4	2	16	2	5013.975
32	1	32	32	2	38078.45
32	2	8	32	2	19250.05
32	1	8	32	2	9471.7425
32	1	1	32	2	2418.0975
16	8	1	16	2	5937.4775
16	4	1	32	2	6907.745
64	1	4	32	2	5490.75
32	16	1	4	2	2964.5425
64	1	8	32	2	9079.515
32	16	2	4	2	5051.6725
32	1	4	32	2	5799.3525
64	8	2	4	2	2526.1575
64	2	16	16	2	20012.95
32	1	2	32	2	4090.8725
1	1	2	2	2	393.1311111
32	2	1	32	2	4498.055
64	1	1	32	2	2224.8725
8	4	1	2	2	816.7186667
64	1	2	32	2	4065.8175
64	1	16	32	2	18910.125
32	2	4	32	2	9656.5025
64	8	4	4	2	5023.175
64	8	1	4	2	1488.72
2	16	1	32	2	23205.075
4	16	1	32	2	23557.5
8	16	1	32	2	11758.725
32	16	1	8	2	2951.2275
32	2	2	32	2	5863.4125
16	32	1	8	2	5884.985
8	32	1	16	2	11690.85
4	1	1	2	2	251.8424444
64	8	2	8	2	2536.165
32	16	2	8	2	5046.0975
64	8	1	8	2	1481.825
16	1	1	2	2	254.2847778
32	1	1	2	2	255.0031111
2	1	1	2	2	248.4716667
8	2	16	2	2	2216.295
2	1	32	2	2	1214.285
4	4	8	2	2	2061.41
8	4	4	2	2	2131.6225
2	16	2	2	2	3611.365
4	2	16	2	2	1909.785
4	8	4	2	2	3924.955
8	1	1	2	2	253.475
16	2	8	2	2	2125.005
8	1	32	2	2	1758.9625
8	1	16	2	2	1434.9875
1	32	1	2	2	4174.445
32	1	4	2	2	758.46225
2	4	4	2	2	1510.3275
1	8	4	2	2	2009.9125
16	1	32	2	2	2518.5825
16	2	2	2	2	786.12325
4	2	8	2	2	1367.68
1	1	1	2	2	247.6867778
1	8	2	2	2	1212.35
32	1	16	2	2	2107.14
4	8	2	2	2	2185.3575
1	4	2	2	2	1084.74
16	2	16	2	2	3926.7175
32	1	32	2	2	3833.38
32	1	8	2	2	1137.315
8	8	4	2	2	3960.23
4	16	2	2	2	3759.5875
16	4	8	2	2	3953.075
4	1	32	2	2	1631.8
4	1	16	2	2	1304.44
8	8	2	2	2	2219.935
2	32	1	2	2	4437.115
1	1	32	2	2	998.603
4	16	1	2	2	2379.42
32	1	2	2	2	461.8665
32	2	16	2	2	3992.525
16	4	4	2	2	2162.4825
2	4	8	2	2	2086.7025
16	2	4	2	2	1136.6825
8	4	2	2	2	1182.66
64	1	8	2	2	1140.9125
2	8	4	2	2	2051.1575
2	2	16	2	2	1675.8925
64	2	16	2	2	4045.59
64	1	16	2	2	2159.3225
16	4	2	2	2	1191.9825
32	4	8	2	2	4048.8725
8	16	2	2	2	3960.7425
32	2	8	2	2	2176.91
64	1	32	2	2	3939.6775
32	2	2	2	2	786.16375
16	8	4	2	2	4050.685
16	8	2	32	2	10183.8
64	1	4	2	2	759.03525
8	16	1	2	2	2369.77
4	32	1	2	2	4594.5725
16	4	1	2	2	824.13125
8	8	1	2	2	1205.8775
16	8	2	2	2	2225.615
64	2	8	2	2	2171.76
1	4	8	2	2	2071.845
32	2	4	2	2	1156.16
1	16	2	2	2	1115.89
64	2	4	2	2	1150.88
32	8	1	16	2	2953.79
32	4	4	2	2	2191.1325
32	4	2	2	2	1164.38
32	2	1	2	2	474.6675
16	8	1	2	2	1201.3925
16	8	1	32	2	5921.7025
8	4	8	2	2	3986.405
4	32	1	32	2	22871.95
64	1	2	2	2	464.557
32	4	1	32	2	3397.7675
64	2	2	32	2	2713.8675
8	32	1	2	2	3949.2275
32	4	1	2	2	820.811
64	2	2	2	2	721.39575
8	16	2	32	2	19569.175
16	16	2	2	2	3342.985
64	4	2	16	2	2521.9525
64	1	1	2	2	255.315
64	4	1	16	2	1667.8825
32	4	2	32	2	5020.5475
16	16	1	2	2	1966.285
32	8	4	2	2	3373.705
64	4	4	2	2	1776.025
32	8	2	16	2	5081.465
64	4	8	2	2	3389.8375
32	8	2	2	2	1768.9775
64	2	1	2	2	475.1205
32	32	1	4	2	2956.275
16	16	1	16	2	5892.045
32	8	1	2	2	995.81
64	2	1	32	2	2237.1925
64	4	2	2	2	948.33925
64	4	1	2	2	681.581
16	16	2	16	2	10033.2475
4	2	2	1	2	414.8872222
4	1	4	1	2	395.3548889
4	1	8	1	2	487.5988889
64	16	2	4	2	2551.1875
16	32	1	2	2	2951.5325
1	4	4	1	2	805.1398889
1	4	8	1	2	1029.534444
1	4	2	1	2	587.305
64	16	1	4	2	1472.485
1	4	1	1	2	410.6516667
32	16	2	2	2	2513.14
4	2	8	1	2	749.8292222
1	2	4	1	2	479.5813333
1	8	1	1	2	631.0186667
2	2	2	1	2	422.1852222
64	8	4	2	2	2541.2775
32	16	1	2	2	1476.04
2	1	16	1	2	621.0431111
1	8	4	1	2	1017.717778
2	1	4	1	2	339.1976667
1	2	8	1	2	687.2693333
1	2	2	1	2	367.2781111
8	1	16	1	2	769.923
4	8	1	1	2	604.4147778
2	4	2	1	2	650.1788889
64	8	2	2	2	1339.7925
4	2	4	1	2	597.5797778
4	1	2	1	2	234.2
4	2	1	1	2	234.7146667
2	2	4	1	2	525.5522222
32	1	8	1	2	578.7002222
32	1	4	1	2	408.1556667
2	2	16	1	2	844.2506667
1	2	16	1	2	657.2614444
8	4	8	1	2	1962.081111
1	1	8	1	2	415.9975556
1	16	1	1	2	1198.625556
1	1	16	1	2	509.5284444
16	1	4	1	2	404.982
2	1	8	1	2	469.0218889
16	1	8	1	2	570.1248889
2	2	8	1	2	740.2087778
2	1	32	1	2	602.2625556
32	32	1	2	2	2924.0625
8	1	4	1	2	398.3474444
2	4	4	1	2	821.6745556
2	4	8	1	2	1047.604444
64	8	1	2	2	743.99
16	2	4	1	2	579.1363333
16	1	2	1	2	236.9523333
2	16	1	1	2	1169.058889
4	4	2	1	2	611.5564444
8	2	8	1	2	1109.932222
2	4	1	1	2	406.0664444
1	1	4	1	2	313.2815556
16	2	1	1	2	237.1605556
2	2	1	1	2	229.3438889
1	1	32	1	2	494.6592222
1	2	1	1	2	227.8392222
64	16	2	2	2	2531.1625
2	1	2	1	2	233.9495556
4	1	16	1	2	687.0841111
4	4	4	1	2	1110.673333
8	2	2	1	2	414.5018889
8	4	1	1	2	409.7335556
8	2	4	1	2	571.2528889
64	16	1	2	2	1474.8975
4	1	32	1	2	806.771
8	1	2	1	2	236.2374444
16	2	8	1	2	1085.461111
16	2	16	1	2	1935.095556
8	1	8	1	2	596.5623333
4	8	2	1	2	1090.041111
32	1	16	1	2	1084.144444
2	8	2	1	2	1142.831111
4	2	16	1	2	947.8323333
16	2	2	1	2	413.1356667
8	2	1	1	2	236.3824444
4	4	1	1	2	407.621
2	8	1	1	2	597.9198889
32	1	2	1	2	237.3817778
32	32	1	8	2	2933.925
16	1	16	1	2	1088.845556
1	1	2	1	2	203.616
64	4	1	32	2	1695.0275
8	4	2	1	2	603.9772222
8	4	4	1	2	1082.158889
8	32	1	32	2	11660.3
32	8	1	32	2	2954.79
64	16	1	8	2	1470.3525
16	16	1	32	2	5898.925
32	16	1	16	2	2954.8025
16	32	1	16	2	5872.745
4	1	1	1	2	125.9123333
16	1	1	1	2	127.2484444
32	1	1	1	2	127.4131111
2	1	1	1	2	124.1983333
8	1	1	1	2	126.6956667
16	1	32	1	2	1259.545
4	16	2	1	2	1869.845
8	2	16	1	2	1101.3275
2	16	2	1	2	1829.5475
4	4	8	1	2	1034.75
2	8	4	1	2	1017.9525
8	16	2	1	2	1961.47
1	32	1	1	2	2073.795
16	4	8	1	2	1963.4625
1	16	2	1	2	556.6965
1	8	2	1	2	709.735
8	8	2	1	2	1122.3025
32	2	16	1	2	1972.8425
32	1	32	1	2	1915.1275
2	32	1	1	2	2209.8475
64	2	8	1	2	1112.985
8	8	4	1	2	1934.59
64	8	1	16	2	1475.1925
4	32	1	1	2	2300.6975
64	2	16	1	2	2011.57
8	8	1	1	2	601.00025
16	16	2	1	2	1985.425
8	1	32	1	2	875.112
4	8	4	1	2	1937.89
64	1	32	1	2	1951.0475
32	4	8	1	2	2015.4825
4	16	1	1	2	1179.62
32	2	8	1	2	1098.9325
64	1	16	1	2	1106.1975
16	4	4	1	2	1098.8
16	8	2	1	2	1120.085
8	16	1	1	2	1198.0925
16	8	4	1	2	1977.1725
1	1	1	1	2	123.6656667
8	32	1	1	2	2374.77
64	32	1	2	2	1466.76
64	2	4	1	2	584.6695
16	4	2	1	2	600.19825
64	1	8	1	2	583.21525
16	4	1	1	2	408.52475
64	4	8	1	2	2058.0275
32	2	2	1	2	413.51125
32	4	4	1	2	1108.2825
16	16	1	1	2	1193.135
16	8	1	1	2	601.1795
64	32	1	4	2	1472.4675
32	4	2	1	2	595.5115
32	2	4	1	2	581.63325
64	1	4	1	2	407.19625
32	2	1	1	2	237.6505
32	8	4	1	2	2016.8825
32	4	1	1	2	407.75525
64	1	2	1	2	238.745
64	2	2	1	2	411.986
32	8	2	1	2	1114.53
64	4	4	1	2	1119.79
32	8	1	1	2	597.655
64	4	2	1	2	594.2145
64	1	1	1	2	127.516
64	2	1	1	2	237.3755
64	4	1	1	2	407.3295
16	32	1	1	2	1975.2025
64	8	4	1	2	1670.8575
32	16	2	1	2	1668.3475
32	16	1	1	2	991.90075
64	8	2	1	2	936.81925
64	8	1	1	2	493.6515
32	32	1	1	2	1479.1775
64	16	2	1	2	1254.5125
64	16	1	1	2	745.23575
64	32	1	1	2	1483.095
