1	4	1	8	2	658.2834
1	4	1	16	2	645.628
1	1	1	32	2	642.9828
1	8	1	8	2	631.0976
2	4	1	8	2	628.319
1	16	1	4	2	622.7516
1	16	1	8	2	621.1784
1	8	1	16	2	615.8146
1	8	1	4	2	611.8576
4	1	1	32	2	608.1604
1	4	1	32	2	607.9748
2	1	1	32	2	606.4922
2	4	1	16	2	606.0594
2	8	1	4	2	601.602
4	4	1	8	2	600.7308
1	16	1	16	2	599.4466
1	32	1	4	2	595.4892
2	8	1	8	2	588.7448
1	32	1	8	2	585.7164
8	1	1	32	2	575.3046
1	8	1	32	2	571.6878
2	8	1	16	2	568.323
4	8	1	4	2	568.1962
4	4	1	16	2	568.0366
8	4	1	8	2	565.8512
2	16	1	8	2	565.7714
2	16	1	4	2	562.5776
4	8	1	8	2	560.298
2	4	1	32	2	556.174
2	1	1	16	2	526.545
1	1	1	16	2	525.867
4	1	1	16	2	523.5002
4	16	1	4	2	523.3438
2	32	1	4	2	509.7724
8	2	8	8	2	506.5122
8	1	1	16	2	505.7288
16	1	16	4	2	505.4294
8	2	8	4	2	499.6274
16	1	16	8	2	497.7968
8	4	8	4	2	494.3532
32	1	32	4	2	492.4314
8	2	8	16	2	490.7474
16	1	1	16	2	489.8736
8	4	8	8	2	487.0244
8	8	1	4	2	486.7144
1	4	1	4	2	485.428
32	1	32	8	2	484.2516
4	2	1	8	2	483.5344
1	16	1	32	2	482.628
16	2	16	4	2	482.5738
16	2	16	8	2	477.1838
1	32	1	16	2	476.4306
16	1	16	16	2	474.16
2	2	1	8	2	472.4762
8	1	8	4	2	470.5938
2	4	1	4	2	469.9004
16	2	8	4	2	469.7928
1	2	1	8	2	467.7474
8	1	8	8	2	467.7248
4	2	1	16	2	466.4602
2	2	1	16	2	466.1044
8	2	1	8	2	465.5068
4	4	1	4	2	465.0298
1	2	1	16	2	462.8238
8	4	1	16	2	462.8226
8	1	8	16	2	459.3852
16	2	8	8	2	458.782
16	1	8	4	2	458.193
32	1	16	4	2	456.852
16	4	8	4	2	455.3626
16	1	1	32	2	455.0104
16	1	8	8	2	454.1992
2	2	1	32	2	448.3986
8	2	1	16	2	448.332
1	2	1	32	2	447.8542
2	32	1	8	2	447.7566
2	16	1	16	2	447.51
32	1	16	8	2	447.3718
16	2	1	8	2	446.6916
32	1	8	4	2	446.5086
2	8	1	32	2	446.0314
8	4	1	4	2	445.6902
32	1	8	8	2	444.1246
16	4	1	8	2	443.6958
32	2	16	4	2	443.674
16	1	8	16	2	439.8782
4	4	1	32	2	437.2834
4	8	1	16	2	436.8444
8	1	8	32	2	436.3554
4	2	1	32	2	436.3072
4	16	1	8	2	435.5186
32	2	8	4	2	434.3708
8	8	1	8	2	432.0216
16	4	1	4	2	417.0468
1	32	1	2	2	413.9726
1	16	1	2	2	403.8628
16	1	16	2	2	402.217
8	16	1	4	2	396.6964
8	4	8	2	2	395.5026
8	4	8	16	2	394.519
4	32	1	4	2	393.957
16	1	32	4	2	392.5806
16	1	32	8	2	392.503
8	2	8	2	2	390.8562
16	2	16	2	2	388.6578
16	1	32	16	2	384.6624
32	1	16	2	2	383.7296
2	32	1	2	2	381.4264
16	2	16	16	2	380.1076
16	1	32	2	2	380.0124
2	16	1	2	2	378.612
16	4	8	8	2	377.0394
32	1	16	16	2	376.7076
8	2	8	32	2	375.5054
16	2	8	2	2	374.7158
16	8	1	4	2	374.3098
16	2	8	16	2	373.9584
32	1	1	16	2	373.389
32	2	8	2	2	371.0122
4	16	1	2	2	370.3606
32	2	16	8	2	369.616
16	2	1	16	2	368.452
32	1	32	2	2	367.9872
16	4	8	2	2	365.8578
32	2	16	2	2	362.4432
32	2	8	8	2	361.3946
8	2	1	32	2	356.1606
32	1	8	16	2	352.0036
8	1	4	8	2	348.4186
32	4	8	4	2	347.1936
32	2	1	8	2	346.217
4	1	4	16	2	344.6884
4	32	1	2	2	344.3418
8	1	4	16	2	342.7418
4	1	4	8	2	342.5908
16	1	8	32	2	340.0968
2	1	4	8	2	337.639
16	1	4	8	2	335.291
2	1	4	16	2	334.4284
32	4	8	2	2	332.2716
2	1	4	32	2	330.7778
1	1	4	16	2	330.2298
1	32	1	32	2	328.321
1	8	1	2	2	327.6394
8	1	32	4	2	326.3952
8	1	32	8	2	325.6228
2	16	1	32	2	324.5458
2	32	1	16	2	323.2106
16	4	1	16	2	321.7104
4	8	1	32	2	321.1386
4	2	4	4	2	320.9982
4	2	4	16	2	320.5006
1	1	4	8	2	320.0644
8	8	1	16	2	319.6902
1	1	4	32	2	319.337
8	2	4	4	2	318.9458
4	1	1	8	2	317.6228
8	16	1	2	2	316.3822
8	4	1	32	2	315.9646
8	1	32	2	2	314.9526
8	1	1	8	2	314.3916
8	2	4	8	2	313.6084
2	1	1	8	2	313.3332
4	2	4	8	2	312.1316
16	1	1	8	2	311.0982
4	16	1	16	2	310.414
4	32	1	8	2	309.9906
1	1	1	8	2	309.567
32	1	1	32	2	309.3848
32	4	1	4	2	309.3404
16	2	4	4	2	308.237
2	8	1	2	2	308.2012
4	32	1	16	2	307.0192
2	32	1	32	2	303.8756
4	1	8	4	2	301.8064
4	1	8	8	2	301.1104
8	16	1	8	2	300.628
4	8	1	2	2	300.1028
4	16	1	32	2	300.0624
8	16	1	16	2	299.8538
32	1	1	8	2	299.672
2	1	8	8	2	299.4834
4	1	8	16	2	299.3846
2	1	8	4	2	298.5206
2	1	8	16	2	296.993
16	8	1	8	2	295.3438
2	2	4	8	2	294.5116
16	4	1	32	2	294.2692
2	2	4	4	2	294.172
8	1	8	2	2	293.2094
1	2	4	4	2	293.0896
8	8	1	32	2	292.3574
2	1	8	32	2	291.9784
4	2	1	4	2	291.661
16	8	1	16	2	291.4878
1	2	4	8	2	291.234
32	4	1	8	2	290.3756
2	4	8	4	2	289.6896
1	1	8	8	2	289.6284
2	4	8	2	2	288.8586
16	1	8	2	2	288.736
2	4	8	8	2	288.4044
1	1	8	16	2	288.1434
2	2	4	16	2	287.7856
8	8	1	2	2	287.7074
1	2	4	16	2	287.5014
1	1	8	32	2	285.9968
8	2	1	4	2	285.8924
2	1	4	4	2	284.5694
1	1	8	4	2	284.5206
2	2	1	4	2	284.4908
1	2	4	32	2	284.4522
16	2	1	4	2	284.3156
1	4	8	2	2	283.917
32	1	8	2	2	283.0518
4	2	8	8	2	281.611
4	2	8	2	2	280.6706
1	8	4	4	2	280.6626
1	8	4	8	2	280.6178
1	4	8	4	2	280.3378
1	8	4	2	2	280.1612
2	2	8	4	2	280.1592
1	1	4	4	2	280.108
1	4	8	8	2	279.9464
1	2	1	4	2	279.6624
4	2	8	4	2	279.3068
8	32	1	2	2	279.242
32	4	1	16	2	278.4022
1	8	4	16	2	278.086
2	2	8	8	2	277.6502
1	4	8	16	2	277.449
2	2	8	16	2	277.371
4	4	8	4	2	276.918
4	4	8	8	2	275.859
1	4	4	8	2	275.6974
4	8	4	4	2	275.558
8	1	4	4	2	275.229
16	1	4	4	2	274.5578
4	8	4	2	2	273.9644
16	16	1	2	2	273.607
16	4	8	16	2	273.5876
8	4	8	32	2	273.4492
4	4	8	2	2	273.3256
8	32	1	8	2	272.4328
8	4	4	4	2	271.6186
4	1	4	4	2	271.1728
1	2	8	8	2	270.8658
1	4	4	4	2	270.7242
32	2	16	16	2	270.686
32	2	1	4	2	270.1506
1	2	8	4	2	269.9566
1	4	4	16	2	269.8732
1	4	4	2	2	269.567
32	1	4	4	2	269.4218
4	4	4	4	2	269.3654
1	2	8	16	2	269.1896
8	4	4	2	2	268.6732
16	16	1	8	2	267.9324
4	4	4	8	2	267.8526
2	2	8	2	2	267.7102
8	32	1	4	2	266.9666
1	2	8	32	2	266.766
8	1	16	8	2	265.694
4	1	16	4	2	265.3854
8	1	16	4	2	264.7422
4	1	16	8	2	264.716
16	8	1	2	2	264.6448
1	2	8	2	2	264.3624
32	2	8	16	2	264.104
8	1	16	2	2	263.9552
2	2	4	2	2	263.59
4	1	16	16	2	263.2688
16	16	1	4	2	263.2524
32	4	8	8	2	261.2844
2	8	4	4	2	259.4428
8	8	4	2	2	258.7972
2	8	4	8	2	258.3004
32	8	1	8	2	258.0068
4	1	16	2	2	257.562
1	1	2	8	2	257.3076
16	2	1	32	2	256.813
4	4	4	2	2	256.0404
1	1	2	16	2	255.8152
32	2	1	16	2	255.223
2	8	4	2	2	255.0564
32	4	8	16	2	254.9384
16	4	4	2	2	254.0846
1	1	2	32	2	253.4056
2	4	4	2	2	250.4566
2	1	2	8	2	249.7636
2	4	4	8	2	249.1974
1	2	4	2	2	248.6626
2	1	16	8	2	247.966
32	8	1	4	2	247.6228
2	1	16	4	2	246.981
2	1	16	16	2	246.7152
8	2	4	2	2	246.2648
4	2	16	8	2	245.444
4	2	16	4	2	245.4148
4	2	16	2	2	245.3016
4	2	4	2	2	244.9972
16	2	4	2	2	244.7358
8	2	16	2	2	244.6416
1	4	1	2	2	244.6214
4	1	2	16	2	244.5948
2	1	2	16	2	244.4046
2	1	2	32	2	244.2096
4	1	2	8	2	243.9018
8	2	16	4	2	243.6634
2	1	16	32	2	243.304
2	4	4	16	2	243.0216
2	4	4	4	2	242.2664
1	2	2	4	2	241.7222
2	2	16	2	2	241.4774
8	1	2	8	2	241.1072
4	4	1	2	2	240.7384
2	1	16	2	2	240.384
32	2	4	2	2	240.0314
2	2	16	4	2	239.5966
2	2	16	8	2	238.93
2	4	1	2	2	238.5404
2	2	16	16	2	238.03
1	2	2	8	2	237.5762
1	2	2	16	2	236.1794
8	4	1	2	2	235.7308
2	2	2	4	2	230.0266
32	2	1	32	2	229.2716
16	4	1	2	2	227.4332
4	2	2	4	2	227.4228
1	2	2	32	2	227.005
1	8	4	1	2	226.9064
2	2	2	8	2	226.9046
1	1	16	16	2	224.9734
2	1	8	2	2	224.6138
4	1	8	2	2	224.5498
1	4	8	1	2	224.4828
2	2	2	16	2	223.2366
1	1	16	8	2	222.7876
1	1	16	4	2	222.7522
8	1	32	1	2	222.5696
2	4	8	1	2	222.0518
8	2	16	1	2	220.355
1	1	16	32	2	220.3418
16	1	32	1	2	220.0652
4	4	8	1	2	220.0008
1	2	16	2	2	219.6438
8	2	8	1	2	219.2558
1	16	1	1	2	219.174
1	1	16	2	2	218.5832
1	2	16	4	2	216.9534
1	2	16	8	2	216.847
16	2	16	1	2	216.715
1	2	16	16	2	216.2548
8	2	2	4	2	216.1986
4	2	16	1	2	215.9338
1	32	1	1	2	215.5432
1	4	4	1	2	215.0432
1	4	2	2	2	214.898
16	32	1	4	2	214.8054
2	16	1	1	2	214.4916
1	2	16	32	2	213.695
32	2	8	1	2	212.5178
16	1	16	1	2	212.4182
8	4	8	1	2	212.1804
32	16	1	4	2	212.0006
2	4	4	1	2	211.4088
32	4	1	2	2	211.3142
4	2	2	8	2	210.7318
32	4	8	1	2	210.2264
2	2	16	1	2	210.0858
4	1	2	4	2	210.0368
16	32	1	2	2	209.8656
4	2	2	2	2	209.4902
8	1	2	4	2	209.3612
2	1	2	4	2	208.6164
4	8	4	1	2	208.4118
8	2	2	2	2	208.0632
2	8	4	1	2	207.855
1	1	8	2	2	207.8272
32	2	16	1	2	207.2396
1	1	2	4	2	206.969
32	1	32	1	2	206.2086
16	1	2	4	2	205.861
2	4	2	2	2	205.1866
32	16	1	2	2	204.1314
2	32	1	1	2	203.8814
4	2	8	1	2	203.5766
16	8	4	1	2	203.3356
2	2	2	2	2	203.1714
16	2	8	1	2	203.0126
4	16	1	1	2	202.9266
16	2	2	2	2	202.6032
1	4	2	4	2	202.239
4	4	2	2	2	201.347
4	32	1	1	2	201.3358
1	4	2	16	2	201.288
2	4	2	4	2	199.8786
1	2	2	2	2	199.4358
8	4	2	2	2	198.5398
8	8	4	1	2	197.6584
32	8	1	2	2	197.5834
2	2	8	1	2	197.0142
1	4	2	8	2	196.9176
16	4	8	1	2	196.8786
32	1	16	1	2	196.686
2	4	2	8	2	196.6414
1	2	16	1	2	195.0688
4	4	2	4	2	195.0184
4	4	4	1	2	193.958
2	1	4	2	2	191.1228
32	4	4	1	2	190.8748
8	4	4	1	2	189.3636
8	16	1	1	2	186.9496
1	2	8	1	2	185.045
16	4	4	1	2	184.9396
8	4	2	1	2	184.9062
16	16	1	1	2	184.8264
8	1	4	2	2	184.3906
16	1	4	2	2	183.3732
8	32	1	1	2	182.7864
4	4	2	1	2	182.716
4	1	4	2	2	182.539
2	4	2	1	2	182.139
1	4	2	1	2	181.8706
32	1	4	2	2	180.7642
1	1	4	2	2	180.155
4	1	32	2	2	178.5322
16	4	2	1	2	178.4578
4	1	32	8	2	178.1596
4	1	32	4	2	178.0666
4	1	32	16	2	177.6578
2	2	4	1	2	176.9284
1	8	2	8	2	176.385
1	8	2	2	2	173.665
8	1	16	1	2	172.9454
16	1	1	4	2	171.9426
4	1	1	4	2	171.3504
32	32	1	2	2	170.8092
2	8	2	4	2	170.124
32	1	1	4	2	169.6684
8	1	1	4	2	169.2372
16	32	1	1	2	169.231
4	1	32	1	2	169.1516
2	1	1	4	2	168.456
2	8	2	2	2	168.201
16	2	4	1	2	167.61
1	8	2	1	2	166.374
32	2	4	1	2	165.1414
1	1	1	4	2	164.9224
4	2	4	1	2	163.877
8	16	1	32	2	163.3962
4	1	16	1	2	163.1742
8	2	4	1	2	162.9486
4	32	1	32	2	162.8662
2	8	2	1	2	162.5688
8	1	8	1	2	160.9612
4	8	2	2	2	160.4526
1	8	2	4	2	158.3208
1	8	1	1	2	158.2002
4	8	2	1	2	157.8958
16	1	8	1	2	157.4974
4	8	1	1	2	156.89
2	1	32	2	2	156.7474
2	1	32	4	2	156.6994
16	8	1	32	2	156.5954
2	1	32	8	2	156.5188
32	4	1	32	2	156.088
2	1	32	16	2	155.9294
2	8	1	1	2	154.8594
1	2	4	1	2	154.8254
2	1	32	32	2	154.2478
32	1	8	1	2	154.0206
8	8	2	1	2	153.5898
2	1	16	1	2	152.934
32	8	1	16	2	152.7082
32	16	1	1	2	152.5542
8	32	1	16	2	152.4032
16	16	1	16	2	150.7648
8	8	1	1	2	150.4832
4	2	1	2	2	147.2548
16	2	1	2	2	146.8486
16	32	1	8	2	146.771
2	1	32	1	2	145.9012
16	8	1	1	2	145.8772
8	2	1	2	2	145.7388
32	16	1	8	2	144.2416
32	2	1	2	2	143.8896
2	2	1	2	2	143.1104
16	1	2	2	2	142.2592
32	1	2	2	2	140.633
8	1	2	2	2	140.4952
1	2	1	2	2	140.3628
1	1	32	2	2	139.5254
1	1	32	4	2	139.3824
1	1	32	8	2	139.2702
1	1	32	16	2	138.9994
4	1	2	2	2	138.4156
1	1	32	32	2	137.9522
4	1	8	1	2	137.306
1	1	16	1	2	136.6434
1	16	2	2	2	134.9534
1	16	2	4	2	134.0314
32	8	1	1	2	133.9248
2	1	8	1	2	133.637
32	32	1	1	2	132.5627
2	1	2	2	2	132.205
1	16	2	1	2	131.8832
16	2	2	1	2	129.8594
8	2	2	1	2	129.4298
2	16	2	2	2	128.6714
32	32	1	4	2	128.4042
1	1	32	1	2	127.5744
32	2	2	1	2	127.4576
1	1	2	2	2	127.3208
4	2	2	1	2	126.0922
2	16	2	1	2	125.7752
4	4	1	1	2	122.2646
4	16	2	1	2	122.214
2	4	1	1	2	122.0298
1	1	8	1	2	121.90112
1	4	1	1	2	121.6222
16	1	4	1	2	121.2324
2	2	2	1	2	120.9626
32	1	4	1	2	120.708
8	4	1	1	2	120.3292
16	4	1	1	2	119.6644
1	2	2	1	2	117.9314
8	1	4	1	2	117.8962
32	4	1	1	2	115.2744
2	1	4	1	2	115.0498
4	1	4	1	2	113.2074
1	1	4	1	2	103.92216
16	1	1	2	2	86.89928
32	1	1	2	2	86.29716
4	1	1	2	2	85.9208
8	1	1	2	2	85.16916
2	1	1	2	2	84.44054
32	8	1	32	2	82.51602
1	1	1	2	2	82.42534
32	16	1	16	2	80.29364
32	32	1	8	2	77.51716
32	1	2	1	2	76.13016
16	1	2	1	2	75.939
8	1	2	1	2	75.15654
16	2	1	1	2	74.65538
32	2	1	1	2	74.16008
4	2	1	1	2	74.12058
8	2	1	1	2	73.75272
4	1	2	1	2	73.4697
2	2	1	1	2	72.06312
1	2	1	1	2	70.43364
2	1	2	1	2	70.38088
1	1	2	1	2	67.3089
16	1	1	1	2	43.6584
32	1	1	1	2	43.62582
4	1	1	1	2	43.01416
8	1	1	1	2	42.69748
2	1	1	1	2	42.2371
1	1	1	1	2	41.29214
