1	4	1	8	2	684.9266
1	4	1	16	2	1347.124
1	1	1	32	2	690.7122
1	8	1	8	2	1321.04
2	4	1	8	2	661.0872
1	16	1	4	2	1335.916
1	16	1	8	2	2652.904
1	8	1	16	2	2658.27
1	8	1	4	2	678.7884
4	1	1	32	2	712.207
1	4	1	32	2	2689.67
2	1	1	32	2	698.587
2	4	1	16	2	1313.25
2	8	1	4	2	646.4192
4	4	1	8	2	663.4774
1	16	1	16	2	5308.124
1	32	1	4	2	2611.392
2	8	1	8	2	1280.212
1	32	1	8	2	5218.936
8	1	1	32	2	749.0938
1	8	1	32	2	5269.708
2	8	1	16	2	2560.22
4	8	1	4	2	645.0922
4	4	1	16	2	1334.354
8	4	1	8	2	666.3774
2	16	1	8	2	2556.06
2	16	1	4	2	1281.186
4	8	1	8	2	1282.676
2	4	1	32	2	2625.138
2	1	1	16	2	542.5966
1	1	1	16	2	547.1766
4	1	1	16	2	553.4276
4	16	1	4	2	1282.446
2	32	1	4	2	2532.122
8	2	8	8	2	2132.83
8	1	1	16	2	553.5054
16	1	16	4	2	1069.698
8	2	8	4	2	1057.648
16	1	16	8	2	2130.04
8	4	8	4	2	2158.712
32	1	32	4	2	2202.974
8	2	8	16	2	4203.28
16	1	1	16	2	563.5928
8	4	8	8	2	4315.126
8	8	1	4	2	637.8904
1	4	1	4	2	504.568
32	1	32	8	2	4398.252
4	2	1	8	2	502.7702
1	16	1	32	2	8823.564
16	2	16	4	2	2123.334
16	2	16	8	2	4247.076
1	32	1	16	2	8681.85
16	1	16	16	2	4166.072
2	2	1	8	2	486.7
8	1	8	4	2	490.7002
2	4	1	4	2	497.845
16	2	8	4	2	1024.884
1	2	1	8	2	484.7838
8	1	8	8	2	968.1902
4	2	1	16	2	996.5004
2	2	1	16	2	959.2164
8	2	1	8	2	503.4976
4	4	1	4	2	497.8418
1	2	1	16	2	946.8222
8	4	1	16	2	1108.986
8	1	8	16	2	1936.572
16	2	8	8	2	2031.532
16	1	8	4	2	484.8808
32	1	16	4	2	1011.7806
16	4	8	4	2	2107.378
16	1	1	32	2	624.5304
16	1	8	8	2	966.0096
2	2	1	32	2	1912.036
8	2	1	16	2	1000.9134
1	2	1	32	2	1897.916
2	32	1	8	2	4223.872
2	16	1	16	2	4236.674
32	1	16	8	2	2014.16
16	2	1	8	2	514.6152
32	1	8	4	2	493.8222
2	8	1	32	2	4264.262
8	4	1	4	2	493.2256
32	1	8	8	2	986.1404
16	4	1	8	2	555.1294
32	2	16	4	2	2079.796
16	1	8	16	2	1950.076
4	4	1	32	2	2206.412
4	8	1	16	2	2135.754
8	1	8	32	2	3872.066
4	2	1	32	2	1986.536
4	16	1	8	2	2128.248
32	2	8	4	2	1019.689
8	8	1	8	2	1058.508
16	4	1	4	2	495.1612
1	32	1	2	2	1306.446
1	16	1	2	2	677.3242
16	1	16	2	2	535.4152
8	16	1	4	2	1057.322
8	4	8	2	2	1094.688
8	4	8	16	2	7175.054
4	32	1	4	2	2115.654
16	1	32	4	2	1644.694
16	1	32	8	2	3292.862
8	2	8	2	2	546.648
16	2	16	2	2	1079.676
16	1	32	16	2	6575.47
32	1	16	2	2	507.3064
2	32	1	2	2	1267.916
16	2	16	16	2	7082.55
16	1	32	2	2	831.4654
2	16	1	2	2	645.0248
16	4	8	8	2	3506.42
32	1	16	16	2	3364.54
8	2	8	32	2	7025.864
16	2	8	2	2	517.87
16	8	1	4	2	529.0744
16	2	8	16	2	3399.04
32	1	1	16	2	470.3122
32	2	8	2	2	521.023
4	16	1	2	2	645.1994
32	2	16	8	2	3472.78
16	2	1	16	2	853.6538
32	1	32	2	2	1108.672
16	4	8	2	2	1059.266
32	2	16	2	2	1048.104
32	2	8	8	2	1691.814
8	2	1	32	2	1666.58
32	1	8	16	2	1626.634
8	1	4	8	2	361.8806
32	4	8	4	2	1770.2
32	2	1	8	2	431.0754
4	1	4	16	2	704.6062
4	32	1	2	2	1271.01
8	1	4	16	2	719.3712
4	1	4	8	2	350.0172
16	1	8	32	2	3173.668
2	1	4	8	2	344.077
16	1	4	8	2	356.8054
2	1	4	16	2	677.7608
32	4	8	2	2	1066.486
2	1	4	32	2	1367.598
1	1	4	16	2	669.985
1	32	1	32	2	13022.14
1	8	1	2	2	340.6478
8	1	32	4	2	1344.516
8	1	32	8	2	2688.216
2	16	1	32	2	6375.834
2	32	1	16	2	6325.72
16	4	1	16	2	831.4092
4	8	1	32	2	3203.078
4	2	4	4	2	328.3342
4	2	4	16	2	1329.448
1	1	4	8	2	327.0708
8	8	1	16	2	1590.052
1	1	4	32	2	1319.898
8	2	4	4	2	330.5458
4	1	1	8	2	323.8416
8	16	1	2	2	634.7974
8	4	1	32	2	1654.796
8	1	32	2	2	673.5548
8	1	1	8	2	323.821
8	2	4	8	2	656.264
2	1	1	8	2	318.1978
4	2	4	8	2	636.7914
16	1	1	8	2	330.3274
4	16	1	16	2	3195.472
4	32	1	8	2	3169.054
1	1	1	8	2	315.6826
32	1	1	32	2	476.5286
32	4	1	4	2	410.2506
16	2	4	4	2	330.3118
2	8	1	2	2	324.124
4	32	1	16	2	6350.764
2	32	1	32	2	12649.98
4	1	8	4	2	308.9172
4	1	8	8	2	611.292
8	16	1	8	2	1582.42
4	8	1	2	2	322.171
4	16	1	32	2	6397.406
8	16	1	16	2	3157.928
32	1	1	8	2	330.7572
2	1	8	8	2	603.8624
4	1	8	16	2	1230.704
2	1	8	4	2	304.926
2	1	8	16	2	1207.264
16	8	1	8	2	791.455
2	2	4	8	2	595.4092
16	4	1	32	2	1666.62
2	2	4	4	2	300.3066
8	1	8	2	2	310.3774
1	2	4	4	2	298.7052
8	8	1	32	2	3175.672
2	1	8	32	2	2420.228
4	2	1	4	2	297.9808
16	8	1	16	2	1586.472
1	2	4	8	2	586.9948
32	4	1	8	2	420.627
2	4	8	4	2	1183.66
1	1	8	8	2	585.6562
2	4	8	2	2	594.9282
16	1	8	2	2	298.43
2	4	8	8	2	2366.91
1	1	8	16	2	1170.154
2	2	4	16	2	1172.154
8	8	1	2	2	319.2218
1	2	4	16	2	1162.236
1	1	8	32	2	2345.45
8	2	1	4	2	295.9512
2	1	4	4	2	291.0928
1	1	8	4	2	296.571
2	2	1	4	2	289.635
1	2	4	32	2	2352.018
16	2	1	4	2	302.1572
1	4	8	2	2	584.1512
32	1	8	2	2	297.848
4	2	8	8	2	1149.71
4	2	8	2	2	292.0744
1	8	4	4	2	1149.346
1	8	4	8	2	2295.694
1	4	8	4	2	1150.544
1	8	4	2	2	576.7034
2	2	8	4	2	567.2978
1	1	4	4	2	288.7
1	4	8	8	2	2302.052
1	2	1	4	2	285.1342
4	2	8	4	2	568.7654
8	32	1	2	2	1053.324
32	4	1	16	2	826.8186
1	8	4	16	2	4595.492
2	2	8	8	2	1126.432
1	4	8	16	2	4603.916
2	2	8	16	2	2263.018
4	4	8	4	2	1141.678
4	4	8	8	2	2284.584
1	4	4	8	2	1116.966
4	8	4	4	2	1159.232
8	1	4	4	2	282.073
16	1	4	4	2	284.5024
4	8	4	2	2	576.6304
16	16	1	2	2	528.1904
16	4	8	16	2	5251.192
8	4	8	32	2	10790.06
4	4	8	2	2	573.4058
8	32	1	8	2	3149.026
8	4	4	4	2	572.4032
4	1	4	4	2	276.3316
1	2	8	8	2	1100.168
1	4	4	4	2	547.5168
32	2	16	16	2	5195.656
32	2	1	4	2	302.0528
1	2	8	4	2	549.2532
1	4	4	16	2	2202.798
1	4	4	2	2	295.5554
32	1	4	4	2	288.1206
4	4	4	4	2	553.8642
1	2	8	16	2	2194.834
8	4	4	2	2	283.437
16	16	1	8	2	1580.182
4	4	4	8	2	1107.948
2	2	8	2	2	295.5758
8	32	1	4	2	1576.302
1	2	8	32	2	4390.058
8	1	16	8	2	1082.088
4	1	16	4	2	538.0664
8	1	16	4	2	538.4206
4	1	16	8	2	1072.646
16	8	1	2	2	317.4692
1	2	8	2	2	284.9948
32	2	8	16	2	2543.298
8	1	16	2	2	270.9414
2	2	4	2	2	271.6746
4	1	16	16	2	2145.912
16	16	1	4	2	787.4154
32	4	8	8	2	2647.094
2	8	4	4	2	1068.306
8	8	4	2	2	566.0094
2	8	4	8	2	2130.8
32	8	1	8	2	788.1194
4	1	16	2	2	272.5768
1	1	2	8	2	264.4094
16	2	1	32	2	1277.948
4	4	4	2	2	298.6282
1	1	2	16	2	515.9592
32	2	1	16	2	641.3538
2	8	4	2	2	531.4232
32	4	8	16	2	5303.096
16	4	4	2	2	274.983
1	1	2	32	2	1033.652
2	4	4	2	2	257.0524
2	1	2	8	2	256.9124
2	4	4	8	2	1016.5006
1	2	4	2	2	265.3698
2	1	16	8	2	1004.7978
32	8	1	4	2	394.3442
2	1	16	4	2	501.1818
2	1	16	16	2	2006.914
8	2	4	2	2	257.4654
4	2	16	8	2	2005.9
4	2	16	4	2	1000.6664
4	2	16	2	2	504.0116
4	2	4	2	2	256.9492
16	2	4	2	2	257.0066
8	2	16	2	2	501.5344
1	4	1	2	2	252.317
4	1	2	16	2	498.6784
2	1	2	16	2	493.9952
2	1	2	32	2	1000.1124
4	1	2	8	2	251.8614
8	2	16	4	2	1001.414
2	1	16	32	2	4005.558
2	4	4	16	2	2000.492
2	4	4	4	2	491.6046
1	2	2	4	2	248.3694
2	2	16	2	2	495.7264
8	1	2	8	2	251.3618
4	4	1	2	2	249.8714
2	1	16	2	2	257.1438
32	2	4	2	2	261.4682
2	2	16	4	2	978.8016
2	2	16	8	2	1956.38
2	4	1	2	2	249.2014
2	2	16	16	2	3918.07
1	2	2	8	2	243.0538
1	2	2	16	2	477.8206
8	4	1	2	2	246.447
2	2	2	4	2	237.9484
32	2	1	32	2	1284.418
16	4	1	2	2	247.0294
4	2	2	4	2	237.5538
1	2	2	32	2	928.1838
1	8	4	1	2	285.864
2	2	2	8	2	232.6934
1	1	16	16	2	1838.19
2	1	8	2	2	238.3478
4	1	8	2	2	233.2956
1	4	8	1	2	293.945
2	2	2	16	2	453.8346
1	1	16	8	2	907.806
1	1	16	4	2	453.626
8	1	32	1	2	337.6944
2	4	8	1	2	298.0548
8	2	16	1	2	250.5078
1	1	16	32	2	3643.418
16	1	32	1	2	409.616
4	4	8	1	2	285.452
1	2	16	2	2	463.4634
8	2	8	1	2	310.563
1	16	1	1	2	337.183
1	1	16	2	2	233.5018
1	2	16	4	2	895.576
1	2	16	8	2	1793.13
16	2	16	1	2	539.2072
1	2	16	16	2	3589.614
8	2	2	4	2	228.5096
4	2	16	1	2	252.2352
1	32	1	1	2	654.1974
1	4	4	1	2	254.3288
1	4	2	2	2	222.451
16	32	1	4	2	1582.494
2	16	1	1	2	322.0492
1	2	16	32	2	7189.408
32	2	8	1	2	296.6108
16	1	16	1	2	309.9452
8	4	8	1	2	546.1782
32	16	1	4	2	785.7728
2	4	4	1	2	240.9074
32	4	1	2	2	245.2366
4	2	2	8	2	217.6018
32	4	8	1	2	530.9606
2	2	16	1	2	247.7022
4	1	2	4	2	216.4122
16	32	1	2	2	787.3096
4	2	2	2	2	212.925
8	1	2	4	2	217.3824
2	1	2	4	2	214.236
4	8	4	1	2	287.4306
8	2	2	2	2	213.4946
2	8	4	1	2	266.0124
1	1	8	2	2	222.2482
32	2	16	1	2	524.2646
1	1	2	4	2	212.8636
32	1	32	1	2	556.5308
16	1	2	4	2	217.1132
2	4	2	2	2	211.8014
32	16	1	2	2	391.7502
2	32	1	1	2	634.0692
4	2	8	1	2	226.321
16	8	4	1	2	283.4878
2	2	2	2	2	207.9412
16	2	8	1	2	297.1434
4	16	1	1	2	321.4956
16	2	2	2	2	210.3984
1	4	2	4	2	206.7232
4	4	2	2	2	213.5188
4	32	1	1	2	636.8412
1	4	2	16	2	814.1406
2	4	2	4	2	204.8078
1	2	2	2	2	205.88
8	4	2	2	2	211.1962
8	8	4	1	2	283.2314
32	8	1	2	2	262.4804
2	2	8	1	2	226.6704
1	4	2	8	2	397.0996
16	4	8	1	2	529.7122
32	1	16	1	2	296.6424
2	4	2	8	2	399.4582
1	2	16	1	2	231.7196
4	4	2	4	2	202.7182
4	4	4	1	2	229.2912
2	1	4	2	2	198.4502
32	4	4	1	2	233.0968
8	4	4	1	2	227.2802
8	16	1	1	2	317.8366
1	2	8	1	2	210.196
16	4	4	1	2	227.1244
8	4	2	1	2	199.5542
16	16	1	1	2	316.7282
8	1	4	2	2	186.4404
16	1	4	2	2	187.2396
8	32	1	1	2	632.7854
4	4	2	1	2	201.4072
4	1	4	2	2	185.3054
2	4	2	1	2	198.7574
1	4	2	1	2	201.8564
32	1	4	2	2	186.7212
1	1	4	2	2	186.5276
4	1	32	2	2	362.7878
16	4	2	1	2	196.3782
4	1	32	8	2	1449.424
4	1	32	4	2	724.5932
4	1	32	16	2	2897.732
2	2	4	1	2	193.6074
1	8	2	8	2	713.5578
1	8	2	2	2	177.7728
8	1	16	1	2	182.2264
16	1	1	4	2	175.462
4	1	1	4	2	172.7774
32	32	1	2	2	782.0904
2	8	2	4	2	347.505
32	1	1	4	2	175.912
8	1	1	4	2	171.3478
16	32	1	1	2	526.3344
4	1	32	1	2	181.4628
2	1	1	4	2	169.8654
2	8	2	2	2	173.627
16	2	4	1	2	176.7218
1	8	2	1	2	179.4864
32	2	4	1	2	175.4628
1	1	1	4	2	166.8872
4	2	4	1	2	174.1456
8	16	1	32	2	3163.508
4	1	16	1	2	179.6292
8	2	4	1	2	176.6216
4	32	1	32	2	6351.856
2	8	2	1	2	171.0862
8	1	8	1	2	172.6464
4	8	2	2	2	167.3116
1	8	2	4	2	320.0466
1	8	1	1	2	170.114
4	8	2	1	2	167.6416
16	1	8	1	2	161.6384
4	8	1	1	2	161.2282
2	1	32	2	2	320.9618
2	1	32	4	2	642.0826
16	8	1	32	2	1585.18
2	1	32	8	2	1283.604
32	4	1	32	2	832.752
2	1	32	16	2	2566.484
2	8	1	1	2	161.7514
1	2	4	1	2	167.5506
2	1	32	32	2	5132.348
32	1	8	1	2	160.626
8	8	2	1	2	163.8098
2	1	16	1	2	167.9832
32	8	1	16	2	787.464
32	16	1	1	2	262.7016
8	32	1	16	2	3151.798
16	16	1	16	2	1578.918
8	8	1	1	2	159.6352
4	2	1	2	2	148.8494
16	2	1	2	2	150.9162
16	32	1	8	2	1576.404
2	1	32	1	2	160.1176
16	8	1	1	2	158.9954
8	2	1	2	2	148.1282
32	16	1	8	2	784.3986
32	2	1	2	2	151.1744
2	2	1	2	2	144.9712
16	1	2	2	2	144.3386
32	1	2	2	2	144.5174
8	1	2	2	2	141.658
1	2	1	2	2	142.3486
1	1	32	2	2	291.3558
1	1	32	4	2	580.7156
1	1	32	8	2	1161.298
1	1	32	16	2	2322.752
4	1	2	2	2	139.7082
1	1	32	32	2	4646.34
4	1	8	1	2	145.1752
1	1	16	1	2	151.2162
1	16	2	2	2	273.4622
1	16	2	4	2	542.7504
32	8	1	1	2	157.4248
2	1	8	1	2	142.2718
32	32	1	1	2	390.8018
2	1	2	2	2	134.1032
1	16	2	1	2	136.857
16	2	2	1	2	132.8786
8	2	2	1	2	132.0088
2	16	2	2	2	263.1796
32	32	1	4	2	783.3904
1	1	32	1	2	145.4
32	2	2	1	2	132.8288
1	1	2	2	2	130.5196
4	2	2	1	2	131.7028
2	16	2	1	2	131.507
4	4	1	1	2	124.8344
4	16	2	1	2	127.0408
2	4	1	1	2	124.6456
1	1	8	1	2	132.5746
1	4	1	1	2	125.969
16	1	4	1	2	122.5038
2	2	2	1	2	125.0548
32	1	4	1	2	122.9808
8	4	1	1	2	123.1788
16	4	1	1	2	123.8212
1	2	2	1	2	122.6922
8	1	4	1	2	120.285
32	4	1	1	2	122.9674
2	1	4	1	2	119.412
4	1	4	1	2	117.1666
1	1	4	1	2	108.732
16	1	1	2	2	87.68674
32	1	1	2	2	87.90486
4	1	1	2	2	86.31232
8	1	1	2	2	85.62466
2	1	1	2	2	84.87356
32	8	1	32	2	786.4506
1	1	1	2	2	83.3861
32	16	1	16	2	785.7328
32	32	1	8	2	783.3242
32	1	2	1	2	77.12468
16	1	2	1	2	76.48756
8	1	2	1	2	75.54818
16	2	1	1	2	75.5597
32	2	1	1	2	75.61082
4	2	1	1	2	74.50316
8	2	1	1	2	74.36964
4	1	2	1	2	74.0061
2	2	1	1	2	72.60958
1	2	1	1	2	71.22106
2	1	2	1	2	71.23502
1	1	2	1	2	68.67426
16	1	1	1	2	43.83474
32	1	1	1	2	43.95096
4	1	1	1	2	43.16368
8	1	1	1	2	42.80868
2	1	1	1	2	42.42472
1	1	1	1	2	41.68708
