1	1	1	1	2	3.8282025
1	1	1	2	2	7.669348
1	1	1	4	2	15.28624
1	1	1	8	2	24.17636
1	1	1	16	2	23.7112
1	1	2	1	2	6.3573875
1	1	2	2	2	12.21024
1	1	2	4	2	19.87046
1	1	2	8	2	21.3858
1	1	4	1	2	9.5260925
1	1	4	2	2	14.78904
1	1	4	4	2	17.80672
1	1	4	8	2	20.45632
1	1	8	1	2	10.7731
1	1	8	2	2	12.77514
1	1	8	4	2	16.02236
1	1	8	8	2	16.63184
1	1	16	1	2	9.3984975
1	1	16	2	2	11.83662
1	1	16	4	2	12.09788
1	1	16	8	2	11.81264
1	1	32	1	2	10.49636
1	1	32	2	2	10.61176
1	1	32	4	2	11.04212
1	1	32	8	2	11.17604
1	2	1	1	2	6.954735
1	2	1	2	2	13.8225
1	2	1	4	2	23.76274
1	2	1	8	2	23.69778
1	2	1	16	2	22.78372
1	2	2	1	2	11.1255
1	2	2	2	2	15.38806
1	2	2	4	2	20.82668
1	2	4	1	2	12.772225
1	2	4	2	2	15.00422
1	2	4	4	2	18.05742
1	2	8	1	2	12.60115
1	2	8	2	2	14.18316
1	2	8	4	2	14.2442
1	2	16	1	2	11.07782
1	2	16	2	2	11.07116
1	2	16	4	2	11.2161
1	4	1	1	2	10.173125
1	4	1	2	2	20.2891
1	4	1	4	2	23.61396
1	4	1	8	2	23.04408
1	4	1	16	2	22.54706
1	4	2	1	2	14.33335
1	4	2	2	2	16.40096
1	4	4	1	2	13.797975
1	4	4	2	2	15.75234
1	4	4	4	2	15.20864
1	4	8	1	2	13.191125
1	4	8	2	2	13.2679
1	4	8	4	2	13.40156
1	8	1	1	2	14.082275
1	8	1	2	2	27.37686
1	8	1	4	2	24.8092
1	8	1	8	2	24.21596
1	8	2	1	2	12.9702
1	8	4	1	2	14.038325
1	8	4	2	2	13.99486
1	16	1	1	2	25.32758
1	16	1	2	2	27.44106
1	16	1	4	2	23.41796
1	16	1	8	2	23.52758
1	32	1	1	2	26.83456
1	32	1	2	2	26.21664
1	32	1	4	2	22.40946
1	32	1	8	2	22.1353
