1	1	1	1	2	3.846845
1	1	1	2	2	7.696138
1	1	1	4	2	15.40396
1	1	1	8	2	29.50894
1	1	1	16	2	56.42376
1	1	2	1	2	6.38126
1	1	2	2	2	12.30188
1	1	2	4	2	20.6002
1	1	2	8	2	22.12782
1	1	4	1	2	9.5625825
1	1	4	2	2	14.90822
1	1	4	4	2	18.51548
1	1	4	8	2	21.36258
1	1	8	1	2	10.8324
1	1	8	2	2	12.87278
1	1	8	4	2	16.68792
1	1	8	8	2	33.42202
1	1	16	1	2	9.4467775
1	1	16	2	2	11.9666
1	1	16	4	2	24.29534
1	1	16	8	2	47.41684
1	1	32	1	2	10.57548
1	1	32	2	2	21.31336
1	1	32	4	2	44.36884
1	1	32	8	2	89.90952
1	2	1	1	2	6.9889675
1	2	1	2	2	13.91712
1	2	1	4	2	27.69516
1	2	1	8	2	49.23666
1	2	1	16	2	94.99544
1	2	2	1	2	11.179025
1	2	2	2	2	15.56792
1	2	2	4	2	21.7935
1	2	4	1	2	12.8437
1	2	4	2	2	15.28738
1	2	4	4	2	18.4988
1	2	8	1	2	12.665
1	2	8	2	2	14.28838
1	2	8	4	2	28.6497
1	2	16	1	2	11.14938
1	2	16	2	2	22.23156
1	2	16	4	2	45.08558
1	4	1	1	2	10.261975
1	4	1	2	2	20.50452
1	4	1	4	2	40.70624
1	4	1	8	2	70.29952
1	4	1	16	2	134.4404
1	4	2	1	2	14.444625
1	4	2	2	2	16.7013
1	4	4	1	2	13.914575
1	4	4	2	2	16.04444
1	4	4	4	2	30.6512
1	4	8	1	2	13.29535
1	4	8	2	2	26.6941
1	4	8	4	2	53.97114
1	8	1	1	2	14.21805
1	8	1	2	2	28.23134
1	8	1	4	2	55.82172
1	8	1	8	2	111.0296
1	8	2	1	2	13.097975
1	8	4	1	2	14.226275
1	8	4	2	2	28.19134
1	16	1	1	2	26.13418
1	16	1	2	2	52.62636
1	16	1	4	2	104.5632
1	16	1	8	2	207.4222
1	32	1	1	2	38.07702
1	32	1	2	2	75.77142
1	32	1	4	2	154.3634
1	32	1	8	2	307.82
