2	4	1	16	2	4440.082
2	1	1	32	2	2307.088
1	4	1	16	2	3963.07
4	1	1	32	2	2623.776
4	4	1	16	2	4733.214
2	8	1	16	2	8530.696
1	8	1	16	2	7717.758
1	1	1	32	2	2008.88
1	4	1	32	2	7954.12
4	1	1	16	2	1879.358
2	4	1	32	2	8885.158
8	1	1	32	2	2872.766
2	1	1	16	2	1796.27
8	1	1	16	2	1892.376
2	2	1	16	2	3338.104
2	1	1	64	2	4714.44
1	8	1	32	2	15436.44
4	2	1	16	2	3513.81
1	1	1	16	2	1720.13
8	1	4	16	2	3426.16
4	2	2	16	2	3411.516
4	1	4	16	2	3205.678
8	2	2	16	2	3680.82
1	2	1	16	2	3108.2475
1	16	1	16	2	14178.18
1	1	1	64	2	3802.12
4	2	2	32	2	6846.238
16	1	4	16	2	3565.25
2	2	2	16	2	3056.634
2	2	1	32	2	6690.158
4	4	2	16	2	6810.23
8	2	1	16	2	3566.264
4	2	1	32	2	7001.812
1	2	1	32	2	6162.56
4	4	4	16	2	13122.4
2	4	2	16	2	6165.966
4	4	1	32	2	7864.468
8	2	4	16	2	6547.286
2	8	2	16	2	12816.18
16	1	1	16	2	1930.832
4	2	4	16	2	6036.93
2	2	2	32	2	6181.854
2	4	1	8	2	2656.44
4	1	4	32	2	6326.162
2	8	1	32	2	14202.52
8	1	4	32	2	6843.944
4	1	2	16	2	2813.77
8	4	1	16	2	4022.39
8	2	8	16	2	12498.58
4	2	4	8	2	3010.776
8	1	8	16	2	5859.476
8	1	2	16	2	2954.806
2	4	2	8	2	3058.612
2	2	1	8	2	1758.57
2	2	2	8	2	1654.922
16	1	8	16	2	6316.106
16	1	1	32	2	2381.388
16	1	16	16	2	12366.16
1	4	1	8	2	2528.936
4	2	2	8	2	1930.778
4	2	1	8	2	1822.394
4	1	4	8	2	1661.074
4	8	1	16	2	7496.034
8	2	4	8	2	3284.242
8	1	8	8	2	2840.278
2	8	1	8	2	4413.688
4	2	4	32	2	12164.78
16	1	4	8	2	1956.416
1	8	1	8	2	4126.564
8	1	2	8	2	1507.518
8	1	4	8	2	1842.208
8	2	8	8	2	6346.28
1	2	1	8	2	1692.6125
2	4	2	32	2	11824.64
4	4	4	8	2	6537.976
2	16	1	16	2	13593.08
2	8	2	8	2	6601.034
4	4	2	8	2	3451.17
2	1	2	16	2	2588.736
4	1	2	8	2	1432.468
4	1	2	32	2	5630.24
2	16	1	8	2	8354.186
8	2	2	8	2	2030.278
16	1	2	16	2	2991.054
1	16	1	8	2	7249.228
4	1	1	64	2	5658.45
16	1	16	8	2	6013.346
16	1	8	8	2	3137.472
1	4	1	64	2	16696.6
2	1	2	32	2	5225.032
8	4	8	8	2	13681.42
8	1	2	32	2	5870.516
4	8	1	8	2	4581.84
1	2	1	64	2	12259.6
4	8	4	8	2	13326.56
2	1	2	8	2	1344.948
8	2	1	8	2	1853.236
8	4	4	8	2	6984.612
8	1	8	32	2	11321.72
4	4	1	8	2	2823.056
16	1	2	8	2	1556.314
16	2	8	8	2	6840.986
8	2	2	32	2	6041.462
2	16	2	8	2	12372.3
4	8	2	8	2	7093.662
8	2	1	32	2	6016.238
16	2	16	8	2	13516.54
1	16	1	32	2	23464.76
8	4	2	8	2	3688.69
1	32	1	8	2	12236.86
2	2	1	64	2	13578.9
16	2	4	8	2	3521.244
8	4	1	8	2	2850.422
32	1	16	8	2	6451.44
16	2	8	16	2	11544.78
16	1	4	32	2	5854.12
16	2	2	16	2	3152.012
4	4	2	32	2	11191.5
32	1	32	8	2	12845.66
16	2	2	8	2	2101.102
8	4	2	16	2	5937.07
8	4	4	16	2	11591.3
32	1	4	8	2	1989.112
4	4	4	32	2	21590.92
4	8	2	16	2	11597.1
32	1	4	16	2	3109.01
32	1	8	8	2	3368.084
8	2	4	32	2	10878.92
8	4	8	16	2	22761.14
16	2	4	16	2	5682.71
16	2	1	8	2	1864.01
2	2	2	64	2	12955.3
2	1	2	64	2	10406
2	8	2	32	2	21279.52
16	2	1	16	2	2988.066
8	2	8	32	2	20893.56
32	1	2	8	2	1551.766
4	8	4	16	2	22117.76
32	1	8	16	2	5482.22
16	1	8	32	2	10426.98
16	1	16	32	2	20382.2
4	1	4	64	2	12865.3
2	16	2	16	2	20495.92
16	2	16	16	2	22478.96
32	1	1	16	2	1606.772
32	1	32	16	2	21405.34
16	1	32	8	2	9106.842
4	16	1	8	2	7420.852
32	1	16	16	2	10744.4
16	1	2	32	2	4983.02
8	8	1	8	2	3837.01
16	1	32	16	2	18214.25
4	1	2	64	2	11491.8
1	32	1	16	2	20221.64
8	4	1	32	2	5958.29
4	8	1	32	2	11242.92
8	1	1	8	2	1052.438
4	1	1	8	2	1040.372
32	1	2	16	2	2523.074
4	1	8	8	2	2030.376
2	32	1	8	2	12466.64
4	1	8	16	2	4020.84
2	1	4	8	2	1029.756
16	4	1	8	2	2232.438
2	1	4	16	2	1954.574
2	1	1	8	2	1018.246
8	8	2	8	2	6090.34
16	4	4	8	2	6036.618
4	16	2	8	2	11629.4
16	1	1	8	2	1055.112
16	4	8	8	2	12107.06
2	16	1	32	2	20380.62
8	8	4	8	2	11920.48
4	2	8	8	2	3922.394
32	2	16	8	2	11841.44
4	1	8	32	2	8098.346
4	2	8	16	2	7878.724
16	4	2	8	2	3134.808
32	1	1	32	2	1773.274
2	2	4	16	2	3798.438
2	2	4	8	2	1880.84
64	1	32	8	2	11525.32
4	2	8	32	2	15903.3
1	1	1	8	2	986.7305
2	4	1	64	2	15436.9
2	1	4	32	2	3897.104
8	2	16	8	2	8028.83
8	1	16	8	2	3803.366
8	1	1	64	2	5043.69
2	4	4	8	2	3749.93
8	8	1	16	2	5733.972
32	2	8	8	2	5831.598
8	8	1	32	2	11441.5
16	4	1	16	2	3046.642
2	4	4	16	2	7551.532
4	2	1	64	2	11710.4
8	2	16	16	2	16085.45
32	2	4	8	2	3003.744
1	8	1	64	2	26137.3
64	1	16	8	2	5720.85
16	4	1	32	2	6110.132
8	1	16	16	2	7592.79
2	2	4	32	2	7619.472
4	16	1	32	2	22105.02
2	1	4	64	2	7886.49
32	2	1	8	2	1538.376
32	2	2	8	2	1665.978
2	1	8	16	2	3552.408
8	1	16	32	2	15383.25
2	1	8	8	2	1775.594
8	1	32	8	2	7437.968
1	1	4	8	2	919.275
4	16	1	16	2	11072.3
64	1	8	8	2	2841.298
1	1	2	16	2	1746.6075
2	4	4	32	2	14982.15
16	2	2	32	2	4704.404
1	4	4	8	2	3536.972
1	1	2	8	2	907.198
1	1	4	16	2	1729.3475
32	1	1	8	2	1056.372
4	4	8	8	2	7451.056
64	1	4	8	2	1628.058
8	1	32	16	2	14876
4	1	16	8	2	3522.506
4	2	2	64	2	12351.4
1	1	2	32	2	3502.6925
4	1	16	16	2	7036.666
2	2	8	8	2	3484.914
1	4	4	16	2	7023.692
1	2	2	8	2	880.8468
4	4	8	16	2	14898.35
8	4	4	32	2	17530.7
2	2	8	16	2	7006.054
1	2	4	8	2	1719.448
1	2	4	16	2	3415.598
4	1	8	64	2	16551.5
1	1	4	32	2	3478.8525
4	8	2	32	2	17508.72
8	4	2	32	2	8933.118
16	2	4	32	2	8638.938
2	1	8	32	2	7033.09
1	2	2	16	2	1683.672
2	8	4	8	2	7119.986
1	4	4	32	2	13997.45
2	4	2	64	2	21122.3
4	1	16	32	2	14033.65
8	1	32	32	2	29597.25
16	2	8	32	2	16947.2
2	4	8	8	2	6932.312
4	2	4	64	2	20381.7
8	8	2	32	2	18587.65
8	1	4	64	2	12220.2
16	2	1	32	2	4516.378
1	2	4	32	2	6759.648
2	2	4	64	2	15142.9
16	4	8	32	2	36270.75
2	32	1	16	2	18547.48
64	1	2	8	2	1296.074
2	4	8	16	2	13903.78
16	2	16	32	2	33659.2
2	8	4	16	2	14261.95
8	8	4	32	2	35782.1
2	2	8	32	2	13949.4
4	16	2	32	2	34912.45
1	2	2	32	2	3353.866
2	32	1	32	2	37047.36
8	1	2	64	2	9973
8	16	1	16	2	11330.86
8	4	8	32	2	34060.4
1	2	4	64	2	13814.4
2	1	8	64	2	13937.6
64	1	1	32	2	1778.856
4	2	16	8	2	6598.466
32	1	8	32	2	8301.075
8	8	2	16	2	9045.296
1	2	8	8	2	3213.392
16	4	8	16	2	18086.68
4	2	4	4	2	1769.434
4	8	4	32	2	33069.65
4	2	8	4	2	2110.106
8	1	8	64	2	19570.6
2	2	4	4	2	1217.768
1	2	8	16	2	6395.042
16	8	1	16	2	5775.408
16	4	2	32	2	9085.66
4	32	1	16	2	21222.96
32	1	32	32	2	31913.15
16	4	2	16	2	4580.572
4	16	2	16	2	17474.16
1	1	2	64	2	7100.04
32	2	4	32	2	8859.95
2	4	8	32	2	27845.05
8	16	1	8	2	5668.042
1	8	4	8	2	6487.438
32	2	16	16	2	17718.14
8	8	4	16	2	17903.74
1	1	8	16	2	3117.97
1	1	8	8	2	1563.5425
32	1	4	32	2	4627.556
16	4	4	16	2	8916.514
32	1	16	32	2	15539.1
4	2	16	16	2	13181.92
1	2	2	64	2	6679.74
1	8	4	16	2	13012.86
2	2	8	4	2	1916.858
1	8	1	4	2	2182.892
8	1	8	4	2	1728.296
2	4	1	4	2	1631.004
4	4	4	4	2	3615.892
1	4	2	8	2	1539.038
16	8	4	16	2	18565
2	4	4	4	2	2123.136
2	2	2	4	2	1168.3
1	1	8	32	2	6262.93
32	2	2	16	2	2453.482
16	4	4	32	2	18229.55
1	4	8	8	2	6406.378
8	1	4	4	2	1156.332
4	32	1	8	2	10611.02
32	2	8	32	2	18161.45
1	4	8	16	2	12828.02
4	1	16	64	2	27904.4
32	2	16	32	2	35507.15
2	2	8	64	2	28218.9
4	1	8	4	2	1248.992
1	2	8	32	2	12813.18
4	1	4	4	2	1107.41
32	4	1	16	2	3113.71
1	4	4	64	2	27813.6
8	1	32	4	2	3724.222
16	8	1	8	2	2886.452
4	2	2	4	2	1228.11
2	4	8	4	2	3475.25
4	1	16	4	2	1912.644
1	4	2	16	2	3048.398
2	1	8	4	2	1097.056
2	2	1	4	2	969.4102
2	8	4	4	2	3581.326
4	4	2	4	2	2006.818
4	2	16	32	2	26399.65
4	4	1	64	2	11984.6
8	2	4	4	2	1897.624
1	32	1	32	2	30322
32	2	4	16	2	4414.128
8	1	16	4	2	2076.348
1	4	1	4	2	1546.492
4	2	16	4	2	3302.392
16	1	1	64	2	3821.57
64	1	4	16	2	2329.08
8	4	8	4	2	6892.412
1	8	4	32	2	26078.6
32	2	8	16	2	8694.356
4	8	4	4	2	6721.316
16	1	4	4	2	1194.968
2	8	1	64	2	21297.9
4	1	32	8	2	6177.752
32	2	1	32	2	4587.78
1	16	1	4	2	3896.706
8	2	2	4	2	1257.412
32	4	4	16	2	9264.305
8	2	8	4	2	3475.982
8	16	2	16	2	18371.45
2	1	16	8	2	2977.112
1	1	8	64	2	12478.4
32	2	1	16	2	2279.468
8	4	4	4	2	3703.016
16	2	16	4	2	6802.342
4	2	1	4	2	995.0624
1	1	4	64	2	7027.29
4	4	1	4	2	1682.802
4	1	32	16	2	12337.76
32	4	1	8	2	1596.938
2	1	16	16	2	5923.112
2	1	4	4	2	966.3448
1	4	8	32	2	25707.3
32	4	8	16	2	18746.95
1	32	1	4	2	6140.708
8	4	1	4	2	1711.392
8	4	2	4	2	2012.858
4	1	2	4	2	842.0696
2	4	2	4	2	1928.234
32	1	2	32	2	3817.452
16	1	32	4	2	4574.368
8	1	2	4	2	862.7942
1	2	8	64	2	25718.8
1	8	4	4	2	3241.52
2	8	2	4	2	3588.632
1	4	2	4	2	911.6474
16	1	8	4	2	1837.856
2	16	2	4	2	6207.438
32	4	2	16	2	4689.745
1	4	4	4	2	1957.082
32	1	32	4	2	6455.484
16	1	16	4	2	3351.156
4	4	8	4	2	3735.564
32	1	16	4	2	3526.278
2	16	2	32	2	30774.8
4	8	2	4	2	3786.13
2	8	1	4	2	2261.444
2	16	1	4	2	4290.764
4	8	1	64	2	22639.3
16	8	4	8	2	9307.038
1	4	8	4	2	3210.69
8	2	1	4	2	1002.688
1	4	2	32	2	6037.355
16	8	2	16	2	9270.415
4	1	32	4	2	3097.82
1	2	1	4	2	939.3535
2	1	2	4	2	822.7578
16	8	2	8	2	4687.1
2	1	16	32	2	11759.2
4	1	32	32	2	24669.85
1	2	8	4	2	1681.948
32	2	2	32	2	4841.065
2	1	16	4	2	1515.226
32	4	8	8	2	9406.598
64	1	1	16	2	1198.912
16	2	8	4	2	3739.212
16	1	2	4	2	875.1064
64	2	16	8	2	9346.362
8	2	16	4	2	4032.688
8	16	2	8	2	9188.744
1	2	2	4	2	905.562
4	4	8	32	2	24784.95
8	2	1	64	2	9056.89
8	8	4	4	2	7208.424
16	2	2	4	2	1267.978
2	1	16	64	2	23597
8	2	2	64	2	9425.83
32	1	8	4	2	1910.602
64	1	8	16	2	4124.148
1	2	4	4	2	1148.302
2	32	1	4	2	7496.736
32	1	4	4	2	1225.108
2	2	16	8	2	5646.496
4	16	1	4	2	4499.838
8	4	1	64	2	11993.8
16	4	4	4	2	3793.588
4	8	1	4	2	2322.644
2	2	16	16	2	11304.62
1	8	2	16	2	5491.76
16	1	4	64	2	8962.51
2	2	16	4	2	2821.01
32	4	2	8	2	2349.46
64	1	2	16	2	1918.992
1	4	2	64	2	12031.3
8	8	2	4	2	3904.932
1	8	2	4	2	1376.998
32	1	2	4	2	876.684
1	1	8	4	2	934.098
16	2	1	4	2	1011.65
32	4	4	8	2	4623.202
1	1	4	4	2	843.5895
16	4	8	4	2	7313.506
1	16	1	64	2	35690.9
8	2	8	64	2	33309.6
4	4	4	64	2	33476.2
64	2	2	8	2	1233.812
4	4	2	64	2	16727.4
2	16	1	64	2	40864.6
64	2	4	8	2	2249.33
8	8	1	4	2	2331.944
16	4	1	4	2	1726.076
32	2	16	4	2	7111.51
1	8	2	8	2	2656.5
8	2	4	64	2	16198.6
64	1	32	4	2	6974.824
64	2	8	8	2	4447.644
16	2	4	4	2	1953.972
2	2	16	32	2	22605.35
2	8	2	64	2	32408.9
16	16	1	8	2	5738.984
16	4	2	4	2	2013.546
32	2	8	4	2	3807.576
16	1	8	64	2	15895.1
64	1	1	8	2	873.8376
4	16	2	4	2	7045.692
64	1	16	4	2	3647.658
32	2	4	4	2	1948.588
32	1	1	64	2	3528.04
8	32	1	8	2	11024.66
4	8	2	64	2	35246.5
64	1	8	4	2	1898.432
16	2	2	64	2	9709.83
32	2	2	4	2	1234.46
16	2	4	64	2	17633.8
64	2	1	8	2	1146.568
64	2	1	16	2	2293.472
8	4	4	64	2	34106
16	1	2	64	2	7621.46
1	1	16	16	2	4996.188
8	4	2	64	2	17960.3
32	1	4	64	2	9156.77
16	2	8	64	2	35144
1	8	2	32	2	10078.9
16	8	4	4	2	6222.454
1	1	2	4	2	688.00025
16	1	16	64	2	29265.5
16	2	1	64	2	9312.75
8	4	8	64	2	68482
1	1	16	8	2	2458.772
64	1	4	4	2	1195.84
32	1	8	64	2	16540.1
32	8	1	8	2	2911.396
16	16	2	8	2	9397.985
4	8	4	64	2	66212.4
1	1	16	32	2	9865.022
64	4	1	8	2	1572.23
2	1	32	8	2	4975.972
1	1	16	64	2	20094.1
1	1	16	4	2	1234.766
32	2	1	4	2	1015.802
2	1	32	4	2	2487.86
2	1	32	16	2	9944.452
32	8	2	8	2	4763.315
32	8	4	8	2	9440.065
8	16	2	4	2	6177.556
4	32	1	4	2	7131.858
16	8	2	4	2	3228.682
2	16	2	64	2	61564.8
2	1	32	32	2	19939.55
8	16	1	4	2	3779.038
64	2	16	4	2	6270.058
32	4	4	4	2	3111.648
1	32	1	64	2	60941.4
64	2	8	4	2	3101.752
32	4	8	4	2	6338.228
32	1	2	64	2	7620.93
64	1	2	4	2	882.4318
64	2	4	4	2	1599.058
1	2	16	4	2	2295.68
1	2	16	8	2	4582.104
16	8	1	4	2	1949.504
32	4	1	32	2	3174.305
1	2	16	16	2	9169.1
8	1	1	4	2	545.037
4	1	1	4	2	540.63
16	1	1	4	2	547.8868
1	2	16	32	2	18349.66
32	4	2	4	2	1676.676
16	8	1	32	2	5757.29
1	2	16	64	2	36682.7
8	16	1	32	2	11347.9
2	1	1	4	2	530.2662
32	4	1	4	2	1444.1
32	1	1	4	2	548.8636
4	32	1	32	2	21160.75
1	1	1	4	2	518.2015
1	16	2	8	2	4018.26
64	2	2	4	2	961.3328
1	16	2	4	2	2005.928
16	16	1	4	2	2877.336
1	16	2	16	2	8048.62
8	32	1	4	2	5532.012
16	16	2	4	2	4724.764
16	16	1	16	2	5718.81
64	1	1	4	2	549.4934
64	2	1	4	2	844.347
8	16	2	32	2	18362.2
32	8	4	4	2	4710.486
64	4	4	4	2	2383.342
8	1	32	2	2	1886.832
8	32	1	16	2	11018.2
64	4	8	4	2	4786.498
16	8	2	32	2	9394.95
4	2	16	2	2	1683.574
32	8	1	16	2	2891.42
4	2	4	2	2	1016.374
32	8	2	4	2	2421.656
4	2	8	2	2	1272.806
2	8	2	2	2	1931.154
4	1	16	2	2	1159.21
32	8	1	4	2	1459.704
4	4	1	2	2	839.3472
16	4	1	64	2	6097.42
4	8	4	2	2	3382.258
8	2	16	2	2	2030.324
64	4	2	4	2	1249.766
16	1	4	2	2	673.4124
4	4	2	2	2	1107.058
8	1	4	2	2	662.3758
2	4	1	2	2	813.7922
8	2	4	2	2	1054.504
8	1	8	2	2	1016.954
2	4	2	2	2	1074.92
2	4	8	2	2	1758.466
8	1	16	2	2	1250.166
32	4	2	32	2	4652.43
1	8	1	2	2	1095.626
4	4	8	2	2	1887.452
32	1	16	2	2	1878.718
4	2	2	2	2	697.7264
1	8	4	2	2	1658.452
1	1	4	2	2	536.82975
2	4	4	2	2	1341.808
4	1	4	2	2	653.6746
16	2	4	2	2	1082.532
16	1	32	2	2	2313.372
1	16	2	2	2	1007.294
4	1	8	2	2	872.0514
2	16	1	2	2	2172.274
4	16	1	64	2	22164
8	8	1	64	2	11422.5
32	1	8	2	2	1070.922
8	2	2	2	2	703.9824
2	8	4	2	2	1820.996
8	2	8	2	2	1858.476
1	8	2	2	2	934.3552
16	16	2	16	2	9381.86
32	8	2	16	2	4752.425
1	1	8	2	2	708.61225
16	32	1	4	2	5609.792
16	1	16	2	2	1836.716
8	4	4	2	2	1950.068
4	4	4	2	2	1887.284
1	1	32	4	2	1834.15
1	2	2	2	2	637.7352
2	8	1	2	2	1137.416
1	1	32	8	2	3661.168
8	4	1	2	2	853.9274
4	1	32	2	2	1562.686
4	8	1	2	2	1163.066
32	1	4	2	2	661.3228
8	2	1	2	2	501.7762
64	4	1	4	2	1084.796
1	1	32	16	2	7327.914
1	4	1	2	2	775.3508
16	2	2	2	2	672.7728
16	1	8	2	2	1055.53
1	32	1	2	2	3088.66
1	1	16	2	2	709.6878
16	2	8	2	2	1974.702
1	1	32	32	2	14626.15
32	1	32	2	2	3238.83
8	4	2	2	2	1120
2	2	8	2	2	1212.448
1	16	1	2	2	1995.034
16	2	16	2	2	3407.218
2	2	1	2	2	483.7842
1	2	4	2	2	813.8636
2	2	4	2	2	944.0438
4	8	2	2	2	1994.53
2	1	8	2	2	830.5132
2	2	2	2	2	709.9696
64	1	32	2	2	3510.542
8	4	8	2	2	3449.628
4	2	1	2	2	496.7946
2	2	16	2	2	1458.818
2	16	2	2	2	3141.18
32	16	2	4	2	4794.74
64	1	16	2	2	1945.044
2	1	16	2	2	974.2768
2	1	4	2	2	624.8062
1	4	2	2	2	908.1674
16	4	2	2	2	1129.46
32	16	1	4	2	2889.046
2	1	32	2	2	1253.326
16	2	1	2	2	508.3076
32	2	4	2	2	1112.998
1	4	8	2	2	1657.098
1	4	4	2	2	1244.328
16	4	4	2	2	2031.782
8	8	4	2	2	3606.518
16	1	2	2	2	460.6622
1	2	8	2	2	1071.746
32	2	16	2	2	3609.576
16	4	8	2	2	3678.294
64	8	1	4	2	1467.406
1	2	1	2	2	469.487
4	16	1	2	2	2271.626
16	32	1	8	2	5599.325
32	1	2	2	2	463.0206
32	2	8	2	2	1998.47
4	16	2	2	2	3512.148
32	16	1	8	2	2871.91
32	2	1	2	2	506.1436
2	32	1	64	2	37183
64	1	4	2	2	692.5916
1	2	16	2	2	1169.09
8	1	2	2	2	461.1864
4	1	2	2	2	455.0968
2	32	1	2	2	3723.872
1	1	32	2	2	920.789
32	2	1	64	2	4587.81
64	1	8	2	2	1090.808
16	4	1	2	2	861.6286
2	1	2	2	2	451.8872
64	8	2	4	2	2395.634
8	8	1	2	2	1170.036
8	16	1	2	2	2286.09
8	8	2	2	2	2023.412
32	2	2	2	2	658.364
64	1	2	2	2	463.1122
4	32	1	2	2	4258.976
16	8	2	2	2	2046.386
1	1	2	2	2	391.874
32	4	8	2	2	3803.434
16	8	4	2	2	3748.522
8	16	2	2	2	3699.878
64	2	8	2	2	1983.314
32	4	4	2	2	2035.324
64	2	16	2	2	3751.052
32	4	2	2	2	1101.566
32	16	2	8	2	4767.26
64	2	4	2	2	1087.32
64	2	2	2	2	684.222
16	8	1	2	2	1171.322
32	4	1	2	2	863.5554
8	32	1	2	2	3696.312
64	4	8	2	2	3218.536
16	16	2	2	2	3156.89
16	16	1	2	2	1929.368
64	2	1	2	2	506.3194
32	8	4	2	2	3166.752
64	4	4	2	2	1647.734
32	8	2	2	2	1713.77
32	8	1	2	2	972.7318
64	4	2	2	2	917.4102
64	4	1	2	2	722.3532
32	16	2	2	2	2367.072
32	8	1	32	2	2884.605
8	32	1	32	2	11014.25
16	16	1	32	2	5707.545
64	8	2	2	2	1252.756
8	1	1	2	2	272.5302
16	1	1	2	2	273.899
16	32	1	2	2	2820.12
4	1	1	2	2	269.9792
64	8	4	2	2	2379.512
32	32	1	4	2	2816.274
32	1	1	2	2	274.677
64	16	1	4	2	1444.156
2	1	1	2	2	264.8108
2	2	2	1	2	422.117
1	4	2	1	2	560.1186
4	1	8	1	2	483.8958
32	16	1	2	2	1446.622
2	2	4	1	2	541.9586
4	1	16	1	2	672.3344
2	2	16	1	2	732.9268
1	2	4	1	2	460.8808
2	2	8	1	2	706.9936
1	8	2	1	2	600.8674
2	1	8	1	2	471.5986
1	4	1	1	2	387.907
4	1	4	1	2	389.3596
64	1	1	2	2	274.835
1	2	2	1	2	370.621
2	1	4	1	2	352.9738
1	2	8	1	2	638.2272
1	4	4	1	2	722.4104
2	1	16	1	2	591.9034
1	1	1	2	2	258.9015
2	4	1	1	2	407.349
2	4	4	1	2	786.603
1	4	8	1	2	836.993
4	2	8	1	2	735.1482
4	2	4	1	2	545.4172
4	1	32	1	2	777.5124
4	2	2	1	2	426.7416
1	8	1	1	2	548.1032
1	8	4	1	2	834.871
1	1	8	1	2	412.60025
16	8	1	64	2	5755.44
32	32	1	2	2	2825.584
2	4	8	1	2	875.9514
2	4	2	1	2	588.389
8	1	4	1	2	401.0444
8	1	8	1	2	543.7892
2	1	32	1	2	625.344
4	2	16	1	2	834.28
1	1	4	1	2	315.6305
16	32	1	16	2	5575.905
8	2	4	1	2	555.3622
8	1	16	1	2	721.9954
32	16	1	16	2	2856
1	2	16	1	2	591.0904
1	1	16	1	2	450.372
8	2	8	1	2	995.9384
2	8	2	1	2	994.66
8	1	32	1	2	941.0426
1	16	2	1	2	503.9008
16	1	16	1	2	990.6628
32	4	1	64	2	3093.24
1	16	1	1	2	990.398
8	2	2	1	2	428.8132
2	8	1	1	2	567.8594
4	4	8	1	2	939.792
1	1	32	1	2	452.8452
4	4	2	1	2	588.1274
8	16	1	64	2	11292
64	8	1	2	2	735.8918
16	1	4	1	2	413.4636
4	4	1	1	2	420.6318
64	16	1	2	2	1463.914
8	2	1	1	2	251.433
4	2	1	1	2	248.5872
16	1	8	1	2	555.8434
2	8	4	1	2	911.8084
16	1	32	1	2	1159.73
4	4	4	1	2	984.919
8	2	16	1	2	1011.804
4	8	4	1	2	1681.226
4	1	2	1	2	244.5936
16	2	16	1	2	1695.484
8	1	2	1	2	248.028
8	4	8	1	2	1720.142
8	4	2	1	2	586.094
16	1	2	1	2	249.5034
1	32	1	1	2	1543.558
2	2	1	1	2	242.6392
16	2	8	1	2	1040.184
32	1	32	1	2	1639.3
2	1	2	1	2	241.0806
16	2	1	1	2	253.318
32	1	16	1	2	1042.122
1	2	1	1	2	236.62425
8	4	4	1	2	1041.952
32	1	2	1	2	250.6418
2	16	1	1	2	1081.482
64	2	2	1	2	433.7438
32	1	8	1	2	567.6034
16	2	2	1	2	431.0654
8	4	1	1	2	429.2046
32	1	4	1	2	423.3364
4	8	2	1	2	1044.188
2	16	2	1	2	1579.014
32	32	1	8	2	2795.355
16	4	1	1	2	431.696
16	4	2	1	2	584.473
4	32	1	1	2	2135.878
32	4	2	1	2	585.1004
64	1	4	1	2	428.4052
32	8	2	1	2	1077.392
64	2	1	1	2	253.1198
16	8	4	1	2	1853.428
32	8	1	1	2	588.1468
8	32	1	1	2	2208.572
4	8	1	1	2	581.7672
64	1	2	1	2	250.6458
32	8	4	1	2	1879.644
32	2	8	1	2	1063.54
64	2	4	1	2	575.8808
16	16	1	1	2	1157.33
16	8	1	1	2	587.6612
16	4	4	1	2	1073.052
32	2	1	1	2	253.4028
32	2	4	1	2	574.5588
16	16	2	1	2	1880.3
32	2	16	1	2	1786.268
1	1	2	1	2	207.06825
2	32	1	1	2	1862.72
16	4	8	1	2	1817.788
64	4	4	1	2	1081.754
32	4	4	1	2	1075.69
16	32	1	1	2	1882.338
64	2	8	1	2	1080.34
64	8	4	1	2	1578.42
16	2	4	1	2	569.0206
64	2	16	1	2	1889.502
64	4	8	1	2	1915.64
32	16	2	1	2	1573.814
64	1	8	1	2	575.5398
16	8	2	1	2	1081.548
8	8	1	1	2	586.571
32	2	2	1	2	433.2748
8	16	1	1	2	1152.826
64	4	2	1	2	584.5906
4	16	2	1	2	1774.476
64	1	32	1	2	1769.756
32	16	1	1	2	964.6854
64	8	2	1	2	904.8456
8	16	2	1	2	1844.862
32	4	8	1	2	1891.096
8	8	2	1	2	1068.862
64	4	1	1	2	432.9844
64	8	1	1	2	487.004
8	8	4	1	2	1783.516
4	16	1	1	2	1138.448
32	4	1	1	2	430.545
64	1	16	1	2	1060.958
32	32	1	1	2	1417.576
64	16	1	1	2	725.7122
16	1	1	1	2	136.8918
8	1	1	1	2	136.1908
32	1	1	1	2	137.2782
4	1	1	1	2	134.867
64	1	1	1	2	137.4792
2	1	1	1	2	132.2012
1	1	1	1	2	128.534
