MobileNetV1	944.8655088	1030.131838	1094.531303	1128.170691	1145.562214	1158.200441	1167.818358
MobileNetV1	60.92145019	60.92145019	60.92145019	60.92145019	60.92145019	60.92145019	60.92145019
MobileNetV1	2.254147034	2.398151729	1.512758067	1.800398338	2.487438097	5.749444344	12.72462339
SqueezeNet	247.985758	271.4233583	285.5622763	294.6673976	297.9279617	301.9577688	304.1230169
SqueezeNet	33.04184445	33.04184445	33.04184445	33.04184445	33.04184445	33.04184445	33.04184445
SqueezeNet	2.330247846	2.450171144	1.205507149	1.388940379	1.485988571	1.804689659	2.357788257
DenseNet121	183.8089782	217.3548664	238.965841	250.5600573	259.9697157	265.3841254	267.6883966
DenseNet121	16.35792772	16.35792772	16.35792772	16.35792772	16.35792772	16.35792772	16.35792772
DenseNet121	1.036415841	1.071662895	1.086653103	1.210411241	1.142002554	8.885999663	3.464304726
ResNet50	321.1661947	355.4637116	384.499956	400.6426244	408.1610036	414.2546541	417.4498363
ResNet50	26.7044309	26.7044309	26.7044309	26.7044309	26.7044309	26.7044309	26.7044309
ResNet50	1.060785884	1.097968905	1.134351927	1.185507914	1.190774195	1.273101072	2.497355136
SSD_MobileNetV1	945.3538395	1020.852742	1064.393806	1097.398708	1119.852927	1132.329887	1140.138337
SSD_MobileNetV1	73.79311704	73.79311704	73.79311704	73.79311704	73.79311704	73.79311704	73.79311704
SSD_MobileNetV1	1.356718954	1.769808315	1.239070054	1.478710264	1.639894327	2.931990516	2.381990516
SSD_VGG16	670.5825161	680.3657714	704.8317344	707.2321343	699.6168408	685.8082395
SSD_VGG16	259.7916185	259.7916185	259.7916185	259.7916185	259.7916185	259.7916185
SSD_VGG16	1.060808315	1.104289931	1.129753327	2.400684867	2.168348567	2.063048607
