1	1	1	1	2	115.3668
1	1	1	2	2	237.6386
1	1	1	4	2	271.6414
1	1	1	8	2	241.9994
1	1	1	16	2	216.8926
1	1	1	32	2	193.9682
1	1	2	1	2	159.3373
1	1	2	2	2	284.509
1	1	2	4	2	265.8519
1	1	2	8	2	236.684
1	1	2	16	2	212.3496
1	1	2	32	2	195.638
1	1	4	1	2	159.3586
1	1	4	2	2	287.344
1	1	4	4	2	263.2236
1	1	4	8	2	233.6544
1	1	4	16	2	213.222
1	1	4	32	2	192.0104
1	1	8	1	2	159.9943
1	1	8	2	2	284.3157
1	1	8	4	2	258.8608
1	1	8	8	2	234.4514
1	1	8	16	2	213.7046
1	1	8	32	2	190.5878
1	1	16	1	2	158.5931
1	1	16	2	2	274.4041
1	1	16	4	2	249.4864
1	1	16	8	2	227.3198
1	1	16	16	2	209.9132
1	1	16	32	2	190.856
1	1	32	1	2	157.4406
1	1	32	2	2	262.5
1	1	32	4	2	250.1954
1	1	32	8	2	226.1292
1	1	32	16	2	208.4438
1	1	32	32	2	218.12
1	2	1	1	2	161.3017
1	2	1	2	2	286.867
1	2	1	4	2	265.5717
1	2	1	8	2	226.5234
1	2	1	16	2	205.8164
1	2	1	32	2	197.5494
1	2	2	1	2	161.1923
1	2	2	2	2	287.2321
1	2	2	4	2	257.894
1	2	2	8	2	220.0666
1	2	2	16	2	210.4882
1	2	2	32	2	200.3018
1	2	4	1	2	161.0646
1	2	4	2	2	284.0766
1	2	4	4	2	251.1326
1	2	4	8	2	218.3442
1	2	4	16	2	208.1452
1	2	4	32	2	196.597
1	2	8	1	2	159.9214
1	2	8	2	2	280.1319
1	2	8	4	2	244.9996
1	2	8	8	2	218.498
1	2	8	16	2	208.7734
1	2	8	32	2	196.853
1	2	16	1	2	159.5817
1	2	16	2	2	278.0821
1	2	16	4	2	244.3022
1	2	16	8	2	213.4054
1	2	16	16	2	206.9484
1	2	16	32	2	200.0612
1	4	1	1	2	160.2866
1	4	1	2	2	273.9679
1	4	1	4	2	237.8703
1	4	1	8	2	206.963
1	4	1	16	2	201.8164
1	4	1	32	2	195.1504
1	4	2	1	2	160.3471
1	4	2	2	2	266.4418
1	4	2	4	2	233.214
1	4	2	8	2	203.802
1	4	2	16	2	200.3868
1	4	2	32	2	194.2354
1	4	4	1	2	159.9117
1	4	4	2	2	270.6046
1	4	4	4	2	236.3178
1	4	4	8	2	202.0952
1	4	4	16	2	199.9218
1	4	4	32	2	192.5636
1	4	8	1	2	160.0437
1	4	8	2	2	270.9492
1	4	8	4	2	242.8468
1	4	8	8	2	201.9556
1	4	8	16	2	197.6038
1	4	8	32	2	202.011
1	8	1	1	2	150.6186
1	8	1	2	2	263.0977
1	8	1	4	2	228.8667
1	8	1	8	2	200.1748
1	8	1	16	2	198.2238
1	8	1	32	2	189.6138
1	8	2	1	2	149.8158
1	8	2	2	2	256.931
1	8	2	4	2	228.945
1	8	2	8	2	199.1326
1	8	2	16	2	201.4392
1	8	4	1	2	150.6132
1	8	4	2	2	255.154
1	8	4	4	2	227.469
1	8	4	8	2	200.5082
1	8	4	16	2	198.4354
1	16	1	1	2	134.3471
1	16	1	2	2	242.6047
1	16	1	4	2	221.4369
1	16	1	8	2	195.7998
1	16	1	16	2	198.2596
1	16	1	32	2	171.4996
1	16	2	1	2	133.2828
1	16	2	2	2	234.8194
1	16	2	4	2	214.8548
1	16	2	8	2	195.3856
1	32	1	1	2	128.5314
1	32	1	2	2	231.3046
1	32	1	4	2	210.7842
1	32	1	8	2	196.417
1	32	1	16	2	180.7016
1	32	1	32	2	147.0612
2	1	1	1	2	127.636
2	1	1	2	2	247.1064
2	1	1	4	2	265.8921
2	1	1	8	2	226.2184
2	1	1	16	2	206.7176
2	1	1	32	2	200.251
2	1	2	1	2	161.6866
2	1	2	2	2	288.0909
2	1	2	4	2	263.5033
2	1	2	8	2	219.0442
2	1	2	16	2	209.6804
2	1	2	32	2	198.6558
2	1	4	1	2	161.4947
2	1	4	2	2	284.9869
2	1	4	4	2	260.9772
2	1	4	8	2	222.0538
2	1	4	16	2	208.5288
2	1	4	32	2	196.773
2	1	8	1	2	161.1563
2	1	8	2	2	284.7099
2	1	8	4	2	253.2062
2	1	8	8	2	219.9946
2	1	8	16	2	209.6642
2	1	8	32	2	198.7622
2	1	16	1	2	160.6109
2	1	16	2	2	273.2738
2	1	16	4	2	241.1834
2	1	16	8	2	213.8086
2	1	16	16	2	205.8142
2	1	16	32	2	195.4694
2	1	32	1	2	158.662
2	1	32	2	2	268.7214
2	1	32	4	2	243.3946
2	1	32	8	2	215.4062
2	1	32	16	2	201.1718
2	2	1	1	2	161.1746
2	2	1	2	2	280.632
2	2	1	4	2	247.1026
2	2	1	8	2	208.73
2	2	1	16	2	199.5574
2	2	1	32	2	191.4364
2	2	2	1	2	160.5837
2	2	2	2	2	275.5231
2	2	2	4	2	241.8894
2	2	2	8	2	201.783
2	2	2	16	2	201.5722
2	2	2	32	2	193.6062
2	2	4	1	2	160.9586
2	2	4	2	2	275.5012
2	2	4	4	2	229.821
2	2	4	8	2	202.5754
2	2	4	16	2	198.9362
2	2	4	32	2	194.0874
2	2	8	1	2	160.5351
2	2	8	2	2	274.754
2	2	8	4	2	236.3978
2	2	8	8	2	201.7716
2	2	8	16	2	198.4046
2	2	8	32	2	190.4684
2	2	16	1	2	159.3367
2	2	16	2	2	268.8134
2	2	16	4	2	230.248
2	2	16	8	2	197.2606
2	2	16	16	2	196.6386
2	4	1	1	2	151.5889
2	4	1	2	2	256.6701
2	4	1	4	2	228.0216
2	4	1	8	2	199.8866
2	4	1	16	2	197.4064
2	4	1	32	2	188.926
2	4	2	1	2	151.1007
2	4	2	2	2	257.6677
2	4	2	4	2	227.9043
2	4	2	8	2	200.3486
2	4	2	16	2	198.2064
2	4	2	32	2	188.654
2	4	4	1	2	149.936
2	4	4	2	2	248.2224
2	4	4	4	2	221.7608
2	4	4	8	2	198.1232
2	4	4	16	2	199.2408
2	4	8	1	2	151.561
2	4	8	2	2	253.993
2	4	8	4	2	223.081
2	4	8	8	2	196.4182
2	4	8	16	2	195.2616
2	8	1	1	2	133.79
2	8	1	2	2	242.8267
2	8	1	4	2	222.4203
2	8	1	8	2	194.8226
2	8	1	16	2	193.5964
2	8	1	32	2	169.2692
2	8	2	1	2	133.6906
2	8	2	2	2	238.3232
2	8	2	4	2	216.9142
2	8	2	8	2	194.9974
2	8	2	16	2	195.3722
2	8	2	32	2	168.9148
2	8	4	1	2	133.417
2	8	4	2	2	235.4718
2	8	4	4	2	212.0028
2	8	4	8	2	196.2158
2	16	1	1	2	128.826
2	16	1	2	2	227.2156
2	16	1	4	2	212.596
2	16	1	8	2	198.8202
2	16	1	16	2	178.7814
2	16	1	32	2	145.0782
2	16	2	1	2	128.6876
2	16	2	2	2	233.2924
2	16	2	4	2	211.7372
2	16	2	8	2	197.4448
2	16	2	16	2	178.3448
2	16	2	32	2	144.454
2	32	1	1	2	128.9088
2	32	1	2	2	233.272
2	32	1	4	2	213.464
2	32	1	8	2	176.3362
2	32	1	16	2	152.7716
2	32	1	32	2	146.3742
4	1	1	1	2	131.5106
4	1	1	2	2	253.1017
4	1	1	4	2	245.868
4	1	1	8	2	201.7036
4	1	1	16	2	199.3038
4	1	1	32	2	191.6454
4	1	2	1	2	161.6876
4	1	2	2	2	284.0903
4	1	2	4	2	248.4993
4	1	2	8	2	201.236
4	1	2	16	2	199.0678
4	1	2	32	2	193.5962
4	1	4	1	2	160.8854
4	1	4	2	2	278.3677
4	1	4	4	2	248.9727
4	1	4	8	2	206.0072
4	1	4	16	2	199.8824
4	1	4	32	2	191.4708
4	1	8	1	2	161.295
4	1	8	2	2	280.7526
4	1	8	4	2	239.9702
4	1	8	8	2	203.137
4	1	8	16	2	200.2016
4	1	8	32	2	192.811
4	1	16	1	2	160.0924
4	1	16	2	2	274.7516
4	1	16	4	2	244.9964
4	1	16	8	2	206.4156
4	1	16	16	2	200.183
4	1	16	32	2	206.412
4	1	32	1	2	159.4069
4	1	32	2	2	266.5912
4	1	32	4	2	238.4052
4	1	32	8	2	204.2854
4	1	32	16	2	199.4472
4	2	1	1	2	152.7806
4	2	1	2	2	264.7143
4	2	1	4	2	226.5164
4	2	1	8	2	198.3018
4	2	1	16	2	198.265
4	2	1	32	2	188.0796
4	2	2	1	2	151.6713
4	2	2	2	2	269.1521
4	2	2	4	2	225.8914
4	2	2	8	2	197.8486
4	2	2	16	2	199.8698
4	2	2	32	2	192.6122
4	2	4	1	2	153.0509
4	2	4	2	2	261.0194
4	2	4	4	2	219.829
4	2	4	8	2	196.7572
4	2	4	16	2	200.339
4	2	4	32	2	189.8004
4	2	8	1	2	152.4426
4	2	8	2	2	247.08
4	2	8	4	2	219.1702
4	2	8	8	2	195.3332
4	2	8	16	2	195.6318
4	2	16	1	2	150.781
4	2	16	2	2	255.4984
4	2	16	4	2	226.864
4	2	16	8	2	196.6472
4	2	16	16	2	199.063
4	4	1	1	2	133.6827
4	4	1	2	2	235.0706
4	4	1	4	2	219.1976
4	4	1	8	2	194.638
4	4	1	16	2	194.782
4	4	1	32	2	172.8726
4	4	2	1	2	134.4067
4	4	2	2	2	238.9553
4	4	2	4	2	217.8708
4	4	2	8	2	198.3736
4	4	2	16	2	196.3664
4	4	2	32	2	172.9782
4	4	4	1	2	134.7229
4	4	4	2	2	239.8854
4	4	4	4	2	214.7198
4	4	4	8	2	198.7878
4	4	4	16	2	196.5082
4	4	4	32	2	172.4552
4	4	8	1	2	133.923
4	4	8	2	2	236.383
4	4	8	4	2	216.9332
4	4	8	8	2	195.3902
4	4	8	16	2	195.8318
4	8	1	1	2	128.6887
4	8	1	2	2	231.1907
4	8	1	4	2	219.8123
4	8	1	8	2	198.5618
4	8	1	16	2	180.3468
4	8	1	32	2	145.5314
4	8	2	1	2	128.842
4	8	2	2	2	230.7926
4	8	2	4	2	211.8868
4	8	2	8	2	200.5936
4	8	2	16	2	180.7456
4	8	2	32	2	145.5938
4	8	4	1	2	128.8324
4	8	4	2	2	231.487
4	8	4	4	2	214.4864
4	8	4	8	2	200.2576
4	8	4	16	2	178.1978
4	8	4	32	2	144.3982
4	16	1	1	2	128.613
4	16	1	2	2	234.1906
4	16	1	4	2	212.6032
4	16	1	8	2	176.4582
4	16	1	16	2	153.7272
4	16	1	32	2	147.5424
4	16	2	1	2	128.7328
4	16	2	2	2	229.6178
4	16	2	4	2	211.2744
4	16	2	8	2	177.4238
4	16	2	16	2	154.5534
4	32	1	1	2	127.9032
4	32	1	2	2	226.9476
4	32	1	4	2	190.0928
4	32	1	8	2	149.7298
4	32	1	16	2	156.1012
4	32	1	32	2	107.042
8	1	1	1	2	133.4937
8	1	1	2	2	250.6113
8	1	1	4	2	225.9847
8	1	1	8	2	199.0194
8	1	1	16	2	199.2364
8	1	1	32	2	187.6646
8	1	2	1	2	151.3629
8	1	2	2	2	257.9571
8	1	2	4	2	227.5853
8	1	2	8	2	199.4824
8	1	2	16	2	200.5768
8	1	2	32	2	189.1108
8	1	4	1	2	150.7259
8	1	4	2	2	253.2261
8	1	4	4	2	220.208
8	1	4	8	2	200.919
8	1	4	16	2	200.5542
8	1	4	32	2	191.0398
8	1	8	1	2	152.578
8	1	8	2	2	255.5939
8	1	8	4	2	219.8558
8	1	8	8	2	202.7866
8	1	8	16	2	202.5788
8	1	8	32	2	189.6948
8	1	16	1	2	151.5143
8	1	16	2	2	252.2368
8	1	16	4	2	220.8592
8	1	16	8	2	194.5746
8	1	16	16	2	200.1716
8	1	32	1	2	151.8032
8	1	32	2	2	252.7636
8	1	32	4	2	217.7974
8	1	32	8	2	195.267
8	1	32	16	2	195.7844
8	2	1	1	2	133.4183
8	2	1	2	2	233.7133
8	2	1	4	2	218.1813
8	2	1	8	2	194.599
8	2	1	16	2	195.4864
8	2	1	32	2	171.547
8	2	2	1	2	133.2347
8	2	2	2	2	235.9404
8	2	2	4	2	214.6882
8	2	2	8	2	197.9966
8	2	2	16	2	199.3544
8	2	2	32	2	173.4802
8	2	4	1	2	134.4747
8	2	4	2	2	234.0141
8	2	4	4	2	217.0402
8	2	4	8	2	203.2658
8	2	4	16	2	200.8616
8	2	4	32	2	171.7582
8	2	8	1	2	133.751
8	2	8	2	2	238.7219
8	2	8	4	2	218.1672
8	2	8	8	2	194.3436
8	2	8	16	2	195.985
8	2	8	32	2	170.9148
8	2	16	1	2	133.64
8	2	16	2	2	231.9958
8	2	16	4	2	216.1008
8	2	16	8	2	195.7856
8	2	16	16	2	220.051
8	4	1	1	2	128.7421
8	4	1	2	2	233.29
8	4	1	4	2	217.6241
8	4	1	8	2	199.5968
8	4	1	16	2	178.1604
8	4	1	32	2	145.1828
8	4	2	1	2	128.6154
8	4	2	2	2	233.5054
8	4	2	4	2	214.932
8	4	2	8	2	200.8084
8	4	2	16	2	179.7706
8	4	2	32	2	145.5654
8	4	4	1	2	128.9404
8	4	4	2	2	230.6744
8	4	4	4	2	215.722
8	4	4	8	2	194.8164
8	4	4	16	2	181.404
8	4	4	32	2	147.145
8	4	8	1	2	127.882
8	4	8	2	2	235.952
8	4	8	4	2	215.9634
8	4	8	8	2	196.7546
8	4	8	16	2	179.5406
8	4	8	32	2	145.3758
8	8	1	1	2	127.845
8	8	1	2	2	225.4502
8	8	1	4	2	214.4012
8	8	1	8	2	177.3072
8	8	1	16	2	152.5448
8	8	1	32	2	146.178
8	8	2	1	2	128.4712
8	8	2	2	2	227.0998
8	8	2	4	2	214.4682
8	8	2	8	2	172.6234
8	8	2	16	2	152.431
8	8	2	32	2	162.732
8	8	4	1	2	128.992
8	8	4	2	2	230.5992
8	8	4	4	2	211.9646
8	8	4	8	2	172.724
8	8	4	16	2	153.009
8	16	1	1	2	127.5368
8	16	1	2	2	228.0484
8	16	1	4	2	193.649
8	16	1	8	2	144.4456
8	16	1	16	2	150.2716
8	16	1	32	2	105.712
8	16	2	1	2	127.3892
8	16	2	2	2	224.6482
8	16	2	4	2	196.974
8	16	2	8	2	146.5372
8	16	2	16	2	170.494
8	32	1	1	2	125.2486
8	32	1	2	2	214.6656
8	32	1	4	2	167.8178
8	32	1	8	2	137.654
8	32	1	16	2	84.12602
16	1	1	1	2	131.3087
16	1	1	2	2	231.417
16	1	1	4	2	216.1959
16	1	1	8	2	193.735
16	1	1	16	2	192.519
16	1	1	32	2	170.515
16	1	2	1	2	133.0399
16	1	2	2	2	237.8309
16	1	2	4	2	215.417
16	1	2	8	2	195.439
16	1	2	16	2	193.5138
16	1	2	32	2	170.8264
16	1	4	1	2	133.5733
16	1	4	2	2	239.2039
16	1	4	4	2	215.2646
16	1	4	8	2	198.6606
16	1	4	16	2	196.2296
16	1	4	32	2	170.9798
16	1	8	1	2	133.4981
16	1	8	2	2	238.8813
16	1	8	4	2	214.5272
16	1	8	8	2	196.3422
16	1	8	16	2	196.0882
16	1	8	32	2	171.0332
16	1	16	1	2	133.7073
16	1	16	2	2	237.0499
16	1	16	4	2	214.9922
16	1	16	8	2	196.1098
16	1	16	16	2	198.3736
16	1	16	32	2	171.8988
16	1	32	1	2	133.4806
16	1	32	2	2	241.0258
16	1	32	4	2	214.9472
16	1	32	8	2	195.6572
16	2	1	1	2	127.0694
16	2	1	2	2	224.9728
16	2	1	4	2	211.5434
16	2	1	8	2	197.1486
16	2	1	16	2	176.148
16	2	1	32	2	144.38
16	2	2	1	2	128.0546
16	2	2	2	2	226.5494
16	2	2	4	2	210.6718
16	2	2	8	2	199.607
16	2	2	16	2	178.3054
16	2	2	32	2	145
16	2	4	1	2	128.378
16	2	4	2	2	228.2214
16	2	4	4	2	209.555
16	2	4	8	2	195.5408
16	2	4	16	2	176.5938
16	2	4	32	2	146.3122
16	2	8	1	2	128.77
16	2	8	2	2	234.3162
16	2	8	4	2	214.4568
16	2	8	8	2	197.304
16	2	8	16	2	180.0804
16	2	8	32	2	146.1592
16	2	16	1	2	128.706
16	2	16	2	2	226.808
16	2	16	4	2	216.0532
16	2	16	8	2	193.7094
16	2	16	16	2	179.888
16	4	1	1	2	126.996
16	4	1	2	2	225.3616
16	4	1	4	2	212.005
16	4	1	8	2	175.8464
16	4	1	16	2	151.4452
16	4	1	32	2	145.02
16	4	2	1	2	127.637
16	4	2	2	2	227.613
16	4	2	4	2	211.6786
16	4	2	8	2	172.6998
16	4	2	16	2	152.2066
16	4	2	32	2	161.968
16	4	4	1	2	128.569
16	4	4	2	2	228.307
16	4	4	4	2	208.0596
16	4	4	8	2	177.6076
16	4	4	16	2	151.9826
16	4	8	1	2	129.5608
16	4	8	2	2	233.712
16	4	8	4	2	213.2986
16	4	8	8	2	174.1066
16	4	8	16	2	153.4794
16	8	1	1	2	124.5782
16	8	1	2	2	222.367
16	8	1	4	2	189.3694
16	8	1	8	2	145.5498
16	8	1	16	2	149.0254
16	8	1	32	2	92.69758
16	8	2	1	2	127.0296
16	8	2	2	2	227.5734
16	8	2	4	2	191.3196
16	8	2	8	2	144.4738
16	8	2	16	2	158.504
16	8	4	1	2	128.4636
16	8	4	2	2	230.3548
16	8	4	4	2	194.6642
16	8	4	8	2	144.227
16	16	1	1	2	125.0036
16	16	1	2	2	212.5928
16	16	1	4	2	164.5916
16	16	1	8	2	137.6436
16	16	1	16	2	84.13768
16	16	2	1	2	126.8208
16	16	2	2	2	211.292
16	16	2	4	2	163.495
16	16	2	8	2	133.493
16	32	1	1	2	115.7774
16	32	1	2	2	180.1638
16	32	1	4	2	163.3072
16	32	1	8	2	86.15534
32	1	1	1	2	125.2846
32	1	1	2	2	226.8446
32	1	1	4	2	204.4126
32	1	1	8	2	193.998
32	1	1	16	2	173.7426
32	1	1	32	2	143.5986
32	1	2	1	2	113.1329
32	1	2	2	2	223.5886
32	1	2	4	2	205.8102
32	1	2	8	2	197.1446
32	1	2	16	2	177.7228
32	1	2	32	2	143.738
32	1	4	1	2	126.1264
32	1	4	2	2	227.353
32	1	4	4	2	213.28
32	1	4	8	2	193.9022
32	1	4	16	2	176.6418
32	1	4	32	2	145.2164
32	1	8	1	2	127.5004
32	1	8	2	2	228.8456
32	1	8	4	2	211.4734
32	1	8	8	2	195.186
32	1	8	16	2	176.4944
32	1	8	32	2	146.4322
32	1	16	1	2	127.5768
32	1	16	2	2	227.8964
32	1	16	4	2	215.3834
32	1	16	8	2	192.2258
32	1	16	16	2	177.0368
32	1	32	1	2	128.0138
32	1	32	2	2	229.0054
32	1	32	4	2	210.9092
32	1	32	8	2	199.5296
32	1	32	16	2	178.5214
32	2	1	1	2	125.6004
32	2	1	2	2	221.8746
32	2	1	4	2	204.1358
32	2	1	8	2	174.134
32	2	1	16	2	149.7334
32	2	1	32	2	142.6206
32	2	2	1	2	126.9212
32	2	2	2	2	221.7776
32	2	2	4	2	210.0138
32	2	2	8	2	171.589
32	2	2	16	2	150.3126
32	2	2	32	2	163.402
32	2	4	1	2	128.037
32	2	4	2	2	223.2698
32	2	4	4	2	210.4706
32	2	4	8	2	171.264
32	2	4	16	2	150.7872
32	2	8	1	2	128.032
32	2	8	2	2	225.4226
32	2	8	4	2	213.8898
32	2	8	8	2	176.4444
32	2	8	16	2	152.4798
32	2	16	1	2	128.448
32	2	16	2	2	228.601
32	2	16	4	2	212.944
32	2	16	8	2	173.6518
32	2	16	16	2	149.5628
32	4	1	1	2	124.6298
32	4	1	2	2	220.744
32	4	1	4	2	189.3124
32	4	1	8	2	142.7942
32	4	1	16	2	145.2776
32	4	1	32	2	101.473
32	4	2	1	2	125.0778
32	4	2	2	2	223.9824
32	4	2	4	2	184.2226
32	4	2	8	2	142.5108
32	4	2	16	2	145.3968
32	4	4	1	2	125.8566
32	4	4	2	2	220.425
32	4	4	4	2	197.3132
32	4	4	8	2	142.1222
32	4	8	1	2	127.2554
32	4	8	2	2	225.2516
32	4	8	4	2	190.1
32	4	8	8	2	147.2464
32	8	1	1	2	122.9304
32	8	1	2	2	206.3506
32	8	1	4	2	161.1614
32	8	1	8	2	132.4782
32	8	1	16	2	81.62018
32	8	2	1	2	122.973
32	8	2	2	2	209.7208
32	8	2	4	2	161.8666
32	8	2	8	2	135.0954
32	8	4	1	2	125.6776
32	8	4	2	2	209.3488
32	8	4	4	2	159.3782
32	8	4	8	2	148.773
32	16	1	1	2	110.391
32	16	1	2	2	176.9634
32	16	1	4	2	152.0632
32	16	1	8	2	82.9426
32	16	2	1	2	115.791
32	16	2	2	2	177.8254
32	16	2	4	2	151.4596
32	32	1	1	2	98.26864
32	32	1	2	2	170.3464
32	32	1	4	2	102.271
64	1	1	1	2	121.276
64	1	1	2	2	215.171
64	1	1	4	2	202.621
64	1	1	8	2	175.801
64	1	1	16	2	161.777
64	1	1	32	2	156.187
64	1	2	1	2	125.582
64	1	2	2	2	219.071
64	1	2	4	2	215.654
64	1	2	8	2	187.701
64	1	2	16	2	160.185
64	1	2	32	2	154.7
64	1	4	1	2	126.116
64	1	4	2	2	238.439
64	1	4	4	2	227.565
64	1	4	8	2	193.531
64	1	4	16	2	165.843
64	1	8	1	2	126.478
64	1	8	2	2	228.925
64	1	8	4	2	223.449
64	1	8	8	2	182.038
64	1	8	16	2	163.328
64	1	16	1	2	128.1
64	1	16	2	2	236.712
64	1	16	4	2	218.564
64	1	16	8	2	193.397
64	1	16	16	2	170.492
64	1	32	1	2	126.558
64	1	32	2	2	238.889
64	1	32	4	2	230.006
64	1	32	8	2	195.893
64	2	1	1	2	121.217
64	2	1	2	2	215.195
64	2	1	4	2	193.108
64	2	1	8	2	157.558
64	2	1	16	2	146.292
64	2	1	32	2	93.5008
64	2	2	1	2	124.588
64	2	2	2	2	224.323
64	2	2	4	2	200.066
64	2	2	8	2	153.502
64	2	2	16	2	163.538
64	2	4	1	2	125.147
64	2	4	2	2	234.485
64	2	4	4	2	196.685
64	2	4	8	2	154.838
64	2	4	16	2	162.821
64	2	8	1	2	116.318
64	2	8	2	2	227.885
64	2	8	4	2	203.685
64	2	8	8	2	152.485
64	2	16	1	2	126.484
64	2	16	2	2	240.802
64	2	16	4	2	216.559
64	2	16	8	2	153.438
64	4	1	1	2	121.131
64	4	1	2	2	205.809
64	4	1	4	2	172.023
64	4	1	8	2	144.687
64	4	1	16	2	88.0495
64	4	2	1	2	115.223
64	4	2	2	2	206.958
64	4	2	4	2	171.743
64	4	2	8	2	142.683
64	4	4	1	2	122.208
64	4	4	2	2	213.764
64	4	4	4	2	170.365
64	4	4	8	2	149.449
64	4	8	1	2	120.593
64	4	8	2	2	220.747
64	4	8	4	2	180.082
64	8	1	1	2	108.711
64	8	1	2	2	166.308
64	8	1	4	2	157.032
64	8	1	8	2	88.9283
64	8	2	1	2	108.473
64	8	2	2	2	179.433
64	8	2	4	2	159.669
64	8	4	1	2	109.634
64	8	4	2	2	182.473
64	8	4	4	2	164.657
64	16	1	1	2	95.6701
64	16	1	2	2	166.291
64	16	1	4	2	105.416
64	16	2	1	2	100.301
