1	4	1	8	2	714.249
1	8	1	8	2	1346.39
1	4	1	16	2	1379.18
1	8	1	4	2	690.6318333
2	8	1	8	2	1296.69
1	1	1	32	2	725.28
2	4	1	8	2	667.179
1	16	1	4	2	1354.893333
4	4	1	8	2	681.75
2	8	1	4	2	652.6728333
1	4	1	32	2	2782.91
1	16	1	8	2	2725.56
8	4	1	8	2	679.778
4	8	1	8	2	1295.23
2	4	1	16	2	1344.22
1	32	1	8	2	5277.47
1	1	1	16	2	553.609
1	2	1	8	2	515.39
1	2	1	16	2	1012
1	4	1	4	2	518.1946667
2	16	1	8	2	2580.72
16	1	16	8	2	2088.5
2	4	1	4	2	506.0586667
2	2	1	8	2	512.383
8	1	8	8	2	976.224
2	1	1	32	2	844.523
4	4	1	4	2	505.8405
2	1	1	16	2	552.438
2	2	1	16	2	1010.66
8	2	8	8	2	2144.66
1	8	1	32	2	5390.73
1	2	1	32	2	2028.01
1	16	1	16	2	5382.69
1	8	1	16	2	2693.02
4	1	1	16	2	566.033
4	2	1	16	2	1031
16	1	8	8	2	982.465
16	2	16	8	2	4271.65
4	2	1	8	2	517.587
2	8	1	16	2	2586.77
32	1	32	8	2	4248.48
8	2	1	8	2	519.782
1	32	1	4	2	2654.75
4	4	1	16	2	1407.91
8	4	8	8	2	4307.97
16	2	8	8	2	2026.48
16	1	16	4	2	1046.51
4	1	1	32	2	864.889
32	1	32	4	2	2138.07
16	2	16	4	2	2141.84
8	1	8	4	2	508.764
8	2	8	4	2	1059.01
8	1	8	16	2	1924.64
2	16	1	4	2	1299.63
16	2	1	8	2	526.558
32	1	8	8	2	961.138
2	2	1	32	2	2028.74
32	1	16	8	2	2017.65
2	32	1	4	2	2551.61
16	1	32	4	2	1697.46
8	4	8	4	2	2155.09
32	1	8	4	2	496.909
32	1	16	4	2	1017.18
4	16	1	4	2	1302.53
16	1	8	4	2	490.006
4	8	1	4	2	649.622
8	2	8	16	2	4092.73
2	4	1	32	2	2808.68
8	4	1	4	2	502.632
4	16	1	8	2	2142.95
8	1	1	16	2	582.647
2	32	1	8	2	4258.91
16	1	32	8	2	3385.77
16	4	8	4	2	2115.57
16	2	8	4	2	1023.4
16	1	16	16	2	4204.51
16	1	1	16	2	591.288
8	8	1	4	2	641.663
32	2	16	4	2	2101.41
32	2	8	4	2	1039.67
8	8	1	8	2	1074.58
8	2	1	16	2	1044.27
16	4	1	4	2	500.493
4	8	1	16	2	2148.56
4	1	4	8	2	368.856
8	1	4	8	2	359.824
1	32	1	16	2	8764.17
16	1	8	16	2	1939.49
1	1	4	8	2	351.688
1	16	1	2	2	688.082
2	1	4	8	2	357.031
16	4	1	8	2	582.941
8	1	8	32	2	3909.76
4	2	1	32	2	2079.66
8	1	32	4	2	1385.92
1	1	4	16	2	677.494
1	1	4	32	2	1358.42
8	1	1	32	2	932.449
32	2	16	8	2	3526.89
32	2	8	8	2	1724.75
16	1	4	8	2	382.656
4	1	4	32	2	1515.18
2	1	4	16	2	677.847
8	1	4	16	2	769.328
8	1	32	8	2	2771.66
2	1	4	32	2	1434.52
1	16	1	32	2	8959.21
4	2	4	4	2	324.278
2	16	1	16	2	4299.27
4	32	1	4	2	2138.1
1	1	1	8	2	320.7743333
8	1	1	8	2	329.422
8	2	4	4	2	322.768
16	2	4	4	2	338.026
4	1	1	8	2	326.135
4	2	4	8	2	650.246
2	1	1	8	2	320.393
1	8	1	2	2	345.8571667
8	16	1	4	2	1068.19
1	2	4	4	2	315.055
2	2	4	16	2	1270.07
16	8	1	4	2	531.719
1	2	4	16	2	1235.49
16	1	32	16	2	6788.52
2	1	8	8	2	610.38
8	2	4	8	2	662.31
2	1	8	4	2	310.934
2	2	4	32	2	2671.7
4	1	8	4	2	312.064
8	4	1	16	2	1168.54
4	2	4	16	2	1335.88
4	2	1	4	2	305.5853333
32	4	8	4	2	1770.27
32	1	1	16	2	495.403
16	1	1	8	2	332.379
8	4	8	16	2	7128.26
2	2	4	4	2	306.047
4	1	8	16	2	1251.96
2	2	1	4	2	301.2021667
2	8	1	2	2	326.4841667
8	2	1	4	2	306.141
1	2	4	8	2	595.762
2	1	8	16	2	1229.13
2	2	4	8	2	658.687
32	1	8	16	2	1587.36
1	2	4	32	2	2443.87
1	2	1	4	2	299.7525
16	1	1	32	2	809.428
1	1	8	8	2	587.257
4	1	8	8	2	623.149
2	4	8	4	2	1189.37
1	1	8	16	2	1179.81
1	4	4	16	2	2443.73
32	1	1	8	2	331.844
32	1	32	16	2	7126.17
16	2	16	16	2	7113.13
1	1	8	4	2	302.501
2	4	8	8	2	2382.02
16	2	1	16	2	881.793
16	2	1	4	2	306.882
4	4	1	32	2	2417.93
16	4	8	8	2	3523.66
1	1	8	32	2	2364.25
1	4	8	4	2	1158.02
2	2	8	4	2	574.111
1	4	8	8	2	2325.25
1	1	4	4	2	293.826
2	1	4	4	2	299.045
2	1	8	32	2	2453.91
32	1	16	16	2	3340.99
1	8	4	4	2	1141.39
4	2	8	4	2	571.674
32	4	1	8	2	418.202
16	1	16	32	2	6752.77
4	4	8	4	2	1147.95
8	1	4	4	2	284.326
2	4	8	16	2	4742.01
4	4	4	8	2	1176.63
4	4	4	4	2	571.995
2	8	1	32	2	4310
16	2	8	16	2	3290
4	32	1	8	2	3207.54
2	2	8	16	2	2311.32
1	4	8	16	2	4647.41
4	4	8	8	2	2289.68
2	2	8	8	2	1149.52
4	2	8	8	2	1136.25
4	8	4	4	2	1156.55
16	1	4	4	2	288.904
1	2	8	4	2	552.501
1	2	8	8	2	1107.97
32	1	4	4	2	298.192
1	4	4	4	2	546.115
8	2	8	32	2	7118
1	8	4	8	2	2284.31
32	4	1	4	2	412.805
4	1	16	4	2	539.279
1	2	8	16	2	2218.45
32	2	1	4	2	304.882
8	4	4	4	2	569.384
1	4	4	8	2	1101.86
4	1	16	8	2	1078.84
1	4	4	32	2	4446.64
1	2	8	32	2	4428
8	1	16	8	2	1086.06
8	2	1	32	2	1765.37
8	1	16	4	2	536.839
1	1	2	8	2	267.952
1	8	4	16	2	4566.14
2	8	4	4	2	1059.19
2	1	2	16	2	528.898
1	1	2	16	2	518.222
4	1	16	16	2	2170.34
8	16	1	8	2	1601.54
2	1	2	8	2	260.858
2	1	16	4	2	504.127
32	2	1	8	2	437.519
1	2	2	16	2	504.324
1	4	1	2	2	259.2128333
2	1	16	8	2	1003.14
2	8	4	8	2	2125.14
4	2	16	4	2	1006.36
2	16	1	32	2	6439.22
1	2	2	8	2	252.1
2	4	1	2	2	253.547
4	1	2	8	2	253.618
2	1	16	16	2	2020.01
2	1	2	32	2	1040.8
4	1	2	16	2	509.53
2	4	4	4	2	492.55
1	1	2	32	2	1038.7
2	4	4	8	2	997.009
2	2	16	8	2	1976.46
4	4	1	2	2	252.6296667
4	2	16	8	2	2009.37
1	2	2	4	2	251.515
2	2	16	4	2	986.139
16	8	1	8	2	800.297
8	2	16	4	2	992.216
2	2	2	4	2	243.129
8	1	2	8	2	247.596
2	1	16	32	2	4034.49
2	4	4	16	2	1960.14
2	2	2	8	2	242.105
8	4	1	32	2	1708.25
2	2	16	16	2	3944.85
2	32	1	16	2	6374.8
4	2	2	8	2	244.008
1	2	2	32	2	951.068
4	2	2	4	2	238.491
1	1	16	8	2	928.852
32	2	16	16	2	5275.12
8	32	1	4	2	1592.83
4	2	4	2	2	270.79
4	1	16	2	2	281.484
1	1	16	4	2	458.405
2	2	4	2	2	299.511
2	4	8	2	2	598.022
2	2	16	2	2	502.405
1	2	4	2	2	277.883
1	1	16	16	2	1860.99
4	4	4	2	2	393.168
4	1	8	2	2	238.559
1	2	8	2	2	311.805
32	4	8	8	2	2660.87
1	32	1	2	2	1316.15
4	2	16	2	2	508.416
4	8	1	32	2	3232.46
4	2	8	2	2	339.716
8	2	16	2	2	501.539
8	2	8	2	2	597.548
8	1	16	2	2	287.082
1	4	8	2	2	589.557
2	16	1	2	2	651.108
16	16	1	4	2	794.595
16	2	16	2	2	1087.15
8	2	4	2	2	279.443
2	8	4	2	2	535.615
16	1	16	2	2	577.334
16	1	32	2	2	857.44
4	4	8	2	2	575.668
8	1	32	2	2	697.581
1	2	16	2	2	472.392
8	4	4	2	2	357.6
8	1	8	2	2	319.473
1	4	4	2	2	374.246
32	1	16	2	2	556.794
2	4	4	2	2	355.273
1	2	16	4	2	904.147
1	32	1	32	2	13147.5
1	2	16	8	2	1816.01
1	8	4	2	2	579.989
32	1	32	2	2	1082.59
2	1	8	2	2	243.791
8	32	1	8	2	3191.3
8	4	8	2	2	1087.13
1	4	2	8	2	443.599
32	8	1	4	2	396.808
32	2	16	2	2	1059.03
8	2	2	4	2	231.225
8	8	1	16	2	1608.43
16	2	8	2	2	568.56
4	8	4	2	2	578.397
1	1	16	32	2	3634.53
4	8	1	2	2	326.027
2	32	1	2	2	1271.48
8	2	2	2	2	223.807
4	16	1	16	2	3220.61
16	2	4	2	2	277.547
16	4	8	16	2	5301.84
1	2	16	16	2	3618.08
16	1	8	2	2	305.921
4	16	1	2	2	648.899
4	1	2	4	2	222.648
2	1	16	2	2	270.556
2	2	8	2	2	332.718
8	8	4	2	2	571.232
32	1	8	2	2	304.026
16	4	8	2	2	1058.49
32	2	8	16	2	2556.14
32	2	8	2	2	558.949
4	32	1	2	2	1280.32
1	4	2	2	2	224.126
8	4	1	2	2	252.546
4	2	2	2	2	217.527
1	4	2	4	2	215.667
1	1	2	4	2	216.062
32	4	8	2	2	1068.38
16	4	4	2	2	383.433
1	1	16	2	2	237.03
8	1	2	4	2	217.166
16	2	2	2	2	222.993
16	4	1	16	2	872.71
8	8	1	2	2	323.457
32	1	1	32	2	537.309
1	2	16	32	2	7246.87
2	1	2	4	2	216.257
16	1	2	4	2	219.909
2	4	2	2	2	215.077
8	16	1	2	2	641.93
1	4	2	16	2	849.031
2	2	2	16	2	456.557
32	2	1	16	2	655.338
32	8	1	8	2	793.076
2	2	2	2	2	214.367
1	1	8	2	2	226.689
4	4	2	2	2	212.607
32	4	1	16	2	835.481
32	2	4	2	2	286.069
1	2	2	2	2	216.126
2	4	2	8	2	413.453
16	4	1	2	2	249.181
2	4	2	4	2	205.576
4	32	1	16	2	6371.89
8	4	2	2	2	215.82
2	32	1	32	2	12725.9
8	16	1	16	2	3207.19
16	8	1	2	2	321.596
8	4	8	32	2	10709.9
8	32	1	2	2	1063.66
16	1	8	32	2	3327.76
4	1	4	16	2	717.63
16	16	1	8	2	1585.05
8	1	4	2	2	193.028
32	4	8	16	2	5328.23
2	1	4	2	2	204.519
16	1	4	2	2	191.877
4	1	4	4	2	277.953
4	16	1	32	2	6448.5
16	2	8	32	2	5012.92
32	4	1	2	2	247.428
32	16	1	4	2	787.589
16	16	1	2	2	530.272
32	1	4	2	2	192.316
8	8	1	32	2	3228.04
4	1	4	2	2	186.317
4	4	2	4	2	188.835
16	2	1	32	2	1311.72
8	2	8	1	2	312.4605
4	1	32	4	2	728.87
4	1	32	2	2	364.282
1	1	4	2	2	190.8535
4	1	32	8	2	1455.85
1	16	1	1	2	341.7555
16	32	1	4	2	1593.51
1	8	2	4	2	358.007
1	8	2	8	2	711.105
1	8	2	2	2	177.232
8	1	1	4	2	175.7593333
4	1	32	16	2	2911.39
16	1	1	4	2	176.4671667
4	1	1	4	2	174.228
1	2	8	1	2	211.2486667
2	1	1	4	2	171.4653333
32	1	1	4	2	177.077
2	8	2	2	2	175.042
2	8	2	4	2	345.944
1	1	1	4	2	170.1073333
32	2	1	32	2	1328.05
16	4	8	32	2	10543.3
16	8	1	16	2	1602.26
32	8	1	2	2	264.007
4	8	2	2	2	170.292
8	1	8	1	2	175.894
2	1	32	4	2	648.648
2	1	32	2	2	324.438
2	1	32	8	2	1297.05
2	1	32	16	2	2594.19
1	2	4	1	2	173.8495
16	32	1	2	2	793.537
1	8	1	1	2	172.9681667
2	1	32	32	2	5189.23
16	1	8	1	2	164.6853333
16	4	1	32	2	1795.37
8	2	1	2	2	153.5666667
4	2	1	2	2	152.6491667
2	8	1	1	2	163.1533333
32	16	1	2	2	397.523
2	2	1	2	2	150.736
16	2	1	2	2	153.608
1	2	1	2	2	149.6476667
8	1	2	2	2	144.375
1	1	32	2	2	296.312
1	1	32	4	2	590.455
32	2	1	2	2	152.467
1	1	32	8	2	1179.81
16	1	2	2	2	144.396
1	1	32	16	2	2360.19
32	1	2	2	2	146.361
4	1	2	2	2	142.397
1	1	32	32	2	4720.4
2	1	8	1	2	143.9541667
2	1	2	2	2	137.43
1	16	2	2	2	271.236
1	16	2	4	2	538.578
4	32	1	32	2	6404.25
1	1	16	1	2	152.6855
1	1	2	2	2	133.49
32	32	1	2	2	791.869
2	16	2	2	2	261.818
1	4	1	1	2	129.6185
1	1	32	1	2	147.1531667
2	4	1	1	2	126.8838333
8	16	1	32	2	3197.54
4	4	1	1	2	126.5353333
32	16	1	8	2	789.42
1	1	8	1	2	134.0915
4	1	8	1	2	145.996
1	4	4	1	2	255.888
2	2	2	1	2	129.539
2	4	4	1	2	240.407
1	8	4	1	2	288.338
2	4	8	1	2	298.617
4	4	4	1	2	231.399
2	16	1	1	2	324.808
2	8	4	1	2	266.554
2	2	16	1	2	248.873
4	2	4	1	2	177.954
2	4	2	1	2	201.986
2	2	8	1	2	229.663
1	32	1	1	2	662.669
4	2	8	1	2	228.26
1	4	8	1	2	294.154
1	4	2	1	2	205.666
4	1	32	1	2	181.994
16	1	16	1	2	314.44
4	4	2	1	2	203.072
2	2	4	1	2	197.016
8	32	1	16	2	3179.86
2	1	32	1	2	161.861
16	1	32	1	2	420.456
1	16	2	1	2	135.382
16	32	1	8	2	1577.82
4	1	16	1	2	181.425
1	8	2	1	2	180.574
4	2	2	1	2	133.638
2	1	4	1	2	122.0031667
2	8	2	1	2	172.241
4	4	8	1	2	286.435
8	1	16	1	2	182.776
2	1	16	1	2	169.541
16	2	16	1	2	541.726
2	16	2	1	2	130.95
4	8	2	1	2	167.925
4	8	4	1	2	288.128
1	2	2	1	2	127.429
16	4	8	1	2	530.783
8	2	2	1	2	135.14
32	1	16	1	2	299.97
32	4	1	32	2	847.417
8	4	2	1	2	201.139
8	2	4	1	2	178.47
32	2	16	1	2	530.19
4	8	1	1	2	162.935
8	2	16	1	2	249.705
16	4	2	1	2	201.718
4	2	16	1	2	252.777
8	4	8	1	2	545.124
32	1	8	1	2	163.929
2	32	1	1	2	637.289
16	2	2	1	2	135.735
4	1	4	1	2	118.959
4	32	1	1	2	640.286
16	1	4	1	2	124.255
16	16	1	16	2	1592.22
16	8	1	32	2	1600.44
32	4	8	1	2	538.661
4	16	1	1	2	323.81
8	4	1	1	2	125.917
8	8	4	1	2	285.152
32	1	4	1	2	125.069
8	1	32	1	2	347.513
32	1	32	1	2	540.072
32	2	8	1	2	300.515
8	8	2	1	2	165.133
16	2	8	1	2	300.302
1	2	16	1	2	234.847
16	2	4	1	2	178.958
32	32	1	4	2	791.074
8	4	4	1	2	229.807
32	2	4	1	2	177.446
8	8	1	1	2	161.16
32	2	2	1	2	135.966
8	32	1	1	2	638.866
16	8	4	1	2	283.604
8	16	1	1	2	322.843
16	4	1	1	2	124.842
32	4	4	1	2	235.386
4	16	2	1	2	126.593
16	4	4	1	2	228.796
32	8	1	16	2	793.225
16	8	1	1	2	160.045
16	16	1	1	2	317.846
32	4	1	1	2	123.64
1	1	4	1	2	111.129
8	1	4	1	2	122.234
16	32	1	1	2	526.125
32	8	1	1	2	158.864
32	16	1	1	2	264.022
16	1	1	2	2	88.2611
32	32	1	1	2	393.692
32	1	1	2	2	88.416
4	1	1	2	2	87.02926667
8	1	1	2	2	87.84155
2	1	1	2	2	85.71431667
1	1	1	2	2	84.99258333
32	1	2	1	2	78.717
16	1	2	1	2	77.9197
8	2	1	1	2	76.75953333
4	2	1	1	2	76.48113333
16	2	1	1	2	76.7799
2	2	1	1	2	75.35413333
4	1	2	1	2	75.2534
8	1	2	1	2	76.879
32	2	1	1	2	76.4512
8	32	1	32	2	3178.61
1	2	1	1	2	74.88533333
2	1	2	1	2	72.8636
16	16	1	32	2	1588.08
32	32	1	8	2	786.99
1	1	2	1	2	70.2657
32	8	1	32	2	795.866
16	32	1	16	2	1582.98
32	16	1	16	2	790.416
32	1	1	1	2	44.2126
8	1	1	1	2	43.90963333
16	1	1	1	2	44.11458333
4	1	1	1	2	43.5324
2	1	1	1	2	42.85298333
1	1	1	1	2	42.49333333
